Index,File,CVcalc,OptTime,CrFinal,Cr1,T1,Cr2,T2...
0,random graphs/triangle/r1.5k18n12/graph0.lgbin,2017,266.22604274749756,322,688,0,564,0.16463065147399902,525,0.3522467613220215,488,0.4850749969482422,434,0.6769819259643555,420,0.9325838088989258,402,1.3083751201629639,388,1.4811911582946777,370,1.8177690505981445,370,2.0203444957733154,362,2.151885509490967,357,2.339824914932251,355,2.4742281436920166,352,2.6638433933258057,346,2.79938006401062,346,3.0357296466827393,346,3.153491258621216,346,4.986218690872192,346,5.129922151565552,344,5.482542514801025,344,5.842027187347412,343,5.972724437713623,343,6.18950080871582,343,8.693233728408813,343,8.967111825942993,343,9.22993540763855,343,9.339921236038208,341,9.465986013412476,340,9.633309364318848,339,9.828463792800903,339,9.95613169670105,339,10.060110807418823,339,10.272348403930664,339,10.45071530342102,339,10.698293924331665,339,10.801195621490479,337,10.942525386810303,337,11.210347175598145,337,11.395803689956665,337,11.640151977539062,337,11.738258600234985,336,11.975923776626587,336,12.16209626197815,336,12.373409986495972,336,12.466912984848022,336,12.609808683395386,336,12.715893268585205,336,14.803917407989502,336,14.933676719665527,336,15.200533866882324,336,15.302628517150879,336,15.40322494506836,336,17.71084213256836,336,17.98814558982849,336,18.175107955932617,336,18.26717734336853,336,18.369577169418335,336,18.497339248657227,336,18.77576446533203,336,18.976218700408936,336,19.282288312911987,336,19.464611530303955,336,19.666415452957153,336,19.84176278114319,336,20.073100566864014,336,20.19074058532715,336,20.380359411239624,336,20.56761145591736,336,20.78651738166809,336,23.63204526901245,336,23.765929460525513,336,23.95358395576477,336,24.0880389213562,336,24.236969709396362,336,24.38931679725647,336,24.5630362033844,336,24.663022756576538,336,24.796866178512573,336,24.99391508102417,336,25.19990348815918,336,25.394020557403564,336,25.6094651222229,336,25.729673862457275,336,26.030123710632324,336,26.18035364151001,336,28.289894104003906,336,28.46646237373352,336,28.609290838241577,336,28.703485250473022,336,28.89335060119629,336,29.140755653381348,336,29.269458532333374,336,29.37754535675049,336,29.472771644592285,336,29.643959283828735,336,29.736655950546265,336,29.979186058044434,336,30.2694571018219,336,30.40597414970398,336,30.644081354141235,336,30.92046570777893,336,31.041524648666382,336,31.13615894317627,336,32.53722786903381,336,32.64095878601074,336,32.76955056190491,336,33.061580657958984,335,33.278480052948,335,33.547234535217285,335,33.67385792732239,335,33.77210450172424,335,36.55016350746155,335,38.50449752807617,335,38.62209224700928,335,38.76908993721008,335,38.893959522247314,335,39.07402491569519,335,39.16417074203491,335,39.39913058280945,335,39.53809690475464,335,40.944883584976196,335,41.22122526168823,335,41.413299322128296,335,41.59818387031555,335,43.260417461395264,335,45.07299494743347,335,45.25375819206238,335,45.52705764770508,335,45.71196961402893,335,45.90620255470276,335,45.99154305458069,335,46.17580318450928,335,46.45244598388672,335,46.543625831604004,335,46.63883137702942,335,49.34488558769226,335,49.443033933639526,335,49.552879095077515,335,49.65006422996521,335,49.794809103012085,335,50.020954608917236,335,51.89798021316528,335,53.841063499450684,335,53.93416666984558,335,54.143688440322876,335,54.25746035575867,335,55.68809199333191,335,56.039947271347046,335,56.189964294433594,335,56.63783884048462,335,58.231667280197144,335,58.49013090133667,335,58.60633659362793,335,58.814738035202026,335,61.478452920913696,335,61.64538645744324,335,61.73749113082886,335,61.83265519142151,335,62.01462697982788,335,62.285212993621826,335,62.49538445472717,335,62.59446883201599,335,62.717809200286865,334,62.99393963813782,332,63.187171459198,332,63.38616442680359,331,63.569785833358765,331,63.75498628616333,331,63.9494423866272,331,64.13757538795471,331,64.22902870178223,331,64.50365090370178,331,64.7497911453247,331,64.8420045375824,331,64.98675656318665,331,65.08778786659241,331,65.18561387062073,331,65.48821663856506,331,65.57789397239685,331,65.72480201721191,331,66.00018787384033,331,66.1810781955719,331,66.42347764968872,331,66.71587300300598,331,66.81771731376648,331,66.95813798904419,331,67.152902841568,331,67.37924933433533,331,67.47874879837036,331,67.6194818019867,331,67.82650375366211,331,68.04678845405579,331,68.24117159843445,331,68.42573189735413,331,68.61346912384033,331,68.80543804168701,331,70.76838231086731,331,70.89575028419495,331,71.1469476222992,331,71.42770910263062,331,71.64256620407104,331,71.7424521446228,331,73.70776081085205,331,73.79808759689331,331,73.98249459266663,331,74.19850659370422,331,74.4263596534729,331,74.52770495414734,331,74.80959343910217,331,74.90422582626343,331,75.23497414588928,331,75.42199563980103,331,75.51749348640442,331,75.6155800819397,331,75.71826100349426,331,77.78021454811096,331,78.00256419181824,331,78.19456338882446,331,78.36219453811646,331,79.78826093673706,331,79.93383026123047,331,80.11873745918274,331,80.24578905105591,331,80.36428189277649,331,80.54301881790161,331,80.66852402687073,331,80.84958362579346,331,81.05604720115662,331,81.15091943740845,331,82.54930996894836,331,82.64250159263611,331,82.83001947402954,331,83.01007771492004,331,83.1956422328949,329,83.31558012962341,329,83.4169294834137,329,83.64896178245544,329,83.89406704902649,329,84.12120008468628,329,84.36330676078796,329,84.66508412361145,329,87.11729097366333,329,87.30528593063354,329,87.43741011619568,329,87.53705549240112,329,87.63282108306885,329,87.89093351364136,329,87.99263334274292,329,88.29541206359863,329,88.57612323760986,328,88.77860403060913,325,88.9498782157898,325,91.31635165214539,322,91.44438123703003,322,91.54487299919128,322,91.81390452384949,322,92.01342272758484,322,92.26645588874817,322,94.18795609474182,322,94.41189455986023,322,94.53082227706909,322,94.7218542098999,322,94.90313863754272,322,95.11411929130554,322,95.21109819412231,322,95.43428707122803,322,95.58100652694702,322,95.78492140769958,322,95.98382997512817,322,96.282949924469,322,96.39199924468994,322,96.48831915855408,322,96.73234915733337,322,98.14174580574036,322,98.2409975528717,322,98.3748791217804,322,98.47087216377258,322,98.66004204750061,322,98.78481078147888,322,99.0810968875885,322,99.29016208648682,322,99.55071544647217,322,99.80786085128784,322,99.98587131500244,322,100.15195679664612,322,100.36718010902405,322,100.51880407333374,322,100.69449925422668,322,100.84291887283325,322,100.93630409240723,322,101.0551495552063,322,101.24847173690796,322,101.3790979385376,322,101.55921506881714,322,101.80855059623718,322,103.45517706871033,322,104.88585877418518,322,105.07832765579224,322,106.9003005027771,322,107.02290511131287,322,107.3001298904419,322,107.52434372901917,322,107.65493154525757,322,107.92973947525024,322,108.12653470039368,322,108.42207765579224,322,108.69422388076782,322,108.95648264884949,322,109.23753094673157,322,109.37784481048584,322,109.5730254650116,322,109.7741014957428,322,109.95139622688293,322,110.05567240715027,322,110.26381230354309,322,110.3545892238617,322,110.52986979484558,322,110.63215446472168,322,110.80806922912598,322,111.03276109695435,322,111.13270139694214,322,111.27301168441772,322,111.38145971298218,322,111.53120350837708,322,111.77891516685486,322,111.97935962677002,322,112.0749819278717,322,112.31932473182678,322,112.56059098243713,322,112.6681056022644,322,114.99478483200073,322,115.11849117279053,322,115.38950872421265,322,115.68494963645935,322,115.94167709350586,322,116.04511547088623,322,116.14012312889099,322,116.36892318725586,322,116.64822053909302,322,116.84979891777039,322,117.10411810874939,322,117.23493194580078,322,117.32731080055237,322,117.6088752746582,322,117.79595732688904,322,118.03270053863525,322,118.31984281539917,322,118.42082214355469,322,118.59577631950378,322,118.8866810798645,322,119.1297562122345,322,119.38184452056885,322,119.47411966323853,322,121.1558768749237,322,121.3377890586853,322,121.42836093902588,322,121.67979502677917,322,121.80936932563782,322,121.93705558776855,322,122.20310831069946,322,122.44296884536743,322,122.66600942611694,322,122.75873231887817,322,123.27030897140503,322,123.49733710289001,322,123.59399747848511,322,123.73150849342346,322,123.82717156410217,322,124.03335380554199,322,124.22555899620056,322,124.33780312538147,322,124.45983219146729,322,124.55222797393799,322,124.65314483642578,322,124.75681471824646,322,124.95819759368896,322,125.07641458511353,322,125.1661684513092,322,125.28726506233215,322,125.38079285621643,322,125.56229901313782,322,125.65612697601318,322,125.80798268318176,322,126.04625606536865,322,126.24470090866089,322,126.4478120803833,322,126.53360915184021,322,126.78501963615417,322,126.90584111213684,322,127.17186570167542,322,127.41039276123047,322,127.59187245368958,322,127.72188663482666,322,130.0795030593872,322,131.4626636505127,322,131.71850109100342,322,131.817932844162,322,133.8283190727234,322,133.96857070922852,322,134.15278339385986,322,134.3580198287964,322,134.62746214866638,322,134.77258110046387,322,135.0026092529297,322,135.2359549999237,322,137.98828291893005,322,138.24666118621826,322,138.43803596496582,322,140.20164012908936,322,140.46742725372314,322,140.56383228302002,322,140.7326226234436,322,140.9160852432251,322,141.09363508224487,322,141.27282047271729,322,141.44585943222046,322,141.5484573841095,322,141.64123582839966,322,141.83367252349854,322,141.94261407852173,322,142.13365769386292,322,142.3035066127777,322,142.54803276062012,322,142.64820742607117,322,142.8457489013672,322,142.9571053981781,322,143.0562710762024,322,143.19015216827393,322,143.31153964996338,322,143.44761085510254,322,143.5799684524536,322,143.75578355789185,322,143.9746470451355,322,144.0972981452942,322,144.19378852844238,322,144.29050302505493,322,144.42797350883484,322,144.52059602737427,322,144.71077036857605,322,144.9931025505066,322,145.1004900932312,322,145.19084668159485,322,145.31504249572754,322,145.5027310848236,322,145.85048747062683,322,146.002108335495,322,147.8883671760559,322,148.18737888336182,322,149.6081519126892,322,149.78896021842957,322,149.97503852844238,322,152.01518988609314,322,152.13590168952942,322,155.07483339309692,322,155.30700826644897,322,155.4292562007904,322,155.60829782485962,322,155.72973155975342,322,155.96145796775818,322,156.13209295272827,322,156.31238079071045,322,156.50038385391235,322,158.03574585914612,322,158.13349270820618,322,158.30278944969177,322,158.42633366584778,322,158.53534173965454,322,158.72837495803833,322,158.86103415489197,322,159.14821863174438,322,159.40296339988708,322,159.49020099639893,322,161.71395468711853,322,161.8428990840912,322,162.0240457057953,322,162.22832036018372,322,162.3328378200531,322,162.4225242137909,322,164.50268054008484,322,164.718829870224,322,166.62623929977417,322,166.96096992492676,322,167.05324721336365,322,167.31216979026794,322,167.43405437469482,322,167.6441674232483,322,167.93349480628967,322,168.13956451416016,322,168.26680064201355,322,168.4340043067932,322,168.52306389808655,322,168.7340898513794,322,168.9958782196045,322,169.28149318695068,322,169.41827583312988,322,169.52592611312866,322,169.61759424209595,322,169.7660014629364,322,169.86940479278564,322,170.04158854484558,322,170.27253413200378,322,170.45167803764343,322,170.73186683654785,322,170.89226961135864,322,170.98372530937195,322,172.82791924476624,322,172.94804000854492,322,173.16873908042908,322,173.4225640296936,322,173.5946946144104,322,173.6936309337616,322,173.927241563797,322,174.02460050582886,322,174.3069930076599,322,174.4089937210083,322,174.50463724136353,322,174.7296016216278,322,174.92064833641052,322,175.13329482078552,322,175.39368772506714,322,175.50757551193237,322,177.81088376045227,322,178.0799651145935,322,178.26552200317383,322,178.35719847679138,322,178.54378247261047,322,178.81525182724,322,178.9694128036499,322,179.13780307769775,322,179.3240294456482,322,179.5150911808014,322,179.72561478614807,322,179.91415429115295,322,180.15487551689148,322,180.29070496559143,322,180.4077377319336,322,180.6580204963684,322,180.85996675491333,322,180.99192261695862,322,181.2105770111084,322,181.3049669265747,322,183.5402331352234,322,183.7926526069641,322,183.97472977638245,322,184.24932217597961,322,186.93178129196167,322,187.17212462425232,322,187.3049235343933,322,187.47719049453735,322,187.6150827407837,322,187.79660725593567,322,188.0100553035736,322,188.102703332901,322,188.2827341556549,322,188.37651801109314,322,188.6351833343506,322,188.76103138923645,322,188.9433605670929,322,189.06713032722473,322,189.20544004440308,322,191.01146602630615,322,191.20359683036804,322,191.31976890563965,322,191.61958861351013,322,191.8065745830536,322,191.93340229988098,322,192.06136012077332,322,193.7525453567505,322,193.84636855125427,322,193.94257760047913,322,194.0625514984131,322,194.32071447372437,322,197.6349494457245,322,199.53389763832092,322,199.78184533119202,322,199.96798467636108,322,200.06317472457886,322,202.16550493240356,322,202.3533353805542,322,204.47025775909424,322,204.5933403968811,322,207.31508088111877,322,207.50345420837402,322,207.62722325325012,322,207.75751113891602,322,208.06493401527405,322,208.32697415351868,322,208.5836238861084,322,208.77171921730042,322,210.5012810230255,322,210.74462413787842,322,211.03855299949646,322,211.13582038879395,322,211.27306652069092,322,211.46158719062805,322,211.77440428733826,322,211.86940550804138,322,213.8956434726715,322,214.00460386276245,322,214.13552951812744,322,214.381329536438,322,214.60770630836487,322,214.75715136528015,322,214.85466694831848,322,215.06877255439758,322,215.3738214969635,322,215.62361025810242,322,215.75541925430298,322,215.9648678302765,322,216.30730605125427,322,216.40580582618713,322,216.6718053817749,322,216.89672446250916,322,217.07990717887878,322,218.85106110572815,322,219.0702610015869,322,219.26010942459106,322,221.2234981060028,322,221.34497117996216,322,221.46677017211914,322,221.68864274024963,322,221.90661096572876,322,222.164892911911,322,222.32259321212769,322,222.48349809646606,322,222.66976881027222,322,222.7656648159027,322,223.07383227348328,322,223.30933594703674,322,223.40503215789795,322,223.5396625995636,322,223.68024396896362,322,223.85825181007385,322,224.08591747283936,322,225.97100400924683,322,226.08810329437256,322,226.33796405792236,322,226.4793939590454,322,226.6130919456482,322,226.81010007858276,322,226.98434901237488,322,227.17608857154846,322,227.4220163822174,322,227.61808013916016,322,229.05934023857117,322,229.1842052936554,322,229.36006259918213,322,229.57591724395752,322,229.7685627937317,322,230.0240707397461,322,230.27268362045288,322,231.99577927589417,322,232.1642827987671,322,233.82745623588562,322,234.09329080581665,322,234.18573141098022,322,234.2897686958313,322,234.40923476219177,322,234.67916798591614,322,234.84816718101501,322,235.00750064849854,322,235.1177623271942,322,235.253258228302,322,235.40535354614258,322,235.5342047214508,322,235.8047754764557,322,236.04813623428345,322,236.13881492614746,322,236.31738114356995,322,236.41641807556152,322,238.29813766479492,322,238.49801993370056,322,238.60669088363647,322,238.7212541103363,322,240.5476233959198,322,240.810533285141,322,240.9858319759369,322,241.1754069328308,322,241.44178247451782,322,242.87071108818054,322,242.96453642845154,322,243.15747547149658,322,244.96577262878418,322,245.256201505661,322,245.5229651927948,322,245.6221525669098,322,245.72258830070496,322,245.8510763645172,322,245.94440722465515,322,246.1347095966339,322,246.2602138519287,322,246.51417756080627,322,246.6422667503357,322,246.86181116104126,322,247.03133702278137,322,247.15504264831543,322,247.34686303138733,322,247.4849271774292,322,247.72973799705505,322,247.83389472961426,322,247.96680784225464,322,248.20833587646484,322,248.3088047504425,322,248.42114853858948,322,248.60701298713684,322,248.6963665485382,322,250.64879250526428,322,250.77128410339355,322,250.89418983459473,322,251.0053207874298,322,251.10289216041565,322,251.28283953666687,322,251.47916746139526,322,251.6797878742218,322,251.7803933620453,322,251.9600269794464,322,252.07091188430786,322,252.24612522125244,322,252.34782099723816,322,252.49008440971375,322,252.58375668525696,322,252.8465645313263,322,253.02154731750488,322,253.22674655914307,322,253.552175283432,322,253.73865938186646,322,253.92687463760376,322,254.06878638267517,322,254.16888093948364,322,254.26365566253662,322,254.374365568161,322,254.63613367080688,322,254.9116439819336,322,255.16027069091797,322,255.33598804473877,322,257.27654790878296,322,257.52583408355713,322,257.80350375175476,322,258.0274977684021,322,258.2717080116272,322,258.46436500549316,322,261.26037859916687,322,263.0886209011078,322,263.3379752635956,322,263.5287609100342,322,263.65547013282776,322,263.82504868507385,322,264.1555826663971,322,264.40581607818604,322,264.54459524154663,322,264.68007040023804,322,264.8423898220062,322,265.1177704334259,322,265.216183423996,322,267.23641777038574,322,267.346266746521,322,267.6321246623993,322,267.72993421554565,322,267.85980248451233,322,268.0485692024231,322,268.2899615764618,322,268.38383650779724,322,268.6067588329315,322,268.69964385032654,322,268.9699704647064,322,269.17152166366577,322,269.3299415111542,322,271.3906512260437,322,271.6777067184448,322,273.36622881889343,322,273.5476758480072,322,273.7417345046997,322,273.86756324768066,322,275.83871030807495,322,275.92835688591003,322,276.030633687973,322,276.1219391822815,322,276.21898007392883,322,276.37365531921387,322,276.52780961990356,322,276.8897669315338,322,277.16039204597473,322,279.9643712043762,322,280.20700335502625,322,280.4373733997345,322,280.6488025188446,322,280.7851731777191,322,280.9301323890686,322,281.02283358573914,322,281.22671484947205,322,281.33306646347046,322,281.52052450180054,322,281.7112956047058,322,281.90318155288696,322,282.0977056026459,322,282.2183184623718,322,282.4951424598694,322,282.6733384132385,322,284.69065141677856,322,286.7261960506439,322,286.92475032806396,322,287.09971809387207,322,287.267205953598,322,287.54980421066284,322,287.64456009864807,322,287.8332676887512,322,287.9341161251068,322,288.17511224746704,322,290.44285011291504,322,290.5356750488281,322,291.9310030937195,322,292.1281626224518,322,292.25050258636475,322,292.5082609653473,322,292.6502447128296,322,294.4242720603943,322,294.5339369773865,322,294.83103251457214,322,295.0871739387512,322,295.3068997859955,322,295.46270847320557,322,295.56246066093445,322,295.6733043193817,322,295.8721079826355,322,296.12494945526123,322,296.2640085220337,322,296.3564193248749,322,296.5817983150482,322,296.71973872184753,322,298.97889709472656,322,299.12300539016724,322,299.2188563346863,322,299.405216217041,322,299.5749366283417,322,299.90772223472595,322,300.04602694511414
1,random graphs/triangle/r1.5k18n12/graph1.lgbin,2017,209.45493245124817,301,715,0,574,0.14817547798156738,485,0.32907724380493164,450,0.5235259532928467,435,0.6815006732940674,427,0.8803153038024902,404,0.9802961349487305,395,1.3748252391815186,373,1.5258171558380127,367,1.8082165718078613,353,1.9366962909698486,351,2.0782783031463623,350,2.210928440093994,346,2.3600616455078125,346,2.542769432067871,344,2.6661555767059326,344,2.766688823699951,338,2.9064159393310547,337,3.099989891052246,334,3.235633134841919,332,3.4256529808044434,331,3.5538523197174072,330,3.709226608276367,326,3.831425905227661,323,3.9666407108306885,322,4.110611915588379,321,4.210177898406982,320,4.459506034851074,319,4.729002952575684,318,4.861217260360718,318,4.971372842788696,315,5.079888105392456,311,5.265971422195435,311,5.610311985015869,308,5.744431018829346,306,5.8829567432403564,306,6.002565383911133,306,6.129217863082886,306,6.228772163391113,306,6.336000919342041,306,6.478033781051636,306,6.574958801269531,306,6.755959749221802,306,6.934455871582031,306,7.032162427902222,306,7.149541616439819,306,7.3027098178863525,306,7.721124887466431,306,7.841687917709351,306,7.941078424453735,305,8.073997259140015,304,8.217077493667603,304,8.640273332595825,304,8.740482330322266,304,8.852131366729736,304,8.957323789596558,304,9.220146179199219,304,9.449823141098022,304,9.563942193984985,304,9.683368921279907,304,9.822509288787842,304,10.012875080108643,304,10.142590522766113,304,10.238283395767212,304,10.33273458480835,304,10.444881677627563,304,10.550100326538086,304,10.651933431625366,304,10.790738821029663,304,10.901955127716064,304,11.002219676971436,304,11.103138446807861,304,11.212737321853638,304,11.314121723175049,304,11.416475772857666,304,11.529565572738647,304,11.631086587905884,304,11.81552505493164,304,12.023645639419556,304,12.130062818527222,304,12.239044427871704,304,12.336710453033447,304,12.461105585098267,304,12.559066534042358,304,12.680162191390991,304,12.78197193145752,304,12.884202480316162,304,13.226197481155396,304,13.347130060195923,304,13.454808235168457,304,13.563283681869507,304,13.669474840164185,304,13.77348017692566,304,14.104570150375366,304,14.200793027877808,304,14.334278106689453,304,14.442930698394775,304,14.542888402938843,304,14.644056558609009,304,14.748908996582031,304,16.763890027999878,304,16.86893367767334,304,17.18676447868347,304,17.29783058166504,304,17.4308443069458,304,17.530996799468994,304,19.98944592475891,304,20.090378761291504,304,20.19918417930603,304,20.355801343917847,304,20.459665298461914,304,20.81212615966797,304,20.913060665130615,304,21.01298999786377,304,21.109281301498413,304,21.21741533279419,304,21.32736611366272,304,21.44270634651184,304,21.730347156524658,304,21.999326467514038,304,22.492788076400757,304,22.59836196899414,304,22.69429874420166,304,22.79241156578064,304,23.273333072662354,304,23.38706350326538,304,23.487802982330322,304,23.594999313354492,304,23.692840814590454,304,23.815141677856445,304,23.916572093963623,304,24.011481523513794,304,24.11414098739624,304,24.624400854110718,304,24.732126474380493,304,24.858332633972168,304,24.955220699310303,304,25.05490016937256,304,25.153446435928345,304,25.266165256500244,304,25.36746835708618,304,25.504758834838867,304,26.007800102233887,304,26.12197470664978,304,26.267980337142944,304,26.364447355270386,304,26.57026767730713,304,26.664395332336426,304,26.76991891860962,304,26.868912935256958,304,26.99326753616333,304,27.111048698425293,304,27.378331184387207,304,27.48366951942444,304,27.63814115524292,304,27.808698415756226,304,27.908042669296265,304,28.032375812530518,304,28.140764236450195,304,28.254065990447998,304,28.35493230819702,304,28.44971752166748,304,28.551888465881348,304,28.648663759231567,304,28.746598720550537,304,28.85307502746582,304,28.9549081325531,304,29.063836336135864,304,29.158829927444458,304,29.271947383880615,304,29.373554944992065,304,29.477226734161377,304,29.582504272460938,304,29.8362877368927,304,29.987656116485596,304,30.087363719940186,304,30.183435201644897,304,30.305339813232422,304,30.40587067604065,304,30.500488758087158,304,30.598433256149292,304,30.699981689453125,304,31.075180530548096,304,31.178130865097046,304,31.27427649497986,304,31.373059511184692,304,31.48173189163208,304,31.576268196105957,304,31.671799421310425,304,31.795403718948364,304,31.894630193710327,304,31.992746353149414,304,32.09234857559204,304,32.21713209152222,304,32.35567021369934,304,32.460750579833984,304,32.56040334701538,304,32.71898913383484,304,32.8308641910553,304,32.92890906333923,304,33.095640659332275,303,33.231194496154785,303,33.32639408111572,303,33.715686559677124,303,33.80788850784302,303,33.92736864089966,303,34.29183483123779,303,34.39205193519592,302,34.81416320800781,302,34.91037559509277,302,35.028167963027954,302,37.30190443992615,301,37.42850947380066,301,37.545979499816895,301,37.88889980316162,301,37.98577094078064,301,38.08149576187134,301,38.1828339099884,301,38.278444051742554,301,38.3864049911499,301,38.66928029060364,301,38.76914191246033,301,38.899885416030884,301,39.003567695617676,301,39.10259675979614,301,39.22647500038147,301,39.871131896972656,301,39.97075819969177,301,40.06767511367798,301,40.17701292037964,301,40.52413201332092,301,40.90189599990845,301,41.01303768157959,301,41.113011598587036,301,41.2206392288208,301,41.32616853713989,301,41.52732181549072,301,41.626193046569824,301,41.72622632980347,301,41.82242298126221,301,41.93442940711975,301,42.074580907821655,301,42.17259192466736,301,42.272501707077026,301,42.37473654747009,301,42.47192883491516,301,42.56981706619263,301,42.67133975028992,301,42.83816337585449,301,43.01647734642029,301,43.1757698059082,301,43.32049250602722,301,43.42803430557251,301,43.5238835811615,301,43.62228035926819,301,43.71845006942749,301,43.819939851760864,301,43.914902210235596,301,44.04988670349121,301,44.154557943344116,301,44.25623655319214,301,44.35567331314087,301,44.478877544403076,301,44.57930254936218,301,44.675074100494385,301,44.785484075546265,301,45.0847270488739,301,45.201411485672,301,45.30425715446472,301,45.417458295822144,301,45.51729774475098,301,45.64888072013855,301,45.747554302215576,301,45.85275435447693,301,46.133254051208496,301,46.23757791519165,301,46.35357618331909,301,46.465243101119995,301,46.58840489387512,301,46.698338985443115,301,46.82589101791382,301,46.93047785758972,301,47.12478470802307,301,47.442893266677856,301,47.55540227890015,301,47.66226553916931,301,47.79590082168579,301,48.13621425628662,301,48.2602162361145,301,48.35723543167114,301,48.46071195602417,301,48.64723563194275,301,48.7903106212616,301,48.89671802520752,301,49.004868507385254,301,49.11020255088806,301,49.20681357383728,301,49.34093999862671,301,49.448652267456055,301,49.544819593429565,301,49.64537000656128,301,49.741523027420044,301,49.84179067611694,301,49.94712471961975,301,50.22523856163025,301,50.344908475875854,301,50.444642066955566,301,50.54376292228699,301,50.65083885192871,301,50.793930768966675,301,50.92503333091736,301,51.02250123023987,301,51.12105059623718,301,51.21831941604614,301,51.35757327079773,301,51.47251582145691,301,51.57252645492554,301,51.681782960891724,301,52.02480149269104,301,52.326772928237915,301,52.42669916152954,301,52.51889157295227,301,52.62358546257019,301,52.730902671813965,301,52.82911133766174,301,52.98899555206299,301,53.33949685096741,301,53.4355411529541,301,53.536163091659546,301,53.63991141319275,301,53.74416971206665,301,53.84179353713989,301,53.9421820640564,301,54.051615476608276,301,54.148874282836914,301,54.254581451416016,301,54.359599351882935,301,54.46688914299011,301,54.5767285823822,301,54.70695877075195,301,54.826011419296265,301,54.942275524139404,301,55.04871344566345,301,55.2919020652771,301,55.38541889190674,301,55.488306760787964,301,55.594178676605225,301,55.691548347473145,301,55.786821126937866,301,55.90408658981323,301,56.01504683494568,301,56.123717069625854,301,56.265130281448364,301,56.376216173172,301,56.484294176101685,301,56.57951831817627,301,56.67738652229309,301,56.776496171951294,301,56.86976671218872,301,56.96334362030029,301,57.06424260139465,301,57.16283988952637,301,57.26471543312073,301,57.56149482727051,301,57.66273522377014,301,60.06325888633728,301,60.213221311569214,301,60.31529712677002,301,60.50129961967468,301,60.60441064834595,301,60.70198369026184,301,61.51505374908447,301,61.61590003967285,301,61.86077332496643,301,61.98082256317139,301,62.162513732910156,301,62.30242085456848,301,62.40371656417847,301,62.518352031707764,301,62.83130669593811,301,62.94807267189026,301,63.051785707473755,301,63.14797377586365,301,63.25196695327759,301,63.36538815498352,301,63.497894048690796,301,63.59426712989807,301,63.70840263366699,301,63.80954170227051,301,64.00798177719116,301,64.12465119361877,301,64.22656464576721,301,64.32577657699585,301,64.62740516662598,301,64.7348952293396,301,64.83529877662659,301,64.9387264251709,301,65.04078125953674,301,65.13877964019775,301,65.24841094017029,301,65.35458588600159,301,65.46003031730652,301,65.56689405441284,301,65.66475343704224,301,65.76489639282227,301,65.8889410495758,301,65.99993705749512,301,66.23406863212585,301,66.33427453041077,301,66.47283983230591,301,66.57530879974365,301,66.68286323547363,301,66.78067755699158,301,66.88846039772034,301,66.98654222488403,301,67.08661270141602,301,67.18498873710632,301,67.30263876914978,301,67.45715737342834,301,67.62201118469238,301,67.73161435127258,301,67.8466145992279,301,67.95360589027405,301,68.05977892875671,301,68.16320538520813,301,68.26121211051941,301,68.3703510761261,301,68.4721040725708,301,68.5678243637085,301,68.66498875617981,301,68.77806758880615,301,68.87648463249207,301,68.97556495666504,301,69.08549356460571,301,69.18443655967712,301,69.28862810134888,301,69.38772130012512,301,69.48872113227844,301,69.58701205253601,301,69.82965612411499,301,69.93921566009521,301,70.04620504379272,301,70.27076148986816,301,70.42900228500366,301,70.52509641647339,301,70.6314857006073,301,70.73195695877075,301,70.83692455291748,301,71.15718197822571,301,71.25217771530151,301,71.34833669662476,301,71.67592310905457,301,71.7864420413971,301,71.89810967445374,301,71.99465036392212,301,72.20701932907104,301,72.36841058731079,301,72.47593808174133,301,72.58502173423767,301,72.68807315826416,301,72.80303406715393,301,72.90093612670898,301,73.01400542259216,301,73.13398337364197,301,73.23128747940063,301,73.32532572746277,301,73.42642617225647,301,73.64551973342896,301,73.9725284576416,301,74.08058881759644,301,74.17643761634827,301,74.277348279953,301,74.374347448349,301,74.50082063674927,301,74.63180541992188,301,74.74373197555542,301,75.0850396156311,301,75.37406277656555,301,75.47551131248474,301,75.58812856674194,301,75.69223666191101,301,75.79051280021667,301,75.9358012676239,301,76.04156231880188,301,76.14552927017212,301,76.25456714630127,301,76.66792416572571,301,76.7867784500122,301,76.90406656265259,301,77.00107288360596,301,77.10880875587463,301,77.20682764053345,301,77.3080792427063,301,77.41091084480286,301,77.7019248008728,301,77.85245275497437,301,77.96182322502136,301,78.0686399936676,301,78.1706428527832,301,78.26346135139465,301,78.39600706100464,301,78.50247979164124,301,78.60209679603577,301,78.69889163970947,301,78.79605531692505,301,78.97891855239868,301,79.07309007644653,301,79.16789317131042,301,79.4443359375,301,79.55023765563965,301,79.65005922317505,301,79.75675773620605,301,80.00430750846863,301,80.11444473266602,301,80.46721768379211,301,80.59717750549316,301,80.87079572677612,301,80.97601389884949,301,81.07774353027344,301,81.17445468902588,301,81.31272673606873,301,81.4268536567688,301,81.56966233253479,301,81.69792795181274,301,81.80826163291931,301,81.91511583328247,301,82.01973056793213,301,82.12374496459961,301,82.22635507583618,301,82.32517194747925,301,82.4198248386383,301,82.52493071556091,301,82.63845634460449,301,82.73539686203003,301,82.8728621006012,301,82.9742603302002,301,83.09063935279846,301,83.20309519767761,301,83.32245302200317,301,83.42480230331421,301,83.53190112113953,301,83.63425016403198,301,83.7311372756958,301,83.86237907409668,301,84.11022710800171,301,84.25872874259949,301,84.3637146949768,301,84.6808340549469,301,84.78872966766357,301,84.89185786247253,301,85.01148557662964,301,85.14118027687073,301,85.242112159729,301,85.33791637420654,301,85.46313381195068,301,85.5596296787262,301,85.73780274391174,301,86.00969433784485,301,86.10632967948914,301,86.2119529247284,301,86.31230688095093,301,86.41506695747375,301,86.51579713821411,301,86.61834383010864,301,86.72628688812256,301,86.82264161109924,301,87.06230068206787,301,87.32924580574036,301,87.48646974563599,301,87.59896683692932,301,87.70238018035889,301,87.8025393486023,301,87.92127275466919,301,88.02195739746094,301,88.11974596977234,301,88.22804260253906,301,88.33028531074524,301,88.57409191131592,301,88.80992412567139,301,88.91272258758545,301,89.01838159561157,301,89.1158139705658,301,89.21259903907776,301,89.32593107223511,301,89.43398809432983,301,89.68643021583557,301,89.79343605041504,301,89.90481853485107,301,90.01028084754944,301,90.27559542655945,301,90.3914110660553,301,90.51684522628784,301,90.64700818061829,301,90.74513006210327,301,90.98684597015381,301,91.09554386138916,301,91.20248675346375,301,91.30941653251648,301,91.43341088294983,301,91.53290367126465,301,91.65674614906311,301,91.92607402801514,301,92.14104676246643,301,92.23668837547302,301,92.36777377128601,301,92.46657276153564,301,92.70397186279297,301,92.79683136940002,301,92.89049339294434,301,93.0123724937439,301,93.14767551422119,301,93.2634220123291,301,93.37106585502625,301,93.47031998634338,301,93.56790351867676,301,93.70311069488525,301,94.05203151702881,301,94.1578676700592,301,94.47618389129639,301,94.6009750366211,301,94.71601605415344,301,94.85574650764465,301,94.95276379585266,301,95.07400417327881,301,95.17606973648071,301,95.3050684928894,301,95.40400719642639,301,95.6550931930542,301,95.7751567363739,301,95.8680305480957,301,95.97567391395569,301,96.0693416595459,301,96.18063426017761,301,96.30304741859436,301,96.54663419723511,301,96.66642475128174,301,96.78069519996643,301,96.87494802474976,301,96.98788928985596,301,97.08993983268738,301,97.19656825065613,301,97.29963088035583,301,97.40420126914978,301,97.51216769218445,301,97.60766911506653,301,97.93880844116211,301,98.03887844085693,301,98.15680360794067,301,98.26042199134827,301,98.3575828075409,301,98.46112513542175,301,98.57406973838806,301,98.67630100250244,301,98.78336548805237,301,98.89546513557434,301,98.9946596622467,301,99.14604163169861,301,99.25134682655334,301,99.36912798881531,301,99.47432518005371,301,99.57137846946716,301,99.68588423728943,301,99.79065799713135,301,99.89503693580627,301,99.99920749664307,301,100.10107564926147,301,100.19562935829163,301,100.29174280166626,301,100.38778495788574,301,100.50372409820557,301,100.61033725738525,301,100.76863050460815,301,100.87860465049744,301,100.97475934028625,301,101.07316637039185,301,101.18299722671509,301,101.31136536598206,301,101.41021299362183,301,101.51038002967834,301,101.61537265777588,301,101.73297429084778,301,101.83773708343506,301,101.9489233493805,301,102.04591298103333,301,102.15575194358826,301,102.26062822341919,301,102.35924410820007,301,102.48012924194336,301,102.59412217140198,301,102.71503281593323,301,102.81690979003906,301,102.92051982879639,301,103.02618956565857,301,103.12269520759583,301,103.23106479644775,301,103.34968757629395,301,103.48267817497253,301,103.60995435714722,301,103.74729371070862,301,103.84845662117004,301,103.97441363334656,301,104.06789636611938,301,104.16818571090698,301,104.26456618309021,301,104.37801885604858,301,104.4824652671814,301,104.57744765281677,301,104.68844985961914,301,104.80156326293945,301,104.90746855735779,301,105.03254389762878,301,105.1510922908783,301,105.25178647041321,301,105.36167311668396,301,105.46150016784668,301,105.56046628952026,301,105.65625596046448,301,105.77801656723022,301,105.91309595108032,301,106.00889110565186,301,106.12392902374268,301,106.2224383354187,301,106.32366633415222,301,106.42742228507996,301,106.52321863174438,301,106.62247776985168,301,106.73336696624756,301,106.82719683647156,301,106.92955589294434,301,107.02864933013916,301,107.13144493103027,301,107.25091743469238,301,107.42010140419006,301,107.51621389389038,301,107.61501002311707,301,107.72689175605774,301,107.82327723503113,301,107.92991399765015,301,108.04297637939453,301,108.16583800315857,301,108.27155447006226,301,108.3716630935669,301,108.82262659072876,301,108.92341089248657,301,109.35623335838318,301,109.66371369361877,301,109.7819013595581,301,109.88342952728271,301,109.99563002586365,301,110.09208035469055,301,110.19538974761963,301,110.31991147994995,301,110.42569875717163,301,110.52117419242859,301,110.64452600479126,301,110.75450134277344,301,110.86772775650024,301,110.98388385772705,301,111.08004593849182,301,111.1824152469635,301,111.2773597240448,301,111.3768241405487,301,111.47848224639893,301,111.58976173400879,301,111.70353817939758,301,111.81235027313232,301,111.9222092628479,301,112.01937556266785,301,112.11552429199219,301,112.2668137550354,301,112.36106657981873,301,112.45739197731018,301,112.56627631187439,301,112.66173434257507,301,112.76542568206787,301,112.8824782371521,301,113.04176092147827,301,113.16739869117737,301,113.43047952651978,301,113.53126931190491,301,113.64050436019897,301,113.73811459541321,301,113.84340786933899,301,113.94740772247314,301,114.0436851978302,301,114.139404296875,301,114.25136065483093,301,114.37328672409058,301,114.4709222316742,301,114.75200939178467,301,114.87923765182495,301,114.97970151901245,301,115.0825502872467,301,115.17906880378723,301,115.27907061576843,301,115.37391018867493,301,115.47182989120483,301,115.58475303649902,301,115.69362378120422,301,115.80451846122742,301,115.9079384803772,301,116.03566932678223,301,116.13723015785217,301,116.23359990119934,301,116.33550548553467,301,116.50399684906006,301,116.60565137863159,301,116.70656633377075,301,116.80024552345276,301,116.93732380867004,301,117.03706908226013,301,117.20952773094177,301,117.32167720794678,301,117.60776138305664,301,117.7143976688385,301,117.81502866744995,301,117.9507508277893,301,118.04768753051758,301,118.14518213272095,301,118.23874187469482,301,118.35383892059326,301,118.62323021888733,301,118.7235951423645,301,118.81889319419861,301,118.96532893180847,301,119.06311988830566,301,119.16093850135803,301,119.25897121429443,301,119.37073159217834,301,119.48820662498474,301,119.61796998977661,301,119.72640228271484,301,119.84141230583191,301,119.94967746734619,301,120.11386561393738,301,120.23248147964478,301,120.33631563186646,301,120.44603991508484,301,120.77906847000122,301,121.12561583518982,301,121.22494077682495,301,121.33225536346436,301,121.59139728546143,301,121.68918967247009,301,121.7873215675354,301,121.88656306266785,301,121.98944401741028,301,122.10200071334839,301,122.22213244438171,301,122.32546019554138,301,122.61641240119934,301,122.71756863594055,301,123.06954336166382,301,123.16963124275208,301,123.26850080490112,301,123.37770128250122,301,123.47611927986145,301,123.642507314682,301,123.7931113243103,301,123.88711905479431,301,123.99443364143372,301,124.2220048904419,301,124.33435034751892,301,124.48954749107361,301,124.58851099014282,301,124.68846535682678,301,124.7923514842987,301,125.1946313381195,301,125.30009841918945,301,125.41766571998596,301,125.52677750587463,301,125.70615363121033,301,125.80787086486816,301,125.90701079368591,301,126.03728127479553,301,126.14952301979065,301,126.24475479125977,301,126.37813544273376,301,126.48635864257812,301,126.59012985229492,301,126.89261674880981,301,127.00989532470703,301,127.16236972808838,301,127.2781229019165,301,127.59371566772461,301,127.71003150939941,301,127.85107350349426,301,127.98515224456787,301,128.14169597625732,301,128.24967694282532,301,128.357914686203,301,128.4653480052948,301,128.57041907310486,301,128.68366718292236,301,128.78155732154846,301,128.89958024024963,301,129.29883313179016,301,129.4093086719513,301,129.51610565185547,301,129.6272792816162,301,129.85390901565552,301,129.9563512802124,301,130.07976651191711,301,130.17819380760193,301,130.2861032485962,301,130.40197610855103,301,130.50017094612122,301,130.68979477882385,301,130.86367559432983,301,130.95636510849,301,131.08577489852905,301,131.1891725063324,301,131.3028485774994,301,131.40939044952393,301,131.5119228363037,301,131.61329412460327,301,131.71417260169983,301,131.81393480300903,301,131.93077611923218,301,132.0290083885193,301,132.1977288722992,301,132.29780912399292,301,132.39366960525513,301,132.49986386299133,301,132.60273694992065,301,132.83791494369507,301,132.9454596042633,301,133.04183411598206,301,133.15985703468323,301,133.2638018131256,301,133.36333322525024,301,133.46110248565674,301,133.56728601455688,301,133.66978192329407,301,133.79258704185486,301,133.90898752212524,301,134.0215940475464,301,134.12171912193298,301,134.2311887741089,301,134.33249378204346,301,134.4341368675232,301,134.671160697937,301,134.77201890945435,301,134.86848139762878,301,135.14480757713318,301,135.24054312705994,301,135.35139298439026,301,135.49093747138977,301,135.59941220283508,301,135.71328496932983,301,135.8133568763733,301,135.9198877811432,301,136.0361316204071,301,136.14100527763367,301,136.26057124137878,301,136.36018443107605,301,136.5374472141266,301,136.64488005638123,301,136.89100217819214,301,137.1382167339325,301,137.2362983226776,301,137.34163856506348,301,137.44010138511658,301,137.55360770225525,301,137.65345740318298,301,137.75503945350647,301,137.8586003780365,301,137.95663499832153,301,138.08613085746765,301,138.19426608085632,301,138.30023550987244,301,138.41602730751038,301,138.51516580581665,301,138.78400707244873,301,138.88095927238464,301,138.97979927062988,301,139.1117067337036,301,139.21386909484863,301,139.31247997283936,301,139.40625309944153,301,139.50923204421997,301,139.6057813167572,301,139.72268915176392,301,139.81650304794312,301,139.92649269104004,301,140.03547286987305,301,140.1268298625946,301,140.27626419067383,301,140.38615655899048,301,140.65274691581726,301,140.76250791549683,301,140.86095666885376,301,140.97398233413696,301,141.0820927619934,301,141.18387627601624,301,141.28478527069092,301,141.3873691558838,301,141.4868860244751,301,141.58246493339539,301,141.6806356906891,301,141.7764813899994,301,141.8780722618103,301,142.00232362747192,301,142.10774397850037,301,142.39150404930115,301,142.4981071949005,301,142.85324549674988,301,142.94956135749817,301,143.05028891563416,301,143.15007662773132,301,143.25544118881226,301,143.36410808563232,301,143.4610321521759,301,143.5587227344513,301,143.66846680641174,301,143.78411149978638,301,143.8809051513672,301,143.9902753829956,301,144.10135412216187,301,144.2085645198822,301,144.30577540397644,301,144.40584516525269,301,144.5105254650116,301,144.6087327003479,301,144.71071600914001,301,144.8396806716919,301,144.93475103378296,301,145.03549146652222,301,145.13807773590088,301,145.24218559265137,301,145.35623359680176,301,145.45809245109558,301,145.57219529151917,301,145.7007794380188,301,145.80958104133606,301,145.91968536376953,301,146.01669645309448,301,146.1260690689087,301,146.23337960243225,301,146.3365924358368,301,146.60178399085999,301,146.7034158706665,301,146.79863667488098,301,146.96980500221252,301,147.0811333656311,301,147.19223308563232,301,147.3275227546692,301,150.44831204414368,301,150.54716873168945,301,150.78686237335205,301,150.89243745803833,301,150.9958200454712,301,151.09102964401245,301,151.20115447044373,301,151.30606341362,301,151.40775966644287,301,151.54635214805603,301,151.6510193347931,301,151.74514937400818,301,151.85076475143433,301,151.94956946372986,301,152.05124735832214,301,152.15148639678955,301,152.24969696998596,301,152.36313605308533,301,152.46361875534058,301,152.55790305137634,301,152.66608428955078,301,152.76315879821777,301,152.86384987831116,301,152.95905780792236,301,153.06093096733093,301,153.16712164878845,301,153.27348065376282,301,153.42745113372803,301,153.53412222862244,301,153.63340759277344,301,153.74025702476501,301,153.84604334831238,301,154.17013955116272,301,154.26970076560974,301,154.54122257232666,301,154.9221580028534,301,155.02496218681335,301,155.12260270118713,301,155.223947763443,301,155.31995820999146,301,155.43746900558472,301,155.53829884529114,301,155.65718245506287,301,155.76791739463806,301,155.8682370185852,301,155.97357177734375,301,156.07446670532227,301,156.17211198806763,301,156.28333282470703,301,156.54890298843384,301,156.64958000183105,301,156.79822659492493,301,156.89700627326965,301,156.99685668945312,301,157.0969955921173,301,157.20485925674438,301,157.3126666545868,301,157.42303562164307,301,157.52221870422363,301,157.64707827568054,301,157.78003334999084,301,157.87829518318176,301,157.97327947616577,301,158.06643319129944,301,158.20184779167175,301,158.29904437065125,301,158.41997456550598,301,158.53163361549377,301,158.7621932029724,301,158.8839054107666,301,158.9790120124817,301,159.0826222896576,301,159.2095594406128,301,159.3141574859619,301,159.41470456123352,301,159.51554775238037,301,159.79755878448486,301,159.9591600894928,301,160.0654878616333,301,160.16604709625244,301,160.3039345741272,301,160.61260104179382,301,160.71165800094604,301,160.86058282852173,301,160.98667359352112,301,161.10051202774048,301,161.23528218269348,301,161.3667070865631,301,161.7585015296936,301,161.8745243549347,301,161.9720687866211,301,162.0790994167328,301,162.21243715286255,301,162.32995557785034,301,162.42966294288635,301,162.57154726982117,301,162.7204954624176,301,162.9877061843872,301,163.08564686775208,301,163.18537831306458,301,163.28227710723877,301,163.38618659973145,301,163.48901176452637,301,163.61392498016357,301,163.71303153038025,301,164.02289509773254,301,164.1287760734558,301,164.233647108078,301,164.32997822761536,301,164.43411374092102,301,164.53295016288757,301,164.64155626296997,301,164.76496124267578,301,164.8791744709015,301,164.97556948661804,301,165.18759417533875,301,165.29547572135925,301,165.3959686756134,301,165.495183467865,301,165.59246969223022,301,165.68498349189758,301,165.99727749824524,301,166.09312105178833,301,166.32142615318298,301,166.42025232315063,301,166.5510470867157,301,166.64827966690063,301,166.75438737869263,301,166.85475730895996,301,166.96925687789917,301,167.06460642814636,301,167.18292117118835,301,167.28998804092407,301,167.38560843467712,301,167.68316316604614,301,167.79337000846863,301,167.90363574028015,301,168.00613164901733,301,168.12020778656006,301,168.25717854499817,301,168.35561203956604,301,168.46722388267517,301,168.575377702713,301,168.68382287025452,301,168.79343223571777,301,168.90784621238708,301,169.00155448913574,301,169.10370922088623,301,169.20022916793823,301,169.30585098266602,301,169.41513538360596,301,169.51903128623962,301,169.62833619117737,301,169.72908878326416,301,169.83146834373474,301,169.97664403915405,301,170.0723750591278,301,170.19451141357422,301,170.29463481903076,301,170.40770196914673,301,170.53576707839966,301,170.65716695785522,301,171.0413372516632,301,171.1543743610382,301,171.27458715438843,301,171.37162137031555,301,171.504469871521,301,171.6050751209259,301,171.71844625473022,301,171.82915997505188,301,171.94362568855286,301,172.04418969154358,301,172.1399049758911,301,172.25426745414734,301,172.39105606079102,301,172.56158590316772,301,172.6718978881836,301,172.8611137866974,301,172.96500253677368,301,173.05794858932495,301,173.42013216018677,301,173.54478096961975,301,173.7189371585846,301,173.82760667800903,301,173.93596148490906,301,174.03588914871216,301,174.1367588043213,301,174.23473262786865,301,174.3550627231598,301,174.45833730697632,301,174.57380270957947,301,174.66791200637817,301,174.7705385684967,301,174.86765575408936,301,174.97292947769165,301,175.06685662269592,301,175.1630597114563,301,175.28956007957458,301,175.52551174163818,301,175.62617182731628,301,175.75814938545227,301,175.85161542892456,301,175.9494185447693,301,176.0613226890564,301,176.45492696762085,301,176.56366157531738,301,176.6944236755371,301,177.05717515945435,301,177.1519935131073,301,177.40245532989502,301,177.50250005722046,301,177.6713457107544,301,177.7757408618927,301,177.894469499588,301,178.00083565711975,301,178.1132311820984,301,178.2200949192047,301,178.30837273597717,301,178.3998749256134,301,178.5010769367218,301,178.6143434047699,301,178.71860551834106,301,178.844486951828,301,178.9518918991089,301,179.04836225509644,301,179.143212556839,301,179.24265885353088,301,179.43543648719788,301,179.53542971611023,301,179.64619612693787,301,179.74724912643433,301,179.84809184074402,301,180.12434244155884,301,180.2358250617981,301,180.35841488838196,301,180.4569911956787,301,180.56087923049927,301,180.6560332775116,301,180.75307154655457,301,180.86592888832092,301,180.98422169685364,301,181.09466791152954,301,181.1903052330017,301,181.30118989944458,301,181.4012930393219,301,181.50197792053223,301,181.59942436218262,301,181.71409249305725,301,181.81019949913025,301,182.09478569030762,301,182.1901171207428,301,182.31327366828918,301,182.42042303085327,301,182.52930688858032,301,182.64172983169556,301,182.7600383758545,301,182.87508249282837,301,182.9716694355011,301,183.07535243034363,301,183.20411157608032,301,183.3070421218872,301,183.41231656074524,301,183.5321033000946,301,183.62841176986694,301,183.73093008995056,301,183.8508894443512,301,183.94657516479492,301,184.32488346099854,301,184.43573880195618,301,184.58193230628967,301,184.686181306839,301,185.02917981147766,301,185.13491010665894,301,185.2292582988739,301,185.32473802566528,301,185.42298984527588,301,185.5182614326477,301,185.6162827014923,301,185.72045159339905,301,185.81629276275635,301,185.92878031730652,301,186.0303122997284,301,186.14105010032654,301,186.28854370117188,301,186.4018805027008,301,186.54995155334473,301,186.64659214019775,301,186.74440121650696,301,186.84286236763,301,186.95945286750793,301,187.06073784828186,301,187.15317368507385,301,187.25385928153992,301,187.34723949432373,301,187.44233179092407,301,187.5471806526184,301,187.64111924171448,301,187.7491171360016,301,187.8539047241211,301,187.962899684906,301,188.0640745162964,301,188.20461058616638,301,188.29916763305664,301,188.4014699459076,301,188.50143337249756,301,188.92482471466064,301,189.03745460510254,301,189.14350128173828,301,189.44852781295776,301,189.54456448554993,301,189.64392948150635,301,189.75106191635132,301,189.8520312309265,301,189.96933817863464,301,190.0755364894867,301,190.17613339424133,301,190.2818067073822,301,190.3816339969635,301,190.5039255619049,301,190.62872195243835,301,190.73040795326233,301,190.83793783187866,301,190.93812370300293,301,191.03678679466248,301,191.13791131973267,301,191.25168347358704,301,191.37010788917542,301,191.48468255996704,301,191.58974742889404,301,191.68363666534424,301,191.79166769981384,301,191.88807368278503,301,191.98711895942688,301,192.13781452178955,301,192.2328736782074,301,192.32664966583252,301,192.45550775527954,301,192.5604932308197,301,192.67397236824036,301,192.77130651474,301,193.05598425865173,301,193.16100907325745,301,193.27744603157043,301,193.37446475028992,301,193.48164892196655,301,193.61327242851257,301,193.71794438362122,301,193.8313343524933,301,193.94441676139832,301,194.0692434310913,301,194.17567944526672,301,194.33233904838562,301,194.42714262008667,301,194.55336213111877,301,194.65790057182312,301,194.8799352645874,301,194.97974395751953,301,195.08828687667847,301,195.19206404685974,301,195.2913739681244,301,195.38717484474182,301,195.48404669761658,301,195.57694053649902,301,195.67616724967957,301,195.78838419914246,301,195.88918495178223,301,196.01083850860596,301,196.11902832984924,301,196.23909664154053,301,196.3518033027649,301,196.45522713661194,301,196.55564665794373,301,196.65193390846252,301,196.7563443183899,301,196.85649728775024,301,196.96852827072144,301,197.07706212997437,301,197.348872423172,301,197.5085289478302,301,197.61618423461914,301,197.71943306922913,301,197.82887172698975,301,197.9499454498291,301,198.04992651939392,301,198.1574501991272,301,198.27461957931519,301,198.3701102733612,301,198.46411204338074,301,198.61480283737183,301,198.71255230903625,301,198.81573295593262,301,199.03611993789673,301,199.1332790851593,301,199.23107433319092,301,199.33186316490173,301,199.46089243888855,301,199.56680130958557,301,199.6632101535797,301,199.78214764595032,301,199.9045491218567,301,200.27300906181335,301,200.4468789100647,301,200.54402995109558,301,200.64907026290894,301,200.75728297233582,301,200.85603427886963,301,200.97026991844177,301,201.0691373348236,301,201.1667821407318,301,201.2657687664032,301,201.37178540229797,301,201.47480463981628,301,201.5892050266266,301,201.70378470420837,301,201.80903935432434,301,201.92152500152588,301,202.0309808254242,301,202.12867379188538,301,202.2291295528412,301,202.3506097793579,301,202.45129704475403,301,202.54694604873657,301,202.64894723892212,301,202.76042127609253,301,202.8710162639618,301,203.17569017410278,301,203.27901005744934,301,203.38202810287476,301,203.4830605983734,301,203.60068774223328,301,203.75635623931885,301,203.87011122703552,301,203.96897506713867,301,204.06612348556519,301,204.16958260536194,301,204.2761504650116,301,204.38399577140808,301,204.49802589416504,301,204.5935878753662,301,204.69612574577332,301,204.80327582359314,301,204.93143320083618,301,205.0421245098114,301,205.15396451950073,301,205.25737929344177,301,205.3577344417572,301,205.4649510383606,301,205.5625443458557,301,205.7655086517334,301,205.87784886360168,301,206.03367352485657,301,206.1407561302185,301,206.24157118797302,301,206.33824610710144,301,206.43421387672424,301,206.53111052513123,301,206.62824487686157,301,206.7396583557129,301,207.06732177734375,301,207.17394542694092,301,207.26958966255188,301,207.50227761268616,301,207.60720038414001,301,207.7079246044159,301,207.8079228401184,301,207.91721367835999,301,208.03119134902954,301,208.12770795822144,301,208.22343373298645,301,208.31608510017395,301,208.557763338089,301,208.66838455200195,301,208.77532243728638,301,208.87656021118164,301,208.9849545955658,301,209.0941219329834,301,209.18699312210083,301,209.2947919368744,301,209.4034321308136,301,209.8062093257904,301,209.9217164516449,301,210.01721477508545,301,210.1177785396576,301,210.21519374847412,301,210.30856847763062,301,210.40851998329163,301,210.5018186569214,301,210.67259335517883,301,210.7647488117218,301,210.86185932159424,301,210.95997047424316,301,211.06380033493042,301,211.1623134613037,301,211.26345944404602,301,211.35631608963013,301,211.45979619026184,301,211.5604305267334,301,211.65322089195251,301,211.75369381904602,301,211.87051272392273,301,211.96919131278992,301,212.06331992149353,301,212.17931056022644,301,212.53635168075562,301,212.6368498802185,301,212.73700094223022,301,212.83311295509338,301,212.9298939704895,301,213.04718685150146,301,213.15054893493652,301,213.25580596923828,301,213.39045786857605,301,213.49684166908264,301,213.6097195148468,301,213.7180290222168,301,213.8200650215149,301,213.92046189308167,301,214.06495594978333,301,214.19014501571655,301,214.28120732307434,301,214.38149094581604,301,214.49744296073914,301,214.5968518257141,301,214.69235730171204,301,214.82933592796326,301,214.92846941947937,301,215.18023133277893,301,215.29726195335388,301,215.3955557346344,301,215.48806643486023,301,215.58014726638794,301,215.67870783805847,301,215.87047863006592,301,215.96330666542053,301,216.33889603614807,301,216.43714570999146,301,216.86673140525818,301,216.97013211250305,301,217.07825446128845,301,217.17385601997375,301,217.27191805839539,301,217.36465167999268,301,217.46672773361206,301,217.58802676200867,301,217.69484949111938,301,217.79982805252075,301,217.9095175266266,301,218.00533151626587,301,218.11125230789185,301,218.22611236572266,301,218.6022937297821,301,218.7001097202301,301,218.80608010292053,301,218.9188256263733,301,219.0291187763214,301,219.1346995830536,301,219.2374711036682,301,219.33299160003662,301,219.43524384498596,301,219.53030824661255,301,219.64218711853027,301,219.74724197387695,301,219.84978675842285,301,219.94688296318054,301,220.05119633674622,301,220.15649318695068,301,220.2500183582306,301,220.372305393219,301,220.73321962356567,301,220.92134404182434,301,221.02533221244812,301,221.13787078857422,301,221.24651384353638,301,221.34872221946716,301,221.44120454788208,301,221.53585410118103,301,221.64837765693665,301,221.82258701324463,301,221.92188954353333,301,222.03005647659302,301,222.13060355186462,301,222.24485850334167,301,222.3727080821991,301,222.46906328201294,301,222.5839033126831,301,222.9447958469391,301,223.0467312335968,301,223.16239714622498,301,223.26635217666626,301,223.36571717262268,301,223.67326855659485,301,223.78205847740173,301,223.88850855827332,301,224.03279972076416,301,224.12769627571106,301,224.23204946517944,301,224.39796829223633,301,224.6313271522522,301,224.74032473564148,301,224.83462476730347,301,224.92790174484253,301,225.08999943733215,301,225.2003824710846,301,225.2957684993744,301,225.3882269859314,301,225.5113172531128,301,225.60815119743347,301,225.72677159309387,301,225.82901906967163,301,225.98506426811218,301,226.09064245224,301,226.22305297851562,301,226.36567854881287,301,226.48317694664001,301,226.58043789863586,301,226.67567777633667,301,226.7750313282013,301,226.87462329864502,301,226.97527813911438,301,227.07717275619507,301,227.1809525489807,301,227.29214811325073,301,227.38757920265198,301,227.49266839027405,301,227.59359169006348,301,227.72579646110535,301,227.88829493522644,301,227.99275922775269,301,228.09970617294312,301,228.198086977005,301,228.30684804916382,301,228.4180188179016,301,228.51383352279663,301,228.61021971702576,301,228.71262383460999,301,228.81373715400696,301,228.91531443595886,301,229.01914978027344,301,229.12627959251404,301,229.23607325553894,301,229.36150932312012,301,229.4822325706482,301,229.57601380348206,301,229.66821312904358,301,229.77269434928894,301,229.87352538108826,301,229.9801664352417,301,230.07397937774658,301,230.49587392807007,301,230.5920352935791,301,230.69331908226013,301,230.7916305065155,301,230.8936891555786,301,230.9848301410675,301,231.0976583957672,301,231.1969428062439,301,231.2885184288025,301,231.39535760879517,301,231.4859437942505,301,231.84820175170898,301,231.9506013393402,301,232.05233144760132,301,232.1509690284729,301,232.24211955070496,301,232.33750200271606,301,232.44728922843933,301,232.54837727546692,301,232.65732502937317,301,232.7554166316986,301,233.076806306839,301,233.18707752227783,301,233.29071426391602,301,233.42110586166382,301,233.5492389202118,301,233.64238595962524,301,233.7337989807129,301,233.85903477668762,301,233.97391939163208,301,234.11875247955322,301,234.21728348731995,301,234.45856595039368,301,234.55606627464294,301,234.677232503891,301,234.77670192718506,301,234.8777575492859,301,235.10823583602905,301,235.20601725578308,301,235.3204209804535,301,235.42460107803345,301,235.5240614414215,301,235.6321303844452,301,235.75582003593445,301,235.85064721107483,301,235.9588463306427,301,236.2888503074646,301,236.39235186576843,301,236.51343178749084,301,236.63746571540833,301,236.73794221878052,301,236.8500621318817,301,236.94746494293213,301,237.04477524757385,301,237.14051795005798,301,237.25255942344666,301,237.35351085662842,301,237.44737005233765,301,237.54577088356018,301,237.7570013999939,301,237.86289143562317,301,237.9623725414276,301,240.43705701828003,301,240.54614353179932,301,240.6575222015381,301,240.75151348114014,301,240.85883331298828,301,240.95722103118896,301,241.08056139945984,301,241.18442511558533,301,241.28728413581848,301,241.40164875984192,301,241.50527238845825,301,241.60730934143066,301,241.73371720314026,301,241.97536826133728,301,242.07362818717957,301,242.3579294681549,301,242.45699334144592,301,242.55598998069763,301,242.6540722846985,301,242.75445342063904,301,242.87757182121277,301,243.02331519126892,301,243.1211724281311,301,243.23802733421326,301,243.33319234848022,301,243.4451196193695,301,243.54135751724243,301,243.65593433380127,301,243.76863813400269,301,243.87145018577576,301,244.09834790229797,301,244.19697499275208,301,244.30996870994568,301,244.42425751686096,301,244.52832460403442,301,244.63361644744873,301,244.73861622810364,301,244.8430597782135,301,244.9417748451233,301,245.0324730873108,301,245.14265894889832,301,245.3203353881836,301,245.41614508628845,301,245.52071332931519,301,245.85934257507324,301,245.9535207748413,301,246.04780459403992,301,246.14443111419678,301,246.2453534603119,301,246.35242247581482,301,246.44845128059387,301,246.5467164516449,301,246.64893102645874,301,246.75294280052185,301,246.85030031204224,301,246.97199845314026,301,247.0651135444641,301,247.15951561927795,301,247.25755262374878,301,247.38416051864624,301,247.49851179122925,301,247.7077338695526,301,247.80545592308044,301,247.92127418518066,301,248.035795211792,301,248.13928771018982,301,248.36365675926208,301,248.47131967544556,301,248.5762734413147,301,248.6685450077057,301,248.7725532054901,301,248.87561559677124,301,249.2106192111969,301,249.31810355186462,301,249.41092109680176,301,249.51778960227966,301,249.62374210357666,301,249.7172212600708,301,249.80982756614685,301,249.91637802124023,301,250.0343644618988,301,250.131329536438,301,250.46779251098633,301,250.7934753894806,301,250.88709473609924,301,250.979150056839,301,251.07358813285828,301,251.18017411231995,301,251.63203525543213,301,251.73338222503662,301,251.83170866966248,301,251.92709398269653,301,252.1061270236969,301,252.35660696029663,301,252.45416736602783,301,252.55973529815674,301,252.72356534004211,301,252.82143831253052,301,252.9154760837555,301,253.02562308311462,301,253.12075328826904,301,253.22963500022888,301,253.3289737701416,301,253.43358373641968,301,253.53188943862915,301,253.64444303512573,301,253.74057984352112,301,253.84077286720276,301,253.95108485221863,301,254.0518229007721,301,254.15514755249023,301,254.25906014442444,301,254.36631274223328,301,254.47425484657288,301,254.5721640586853,301,254.6743552684784,301,254.77007055282593,301,254.87004709243774,301,254.9892816543579,301,255.35658383369446,301,255.460777759552,301,255.55927872657776,301,255.6542227268219,301,255.771968126297,301,255.87008237838745,301,255.97178506851196,301,256.0643994808197,301,256.19627475738525,301,256.31708240509033,301,256.4179449081421,301,256.5132677555084,301,256.62277722358704,301,256.72057366371155,301,256.8245475292206,301,256.9240548610687,301,257.0320806503296,301,257.1373362541199,301,257.23174500465393,301,257.32529282569885,301,257.4207413196564,301,257.5304868221283,301,257.6490032672882,301,257.7436110973358,301,257.8418550491333,301,257.9392387866974,301,258.04293417930603,301,258.1399838924408,301,258.23741340637207,301,258.367888212204,301,258.4876756668091,301,258.59746623039246,301,258.70885133743286,301,258.80672216415405,301,258.9201171398163,301,259.01491928100586,301,259.1088526248932,301,259.2009844779968,301,259.29903054237366,301,259.40255308151245,301,259.4961566925049,301,259.6119270324707,301,259.7051589488983,301,259.8041112422943,301,259.9426236152649,301,260.04454159736633,301,260.14177536964417,301,260.2393538951874,301,260.48562383651733,301,260.5956337451935,301,260.6920084953308,301,260.79198932647705,301,260.91483902931213,301,261.329124212265,301,261.42819118499756,301,261.53469729423523,301,261.6347906589508,301,261.73145818710327,301,261.833792924881,301,262.10027837753296,301,262.2002258300781,301,262.3733310699463,301,262.5869529247284,301,262.6871643066406,301,262.7948751449585,301,262.9019064903259,301,263.27053666114807,301,263.37492394447327,301,263.483594417572,301,263.5799753665924,301,263.67800426483154,301,263.8991415500641,301,263.9956247806549,301,264.09843039512634,301,264.19109320640564,301,264.2859447002411,301,264.4186749458313,301,264.51813197135925,301,264.64000272750854,301,264.7527668476105,301,264.8545663356781,301,264.9564919471741,301,265.0669927597046,301,265.2019238471985,301,265.2990462779999,301,265.4056386947632,301,265.49951171875,301,265.6016802787781,301,265.69918417930603,301,265.84815096855164,301,265.9460029602051,301,266.2595913410187,301,266.3683054447174,301,266.4703085422516,301,266.56761384010315,301,266.6674041748047,301,266.7640907764435,301,266.87030482292175,301,266.9791374206543,301,267.37768292427063,301,267.78294610977173,301,267.8894455432892,301,268.01894068717957,301,270.1814489364624,301,270.5184235572815,301,270.62083625793457,301,270.7181353569031,301,270.8317151069641,301,270.9256889820099,301,271.0312123298645,301,271.13264870643616,301,271.2318284511566,301,271.33647656440735,301,271.4481956958771,301,271.55676531791687,301,271.6602749824524,301,271.79061484336853,301,271.9045135974884,301,272.0792758464813,301,272.182737827301,301,272.2803068161011,301,272.38145685195923,301,272.5078570842743,301,272.60345220565796,301,272.71731400489807,301,272.82241916656494,301,272.9317593574524,301,273.0585443973541,301,273.1688678264618,301,273.2714602947235,301,273.5217921733856,301,273.64254903793335,301,273.75208926200867,301,273.85187435150146,301,273.94940662384033,301,274.0474548339844,301,274.1441674232483,301,274.27225375175476,301,274.3645782470703,301,274.4658114910126,301,274.5735743045807,301,274.6737492084503,301,274.7840118408203,301,274.8969645500183,301,275.0007712841034,301,275.1001453399658,301,275.1983485221863,301,275.30063486099243,301,275.3983430862427,301,275.49323058128357,301,275.62492418289185,301,275.7180950641632,301,275.8163194656372,301,275.9161674976349,301,276.0295217037201,301,276.13754749298096,301,276.24431586265564,301,276.3438217639923,301,276.454523563385,301,276.5554804801941,301,276.6697714328766,301,276.7709105014801,301,276.86731910705566,301,276.98295426368713,301,277.0924377441406,301,277.1965582370758,301,277.2952914237976,301,277.3942196369171,301,277.5036942958832,301,277.7431046962738,301,277.85189032554626,301,277.96904373168945,301,278.0639634132385,301,278.164386510849,301,278.25745582580566,301,278.35425209999084,301,278.4638955593109,301,278.6202960014343,301,278.87523198127747,301,278.98097133636475,301,279.0749018192291,301,279.194073677063,301,279.49176120758057,301,279.6064302921295,301,279.70360469818115,301,279.7969877719879,301,279.8915903568268,301,279.9854829311371,301,280.08911204338074,301,280.2013545036316,301,280.30315351486206,301,280.4112117290497,301,280.5059185028076,301,280.6230094432831,301,280.72837352752686,301,280.8769063949585,301,280.97456431388855,301,281.068101644516,301,281.1807246208191,301,281.28367853164673,301,281.3778884410858,301,281.5987856388092,301,281.70828223228455,301,281.8057861328125,301,281.9253010749817,301,282.15610432624817,301,282.26612162590027,301,282.36293363571167,301,282.46238827705383,301,282.5553936958313,301,282.6709759235382,301,282.7665252685547,301,282.8658621311188,301,282.9636242389679,301,283.0714786052704,301,283.1716048717499,301,283.28476572036743,301,283.3925271034241,301,283.4992265701294,301,283.61508417129517,301,283.71360039711,301,283.8348693847656,301,283.94571447372437,301,284.0439031124115,301,284.1434736251831,301,284.2375361919403,301,284.38059735298157,301,284.47792959213257,301,284.5823836326599,301,284.67984223365784,301,284.79068636894226,301,284.9437108039856,301,285.0566897392273,301,285.27985978126526,301,285.38594794273376,301,285.48880314826965,301,285.60228204727173,301,285.70715165138245,301,285.82850337028503,301,285.92278122901917,301,286.03287720680237,301,286.14159059524536,301,286.2413923740387,301,286.3427963256836,301,286.43946385383606,301,286.5498790740967,301,286.6447126865387,301,286.77084493637085,301,286.89569425582886,301,286.99805068969727,301,287.1559317111969,301,287.24910402297974,301,287.34533858299255,301,287.44735288619995,301,287.54481649398804,301,287.68651032447815,301,287.7971615791321,301,287.9368345737457,301,288.0548813343048,301,288.1472909450531,301,288.2531726360321,301,288.3510329723358,301,288.48150181770325,301,288.57521533966064,301,288.67200899124146,301,288.7640438079834,301,288.86207842826843,301,288.9556634426117,301,289.07425475120544,301,289.1855397224426,301,289.28118228912354,301,289.39282178878784,301,289.50040459632874,301,289.59630584716797,301,289.7144601345062,301,289.8115973472595,301,289.914692401886,301,290.2559926509857,301,290.35141706466675,301,290.4978606700897,301,290.59209394454956,301,290.6877944469452,301,290.84238481521606,301,290.9953348636627,301,291.0926139354706,301,291.1896369457245,301,291.28534483909607,301,291.3802306652069,301,291.4838147163391,301,291.5792746543884,301,291.700884103775,301,291.83796215057373,301,291.9445970058441,301,292.04400849342346,301,292.1417989730835,301,292.2722942829132,301,292.3702425956726,301,292.47782611846924,301,292.57035875320435,301,292.6681296825409,301,292.77009296417236,301,292.86599040031433,301,292.9605288505554,301,293.06469082832336,301,293.1759717464447,301,293.58040285110474,301,293.6775243282318,301,293.775043964386,301,293.8782653808594,301,293.97202372550964,301,294.29782724380493,301,294.4045925140381,301,294.5051534175873,301,294.9235134124756,301,295.04048323631287,301,295.15153646469116,301,295.2512638568878,301,295.3501398563385,301,295.44582867622375,301,295.5529305934906,301,295.65601086616516,301,295.76028633117676,301,295.87343740463257,301,295.9688115119934,301,296.06427788734436,301,296.1585659980774,301,296.4200313091278,301,296.5143852233887,301,296.8505277633667,301,297.07633328437805,301,297.18961477279663,301,297.6167905330658,301,297.73279762268066,301,297.8335773944855,301,297.9290738105774,301,298.0237455368042,301,298.1303358078003,301,298.2466404438019,301,298.3370051383972,301,298.446649312973,301,298.55366349220276,301,298.6504421234131,301,298.7622883319855,301,298.8610579967499,301,298.9758381843567,301,299.0779709815979,301,299.1777880191803,301,299.32112097740173,301,299.42142367362976,301,299.5337085723877,301,299.6307945251465,301,299.7470450401306,301,299.84870195388794,301,299.9613518714905,301,300.0477395057678
2,random graphs/triangle/r1.5k18n12/graph2.lgbin,2017,198.77395486831665,251,556,0,480,0.4073753356933594,445,0.6504344940185547,412,0.9836513996124268,392,1.3032310009002686,375,1.4203176498413086,373,1.5497405529022217,361,1.6549434661865234,360,1.769242525100708,339,2.012695789337158,326,2.2921438217163086,305,2.4433133602142334,305,2.5500924587249756,304,2.6858768463134766,303,2.81540846824646,302,2.9649221897125244,296,4.920148611068726,293,5.061511516571045,288,5.325214147567749,283,5.4492645263671875,283,5.825862646102905,283,5.931154251098633,283,6.041329860687256,281,6.154132843017578,278,6.277970314025879,278,6.382676601409912,278,6.484040975570679,278,6.657416343688965,278,6.904165744781494,278,7.008450984954834,278,7.199342727661133,278,7.308890104293823,278,7.415189266204834,274,7.521537780761719,273,7.672452211380005,273,7.798489809036255,273,7.907324314117432,273,8.023707628250122,273,8.129307508468628,273,8.240048170089722,273,8.34251356124878,272,8.478514194488525,272,8.592812776565552,272,8.755017518997192,272,8.856935977935791,272,9.107381582260132,272,9.220901012420654,272,9.339601516723633,272,9.502501010894775,272,9.614878416061401,272,9.732508182525635,272,9.832213640213013,272,9.94856595993042,272,10.060234785079956,272,10.175513982772827,272,10.285263776779175,272,10.386821985244751,272,10.498400926589966,272,10.607649803161621,272,10.727252960205078,272,10.824767351150513,267,10.954524993896484,264,11.057135105133057,264,11.173000574111938,264,11.306792974472046,264,11.407909631729126,264,11.53429627418518,264,11.645240306854248,262,11.77310562133789,261,11.905096530914307,261,12.017309665679932,261,12.120171785354614,260,12.249953031539917,260,12.368261337280273,260,12.470193862915039,260,12.57807970046997,260,12.739806413650513,260,12.865017175674438,260,12.96782898902893,260,13.088805198669434,260,13.189574956893921,260,13.293651342391968,260,13.560193538665771,260,13.661611795425415,260,13.76954960823059,260,13.887226104736328,260,13.988461017608643,260,14.098159551620483,260,14.198567628860474,260,14.309905767440796,260,14.444645643234253,260,14.549827575683594,260,14.65388822555542,260,14.76841139793396,259,14.906587839126587,257,15.057908058166504,257,15.177821636199951,257,15.316557884216309,256,15.448803186416626,256,15.551804542541504,256,15.661131381988525,256,15.768441915512085,256,15.872721910476685,256,15.970429420471191,256,16.09223175048828,256,16.197301864624023,255,16.340411901474,255,16.44992184638977,255,16.550790309906006,255,16.6542911529541,255,16.765968799591064,255,16.862108945846558,255,17.093022346496582,255,17.19404149055481,255,17.29941725730896,255,17.403913497924805,255,17.503323793411255,255,17.609645128250122,255,17.710347414016724,255,17.817167043685913,255,17.933939218521118,255,18.035447120666504,255,18.155991315841675,255,18.25549292564392,255,18.36884069442749,255,18.535183906555176,255,18.644986152648926,255,18.743510246276855,255,18.8454692363739,255,18.943952083587646,255,19.04132890701294,255,19.140462636947632,255,19.241618156433105,255,19.353262186050415,255,19.473875999450684,255,19.572250843048096,255,19.68747067451477,255,19.802392721176147,255,19.908817529678345,255,20.017771005630493,255,20.113141775131226,255,20.224323749542236,255,20.328295469284058,255,20.45003342628479,255,20.561599493026733,255,20.656218767166138,255,20.76879644393921,255,20.863792419433594,255,20.962114572525024,255,21.07596468925476,255,21.175626039505005,255,21.28918695449829,254,21.424383878707886,254,21.53630828857422,253,21.6437771320343,253,21.880037546157837,253,21.98793625831604,253,22.0914523601532,253,22.264061450958252,253,22.362343311309814,253,22.463639497756958,253,22.623535633087158,253,22.729844570159912,253,22.83120369911194,253,22.932650327682495,253,23.04523754119873,253,23.147584199905396,253,23.25666046142578,253,23.369078397750854,253,23.4727783203125,253,23.576695680618286,253,23.6747305393219,253,23.773468017578125,253,23.879821062088013,253,23.984790563583374,253,24.083667278289795,253,24.20064353942871,253,24.311978340148926,253,24.421841621398926,253,24.52966856956482,253,24.63250160217285,253,24.746132850646973,253,24.852679014205933,253,24.960891008377075,253,25.064449071884155,253,25.168338298797607,253,25.272679328918457,253,25.369818687438965,253,25.599794387817383,253,25.725717782974243,253,25.83483362197876,253,25.949202060699463,253,26.131160974502563,253,26.231449842453003,253,26.330543041229248,253,26.44580101966858,253,26.5482337474823,253,26.6534743309021,253,26.758617877960205,253,26.93929624557495,253,27.050345182418823,253,27.157860040664673,253,27.260679483413696,253,27.36344265937805,253,27.52971649169922,253,27.644115447998047,253,27.74836015701294,253,27.853392839431763,253,27.955976963043213,251,28.112691402435303,251,28.21813988685608,251,28.316367864608765,251,28.55736231803894,251,28.66451334953308,251,28.774320363998413,251,28.905583143234253,251,29.014341831207275,251,29.11637282371521,251,29.216264247894287,251,29.314608812332153,251,29.418553590774536,251,29.516128540039062,251,29.63903260231018,251,29.73984408378601,251,29.86232352256775,251,29.965247869491577,251,30.07052993774414,251,30.17630100250244,251,30.305977821350098,251,30.41559338569641,251,30.514826774597168,251,30.61804175376892,251,30.721071481704712,251,30.83347749710083,251,30.944347143173218,251,31.04679536819458,251,31.148955583572388,251,31.3041775226593,251,31.409545183181763,251,31.661020517349243,251,31.765133380889893,251,31.867847442626953,251,31.974839210510254,251,32.07218813896179,251,32.172438859939575,251,32.2831392288208,251,32.390297174453735,251,32.490304470062256,251,32.60213017463684,251,32.70925760269165,251,32.88924527168274,251,32.99366068840027,251,33.11481046676636,251,33.21994709968567,251,33.324464082717896,251,33.436941146850586,251,33.686875104904175,251,33.79215931892395,251,33.92344570159912,251,34.02895522117615,251,34.12974262237549,251,34.22843861579895,251,34.33420276641846,251,34.43253207206726,251,34.54161524772644,251,34.65161919593811,251,34.758143186569214,251,34.864145040512085,251,34.98370623588562,251,35.083033084869385,251,35.185293197631836,251,35.285646200180054,251,35.60222053527832,251,35.71044969558716,251,35.814040184020996,251,35.91958928108215,251,36.017032861709595,251,36.196476459503174,251,36.31205987930298,251,36.428943395614624,251,36.52564072608948,251,36.62834811210632,251,36.734577894210815,251,36.833012104034424,251,36.9364230632782,251,37.03782677650452,251,37.1450891494751,251,37.25526142120361,251,37.353543519973755,251,37.45881247520447,251,37.56927680969238,251,37.6786572933197,251,37.777271032333374,251,37.88122367858887,251,37.982837438583374,251,38.086132526397705,251,38.18628430366516,251,38.29580521583557,251,38.411521434783936,251,38.675522327423096,251,38.788002729415894,251,38.88799548149109,251,38.99072575569153,251,39.09862232208252,251,39.21218943595886,251,39.35015392303467,251,39.44913625717163,251,39.55238437652588,251,39.7592248916626,251,39.86129450798035,251,39.96924042701721,251,40.071614265441895,251,40.18348932266235,251,40.28945827484131,251,40.40107583999634,251,40.502378702163696,251,40.627275466918945,251,40.73129725456238,251,40.841113328933716,251,40.94228482246399,251,41.05047917366028,251,41.32317280769348,251,41.41911554336548,251,41.52310514450073,251,41.63744354248047,251,41.73578238487244,251,41.83646035194397,251,41.935823917388916,251,42.04530882835388,251,42.15895676612854,251,42.26153016090393,251,42.35909128189087,251,42.46391534805298,251,42.57763314247131,251,42.6978325843811,251,42.81453895568848,251,42.94143533706665,251,43.045177698135376,251,43.14783978462219,251,43.25691318511963,251,43.35963296890259,251,43.462180852890015,251,43.56840419769287,251,43.67433834075928,251,43.79745268821716,251,43.90778088569641,251,44.01134371757507,251,44.10853409767151,251,44.22424840927124,251,44.35572552680969,251,44.4731707572937,251,44.57638216018677,251,44.679306507110596,251,44.785035610198975,251,45.144160985946655,251,45.2571325302124,251,45.36386251449585,251,45.465271949768066,251,45.57948350906372,251,45.68001127243042,251,45.77992510795593,251,45.88812518119812,251,45.994338512420654,251,46.342116832733154,251,46.45113706588745,251,46.56739544868469,251,46.6942503452301,251,46.79627299308777,251,47.0323269367218,251,47.12966251373291,251,47.23546624183655,251,47.33490252494812,251,47.44686937332153,251,47.54791474342346,251,47.6535279750824,251,47.91687726974487,251,48.02051258087158,251,48.32003211975098,251,48.4239616394043,251,48.54304075241089,251,48.64976382255554,251,48.76181745529175,251,48.90769124031067,251,50.89259958267212,251,50.99562168121338,251,51.10322284698486,251,51.21020030975342,251,51.31286668777466,251,51.4203896522522,251,51.527796030044556,251,51.633575201034546,251,51.73810625076294,251,51.843109369277954,251,51.957916259765625,251,52.08405661582947,251,52.18214797973633,251,52.29118275642395,251,52.39713931083679,251,52.49764132499695,251,52.597315311431885,251,52.69976091384888,251,52.80391049385071,251,52.912795305252075,251,53.01447129249573,251,53.12435245513916,251,53.24182868003845,251,53.349674224853516,251,53.46026134490967,251,53.56330609321594,251,53.66021656990051,251,53.770548582077026,251,53.8792929649353,251,53.99095678329468,251,54.11592960357666,251,54.25143885612488,251,54.36021566390991,251,54.46022152900696,251,54.56516981124878,251,54.71947646141052,251,54.82330775260925,251,55.156556844711304,251,55.26164364814758,251,55.37446665763855,251,55.47652077674866,251,55.5886812210083,251,55.724037647247314,251,56.00708866119385,251,56.11656308174133,251,56.21534061431885,251,56.32022428512573,251,56.42473578453064,251,56.52787733078003,251,56.640461921691895,251,56.76294302940369,251,56.86622428894043,251,56.96623611450195,251,57.065842151641846,251,57.191651821136475,251,57.29149603843689,251,57.61241626739502,251,57.71068096160889,251,57.81515598297119,251,57.91630673408508,251,58.046446800231934,251,58.144800901412964,251,58.26158690452576,251,58.566702127456665,251,58.72822332382202,251,58.82473063468933,251,58.93636870384216,251,59.04006838798523,251,59.144776344299316,251,59.260788679122925,251,59.37729263305664,251,59.48042368888855,251,59.58367037773132,251,59.691778898239136,251,59.80812644958496,251,59.91729235649109,251,60.0227427482605,251,60.13139510154724,251,60.238616704940796,251,60.3942506313324,251,60.620142221450806,251,60.72417402267456,251,60.832741260528564,251,60.933109998703,251,61.05106258392334,251,61.154520988464355,251,61.26314043998718,251,61.368847131729126,251,61.475178718566895,251,61.57996082305908,251,61.68637776374817,251,61.802037715911865,251,62.149192094802856,251,62.25414681434631,251,62.358996629714966,251,62.48432993888855,251,62.5967915058136,251,62.702840089797974,251,62.82791757583618,251,62.97517800331116,251,63.084389209747314,251,63.19012689590454,251,63.29293465614319,251,63.38947129249573,251,63.52968430519104,251,63.63045287132263,251,63.7371346950531,251,63.86363339424133,251,64.23585629463196,251,64.33969497680664,251,64.45738935470581,251,64.55789518356323,251,64.66931056976318,251,64.78461408615112,251,64.89271092414856,251,64.99833488464355,251,65.09846830368042,251,65.19392418861389,251,65.30897641181946,251,65.40716314315796,251,65.52523159980774,251,65.6332778930664,251,65.74127769470215,251,65.84081530570984,251,65.94709873199463,251,66.29548859596252,251,66.58308935165405,251,66.6942241191864,251,66.79860782623291,251,66.90438890457153,251,67.00204825401306,251,67.10125708580017,251,67.20613837242126,251,67.31282448768616,251,67.40756440162659,251,67.51771664619446,251,67.62759184837341,251,67.73833012580872,251,67.84582138061523,251,67.95896863937378,251,68.05560612678528,251,68.15871596336365,251,68.26336669921875,251,68.43222332000732,251,68.53852486610413,251,68.6392982006073,251,68.74939608573914,251,68.85650968551636,251,69.06232357025146,251,69.1651873588562,251,69.26328682899475,251,69.36449837684631,251,69.47305083274841,251,69.57577681541443,251,69.67709994316101,251,69.78517413139343,251,69.89226293563843,251,69.99125814437866,251,70.09804153442383,251,70.20599579811096,251,70.30838513374329,251,70.41482448577881,251,70.52534198760986,251,70.63513922691345,251,70.73800015449524,251,70.84069967269897,251,70.94474196434021,251,71.04584336280823,251,71.15005540847778,251,71.2563123703003,251,71.35908222198486,251,71.46915864944458,251,71.59575963020325,251,71.69486665725708,251,71.8082013130188,251,71.9071409702301,251,72.01890707015991,251,72.2570595741272,251,72.35594773292542,251,72.46382355690002,251,72.56610012054443,251,72.69093823432922,251,72.79788422584534,251,72.90115761756897,251,73.0530297756195,251,73.15306568145752,251,73.26371574401855,251,73.36842274665833,251,73.46862578392029,251,73.57931876182556,251,73.73004102706909,251,73.84880137443542,251,73.96298670768738,251,74.07710886001587,251,74.17572045326233,251,74.47658705711365,251,74.59452247619629,251,74.71114230155945,251,74.81103706359863,251,74.92261147499084,251,75.02733325958252,251,75.13497519493103,251,75.23927187919617,251,75.33704495429993,251,75.44104075431824,251,75.55301570892334,251,75.66162276268005,251,75.76522088050842,251,75.86688923835754,251,75.98239970207214,251,76.08861565589905,251,76.31190252304077,251,76.4081621170044,251,76.51432538032532,251,76.61351823806763,251,76.72747159004211,251,76.87906432151794,251,76.98447895050049,251,77.08751845359802,251,77.19718313217163,251,77.30662512779236,251,77.41087555885315,251,77.51866793632507,251,77.63301014900208,251,77.74879503250122,251,77.85095453262329,251,77.95800423622131,251,78.05809950828552,251,78.17055463790894,251,78.29299283027649,251,78.40908336639404,251,78.50665974617004,251,78.61329770088196,251,78.7222228050232,251,78.82822966575623,251,78.9389443397522,251,79.0377094745636,251,79.17461085319519,251,79.2826759815216,251,79.38926219940186,251,79.51790499687195,251,79.82855463027954,251,79.94187116622925,251,80.0422432422638,251,80.14212989807129,251,80.24735140800476,251,80.37516665458679,251,80.48808479309082,251,80.59079027175903,251,80.6919207572937,251,80.7968397140503,251,80.90879654884338,251,81.01327538490295,251,81.12056016921997,251,81.22982931137085,251,81.33952975273132,251,81.45758008956909,251,81.56327867507935,251,81.66566133499146,251,81.78307342529297,251,82.02115869522095,251,82.12569165229797,251,82.22873091697693,251,82.33206844329834,251,82.4534318447113,251,82.5512306690216,251,82.64966869354248,251,82.76292657852173,251,82.86382341384888,251,82.97300505638123,251,83.29272294044495,251,83.4022057056427,251,83.50816774368286,251,83.61601710319519,251,83.71552205085754,251,83.84151411056519,251,83.95572209358215,251,84.05972695350647,251,84.15733528137207,251,84.26055693626404,251,84.36801314353943,251,84.48724508285522,251,84.60109853744507,251,84.70159482955933,251,84.80212378501892,251,84.91770958900452,251,85.21046924591064,251,85.31392788887024,251,85.57889366149902,251,85.68630123138428,251,85.95741653442383,251,86.05884504318237,251,86.16776394844055,251,86.27728533744812,251,86.39355540275574,251,86.49526023864746,251,86.59482502937317,251,86.71371865272522,251,86.84873747825623,251,86.95959997177124,251,87.09718108177185,251,87.20429730415344,251,87.30190062522888,251,87.41106176376343,251,87.5396876335144,251,87.6595413684845,251,87.76524233818054,251,87.86559629440308,251,87.96587920188904,251,88.06357550621033,251,88.17108535766602,251,88.27508664131165,251,88.42686223983765,251,88.53795766830444,251,88.63799571990967,251,88.7477376461029,251,88.84841752052307,251,88.96425318717957,251,89.08323359489441,251,89.20417380332947,251,89.3324785232544,251,89.44364476203918,251,89.54894423484802,251,89.6638731956482,251,89.77479982376099,251,89.87674522399902,251,89.9883451461792,251,90.10116815567017,251,90.20347881317139,251,90.30088806152344,251,90.41009855270386,251,90.51701760292053,251,90.62147545814514,251,90.72583556175232,251,90.82298159599304,251,90.94708061218262,251,91.0437421798706,251,91.14595127105713,251,91.24857306480408,251,91.35437440872192,251,91.45911502838135,251,91.56374096870422,251,91.67449927330017,251,91.77878594398499,251,91.87627053260803,251,91.98390293121338,251,92.08592295646667,251,92.19843888282776,251,92.3071858882904,251,92.4082670211792,251,92.52510523796082,251,92.62409973144531,251,92.73751139640808,251,92.84209299087524,251,92.94059467315674,251,93.04199504852295,251,93.34373950958252,251,93.45005989074707,251,93.55226254463196,251,93.87001132965088,251,93.97581601142883,251,94.07694697380066,251,94.18006420135498,251,94.28093910217285,251,94.3836395740509,251,94.4936170578003,251,94.60370802879333,251,94.70520305633545,251,94.80285429954529,251,95.09960174560547,251,95.21524262428284,251,95.3224368095398,251,95.4337751865387,251,95.54262113571167,251,95.64955806732178,251,95.76670932769775,251,95.87270092964172,251,95.99353575706482,251,96.16634511947632,251,96.26769542694092,251,96.36889052391052,251,96.47221279144287,251,96.5956461429596,251,96.72896027565002,251,96.8582353591919,251,97.1257483959198,251,97.23655486106873,251,97.33183407783508,251,97.43969488143921,251,97.5433566570282,251,97.65382242202759,251,97.77105522155762,251,98.01979994773865,251,98.12425756454468,251,98.22645425796509,251,98.33093214035034,251,98.43809127807617,251,98.53994607925415,251,98.64884924888611,251,98.74708199501038,251,98.8511962890625,251,98.95761752128601,251,99.06800532341003,251,99.17234659194946,251,99.2809534072876,251,99.38521456718445,251,99.48319840431213,251,99.58479952812195,251,99.68213605880737,251,99.79190230369568,251,99.89283967018127,251,99.9950578212738,251,100.09474539756775,251,100.20585203170776,251,100.31053233146667,251,100.4094922542572,251,100.51320195198059,251,100.61727166175842,251,100.72306418418884,251,100.82863068580627,251,100.93954133987427,251,101.0496301651001,251,101.14998865127563,251,101.25793743133545,251,101.35742735862732,251,101.4606385231018,251,101.56666707992554,251,101.66772198677063,251,101.7797224521637,251,101.95414996147156,251,102.053964138031,251,102.16312575340271,251,102.26976323127747,251,102.38224053382874,251,102.49620366096497,251,102.81411004066467,251,102.91667461395264,251,103.03020238876343,251,103.14171075820923,251,103.24822664260864,251,103.35522508621216,251,103.46581864356995,251,103.57632541656494,251,103.73985648155212,251,103.84635901451111,251,103.95341467857361,251,104.05418133735657,251,104.1638195514679,251,104.26934242248535,251,104.37832403182983,251,104.48256492614746,251,104.59022831916809,251,104.68663430213928,251,104.80009174346924,251,104.9047863483429,251,105.01230049133301,251,105.12363314628601,251,105.22807931900024,251,105.34724617004395,251,105.45216774940491,251,105.55763411521912,251,105.83867740631104,251,105.9466540813446,251,106.05414724349976,251,106.15740942955017,251,106.25808930397034,251,106.35752940177917,251,106.4563901424408,251,106.55628848075867,251,106.65681385993958,251,106.76080894470215,251,106.88034152984619,251,107.03824520111084,251,107.31306505203247,251,107.4122269153595,251,107.5138509273529,251,107.6278464794159,251,107.74173402786255,251,107.88915085792542,251,107.99125003814697,251,108.32179045677185,251,108.42936205863953,251,108.53610801696777,251,108.63633394241333,251,108.73866081237793,251,109.03037619590759,251,109.13523554801941,251,109.23722457885742,251,109.33533692359924,251,109.4553701877594,251,109.57036113739014,251,109.66874694824219,251,109.77433109283447,251,109.89449954032898,251,109.99985146522522,251,110.10862112045288,251,110.22771716117859,251,110.34203338623047,251,110.49388432502747,251,110.60489344596863,251,110.87117886543274,251,111.0246992111206,251,111.13147401809692,251,111.23917007446289,251,111.34252572059631,251,111.44242787361145,251,111.55111122131348,251,111.64914631843567,251,111.74761700630188,251,111.85143971443176,251,111.9666166305542,251,112.10940551757812,251,112.21674466133118,251,112.46165084838867,251,112.59652137756348,251,112.73844289779663,251,112.84188342094421,251,112.99925351142883,251,113.32039880752563,251,113.42452573776245,251,113.52588653564453,251,113.63713240623474,251,113.89962768554688,251,114.00018000602722,251,114.11326503753662,251,114.21368598937988,251,114.32450461387634,251,114.43527889251709,251,114.53268766403198,251,114.64633274078369,251,114.74699473381042,251,114.8464503288269,251,114.9553234577179,251,115.06164407730103,251,115.18058848381042,251,115.29348826408386,251,115.39903426170349,251,115.5047173500061,251,115.60349988937378,251,116.06750655174255,251,116.16882514953613,251,116.27635955810547,251,116.38163232803345,251,116.49795889854431,251,116.61072540283203,251,116.74104118347168,251,116.84080147743225,251,116.94630146026611,251,117.05685758590698,251,117.16769480705261,251,117.27436375617981,251,117.38069534301758,251,117.48502516746521,251,117.59129238128662,251,117.69216895103455,251,117.83056735992432,251,117.92667078971863,251,118.02673411369324,251,118.1325294971466,251,118.3012707233429,251,118.43211913108826,251,118.53554153442383,251,118.67801117897034,251,118.78806519508362,251,118.89958953857422,251,119.00613808631897,251,119.11203598976135,251,119.22858595848083,251,119.36589360237122,251,119.72136974334717,251,119.8241548538208,251,119.97522616386414,251,120.08080053329468,251,120.18560409545898,251,120.289315700531,251,120.38819432258606,251,120.48976707458496,251,120.63972997665405,251,120.754474401474,251,121.01175022125244,251,121.11215472221375,251,121.25362801551819,251,121.35953307151794,251,121.46132397651672,251,121.56656074523926,251,121.67074990272522,251,121.77256155014038,251,121.8792040348053,251,121.98594927787781,251,122.08991360664368,251,122.19912195205688,251,122.33795213699341,251,122.44899702072144,251,122.55026745796204,251,122.64862775802612,251,122.75756406784058,251,122.98137354850769,251,123.22247195243835,251,123.32308888435364,251,123.43259310722351,251,123.58612418174744,251,123.69724822044373,251,123.79983901977539,251,123.91706252098083,251,124.01632261276245,251,124.12712168693542,251,124.2264416217804,251,124.329350233078,251,124.4334397315979,251,124.54509377479553,251,124.85008835792542,251,125.1018455028534,251,125.21061134338379,251,125.31462097167969,251,125.4195032119751,251,125.62508130073547,251,125.73976421356201,251,125.84801506996155,251,125.95041012763977,251,126.05673718452454,251,126.16864109039307,251,126.45390748977661,251,126.56727123260498,251,126.67848229408264,251,126.79445600509644,251,126.89614033699036,251,127.00436592102051,251,127.11481070518494,251,127.22361755371094,251,127.32600450515747,251,127.439626455307,251,127.55238175392151,251,127.70164179801941,251,127.80660557746887,251,127.91154170036316,251,128.01311779022217,251,128.13197326660156,251,128.24259305000305,251,128.34181928634644,251,128.4490258693695,251,128.55122709274292,251,128.65204119682312,251,128.8709785938263,251,128.98508524894714,251,129.09273648262024,251,129.2384433746338,251,129.3465826511383,251,129.4440517425537,251,129.54125666618347,251,129.64879894256592,251,129.74938583374023,251,129.84708261489868,251,129.94373559951782,251,130.04581665992737,251,130.1554832458496,251,130.48440074920654,251,130.58533692359924,251,130.6819999217987,251,130.77755165100098,251,130.88752818107605,251,130.98925971984863,251,131.09748196601868,251,131.21395707130432,251,131.31788992881775,251,131.4188027381897,251,131.52009415626526,251,131.62907433509827,251,131.73587131500244,251,131.8394320011139,251,131.9448857307434,251,132.05522298812866,251,132.16255712509155,251,132.27727103233337,251,132.37717199325562,251,132.48491525650024,251,132.6033797264099,251,132.7078948020935,251,132.85210013389587,251,132.9596688747406,251,133.06439661979675,251,133.17654824256897,251,133.2723982334137,251,133.376056432724,251,133.47722864151,251,133.5835735797882,251,133.68281626701355,251,133.78739523887634,251,133.8865611553192,251,133.99323534965515,251,134.0947072505951,251,134.1951298713684,251,134.30733108520508,251,134.41022443771362,251,134.51591181755066,251,134.6267750263214,251,134.73217582702637,251,134.8339056968689,251,134.9408266544342,251,135.04138326644897,251,135.14721369743347,251,135.25419330596924,251,135.42917943000793,251,135.53022813796997,251,135.62729835510254,251,135.73551201820374,251,135.83245158195496,251,135.9468002319336,251,136.05559515953064,251,136.1627926826477,251,136.26014351844788,251,136.35880947113037,251,136.5165684223175,251,136.61899042129517,251,136.7346637248993,251,136.83781838417053,251,136.9392433166504,251,137.0443766117096,251,137.29435300827026,251,137.59369277954102,251,137.6996569633484,251,137.93568062782288,251,138.04807806015015,251,138.15452527999878,251,138.43777012825012,251,138.5470314025879,251,138.65756392478943,251,138.75427794456482,251,138.8718147277832,251,138.96910667419434,251,139.09022402763367,251,139.34012389183044,251,139.43992137908936,251,139.54398608207703,251,139.64516949653625,251,139.7511534690857,251,139.86128163337708,251,139.9824719429016,251,140.11645555496216,251,140.2227725982666,251,140.3276183605194,251,140.44247221946716,251,140.6044692993164,251,140.7081859111786,251,140.81712818145752,251,140.91694903373718,251,141.02997183799744,251,141.14366006851196,251,141.38771963119507,251,141.49184823036194,251,141.5987160205841,251,141.71332502365112,251,141.82015895843506,251,141.9355068206787,251,142.0416214466095,251,142.14176559448242,251,142.24218034744263,251,142.35165858268738,251,142.69824147224426,251,142.86757397651672,251,142.97033405303955,251,143.0785357952118,251,143.19119715690613,251,143.29435658454895,251,143.40117955207825,251,143.5029125213623,251,143.60902309417725,251,143.7140929698944,251,143.81400418281555,251,143.9216799736023,251,144.03698778152466,251,144.16107535362244,251,144.26884698867798,251,144.37032341957092,251,144.4766504764557,251,144.59650588035583,251,144.71831965446472,251,144.8183777332306,251,144.9388108253479,251,145.04763054847717,251,145.1438570022583,251,145.25798678398132,251,145.3620982170105,251,145.45858645439148,251,145.56609535217285,251,145.80243849754333,251,145.90824818611145,251,146.015034198761,251,146.11824321746826,251,146.215256690979,251,146.3196382522583,251,146.4257836341858,251,146.54072380065918,251,146.649804353714,251,146.7548224925995,251,146.87030673027039,251,146.97100019454956,251,147.0831434726715,251,147.1830279827118,251,147.2890305519104,251,147.40448999404907,251,147.51394033432007,251,147.62383341789246,251,147.72342324256897,251,147.94971632957458,251,148.26780676841736,251,148.37811660766602,251,148.509948015213,251,148.6374967098236,251,148.74421000480652,251,148.86816596984863,251,148.97511386871338,251,149.07813239097595,251,149.3992841243744,251,149.51389241218567,251,149.61973404884338,251,149.7283320426941,251,149.82826113700867,251,149.93252635002136,251,150.04424357414246,251,150.15757274627686,251,150.43735575675964,251,150.5498504638672,251,150.6500072479248,251,150.75796031951904,251,150.8657672405243,251,150.97406554222107,251,151.08004307746887,251,151.4188106060028,251,151.525217294693,251,151.6294391155243,251,151.73334670066833,251,152.08663821220398,251,152.37357234954834,251,152.4802758693695,251,152.81684017181396,251,152.9172487258911,251,153.21383047103882,251,153.31807279586792,251,153.4247395992279,251,153.52216720581055,251,153.6259696483612,251,153.73365259170532,251,153.83521699905396,251,153.9438009262085,251,154.04435753822327,251,154.15210890769958,251,154.25705766677856,251,154.36195826530457,251,154.47212648391724,251,154.5813376903534,251,154.68820667266846,251,154.79236674308777,251,154.8918480873108,251,155.2140007019043,251,155.3252956867218,251,155.42990732192993,251,155.543208360672,251,155.6438295841217,251,155.75554537773132,251,155.85610365867615,251,155.9780113697052,251,156.07946014404297,251,156.1886224746704,251,156.29657626152039,251,156.3942792415619,251,156.49941492080688,251,156.6050353050232,251,156.71214962005615,251,156.8850040435791,251,157.00688099861145,251,157.09915447235107,251,157.20423436164856,251,157.30414509773254,251,157.49051547050476,251,157.6204776763916,251,157.72096729278564,251,157.82935070991516,251,157.9422435760498,251,158.04597997665405,251,158.16334319114685,251,158.32914686203003,251,158.4452087879181,251,158.55315852165222,251,158.89342737197876,251,159.0389494895935,251,159.14295434951782,251,159.444491147995,251,159.55874252319336,251,159.66024708747864,251,159.76141500473022,251,159.85939955711365,251,159.96340680122375,251,160.11546969413757,251,160.43534421920776,251,160.54057145118713,251,160.64576816558838,251,160.7556071281433,251,160.8678719997406,251,160.9640393257141,251,161.21888947486877,251,161.32033109664917,251,161.42540502548218,251,161.52997875213623,251,161.63260197639465,251,161.73705625534058,251,161.84706687927246,251,161.94747304916382,251,162.3407654762268,251,162.4503095149994,251,162.5668375492096,251,162.67670321464539,251,162.78374028205872,251,162.88569688796997,251,162.988267660141,251,163.09798860549927,251,163.20966386795044,251,163.32276439666748,251,163.4281189441681,251,163.53469705581665,251,163.63573098182678,251,163.7485408782959,251,163.85228633880615,251,163.9617464542389,251,164.0687325000763,251,164.18479824066162,251,164.30323004722595,251,164.41693210601807,251,164.52188181877136,251,164.81636381149292,251,164.96152353286743,251,165.06858563423157,251,165.1707043647766,251,165.27851033210754,251,165.37969326972961,251,165.47970700263977,251,165.5886561870575,251,165.70903205871582,251,165.80992245674133,251,165.9062774181366,251,166.0139856338501,251,166.113844871521,251,166.232727766037,251,166.56334829330444,251,166.66406679153442,251,166.7669243812561,251,166.86838364601135,251,166.96827793121338,251,167.0701515674591,251,167.17200541496277,251,167.29013323783875,251,167.38928771018982,251,167.49253582954407,251,167.60399413108826,251,167.70148587226868,251,167.79951095581055,251,167.90978121757507,251,168.02070331573486,251,168.13653779029846,251,168.23425602912903,251,168.34164476394653,251,168.44315576553345,251,168.5443947315216,251,168.65221428871155,251,168.75439715385437,251,168.8588902950287,251,168.96409153938293,251,169.05926322937012,251,169.17008328437805,251,169.4707202911377,251,169.57807779312134,251,169.71820378303528,251,169.8289098739624,251,169.93064713478088,251,170.03530406951904,251,170.14151287078857,251,170.25408101081848,251,170.3723418712616,251,170.47676014900208,251,170.59676122665405,251,170.74055337905884,251,170.8866732120514,251,170.9880211353302,251,171.09867644309998,251,171.21317410469055,251,171.32569646835327,251,171.42320942878723,251,171.53612327575684,251,171.63646245002747,251,171.7463641166687,251,171.85407400131226,251,171.95317792892456,251,172.067378282547,251,172.23803234100342,251,172.58471059799194,251,172.9057333469391,251,173.02045607566833,251,173.1320924758911,251,173.24124479293823,251,173.34408164024353,251,173.44962811470032,251,173.63009309768677,251,173.7693042755127,251,173.872141122818,251,173.97362637519836,251,174.08000707626343,251,174.195814371109,251,174.50920367240906,251,174.62125873565674,251,174.7220585346222,251,174.82354521751404,251,174.92162203788757,251,175.02111196517944,251,175.1285285949707,251,175.23397016525269,251,175.33688402175903,251,175.4395728111267,251,175.55047821998596,251,175.6618254184723,251,175.77457880973816,251,175.88203525543213,251,175.98141407966614,251,176.2962691783905,251,176.40031719207764,251,176.49965929985046,251,176.60404777526855,251,176.70658898353577,251,176.80671572685242,251,176.91480827331543,251,177.0281457901001,251,177.15571570396423,251,177.42692732810974,251,177.5243043899536,251,177.62891340255737,251,177.72986340522766,251,177.835786819458,251,177.93769812583923,251,178.04187750816345,251,178.16672730445862,251,178.48763275146484,251,178.58806347846985,251,178.7160768508911,251,178.87306141853333,251,178.99197578430176,251,179.09209752082825,251,179.21307706832886,251,179.31540656089783,251,179.43239831924438,251,179.52872395515442,251,179.63887286186218,251,179.74451446533203,251,179.8429660797119,251,179.96025943756104,251,180.06309461593628,251,180.1701316833496,251,180.29916048049927,251,180.42059588432312,251,180.52165842056274,251,180.6230103969574,251,180.77757358551025,251,180.8750946521759,251,180.97639060020447,251,181.07636427879333,251,181.18165922164917,251,181.29123377799988,251,181.3970582485199,251,181.49760508537292,251,181.5997178554535,251,181.7054340839386,251,181.80908942222595,251,181.9209840297699,251,182.03358268737793,251,182.14224290847778,251,182.38874506950378,251,182.5002715587616,251,182.6087658405304,251,182.73210787773132,251,182.8411145210266,251,182.9520263671875,251,183.05612659454346,251,183.16944098472595,251,183.2824902534485,251,183.38182401657104,251,183.48387098312378,251,183.59233903884888,251,183.70363879203796,251,183.82635354995728,251,183.93092322349548,251,184.0266044139862,251,184.13268065452576,251,184.23750400543213,251,184.35197710990906,251,184.45205736160278,251,184.55398440361023,251,184.6565408706665,251,184.75710105895996,251,184.91177248954773,251,185.0678997039795,251,185.17827248573303,251,185.51290035247803,251,185.61389422416687,251,185.7153582572937,251,185.8391044139862,251,186.1063244342804,251,186.23161149024963,251,186.34305691719055,251,186.44524884223938,251,186.55201029777527,251,186.6534779071808,251,186.7837200164795,251,186.88472700119019,251,186.99348616600037,251,187.10143041610718,251,187.20704817771912,251,187.31461453437805,251,187.4145143032074,251,187.51497435569763,251,187.61923813819885,251,187.73738408088684,251,187.84224200248718,251,187.944265127182,251,188.0434787273407,251,188.1453878879547,251,188.25907492637634,251,188.35555171966553,251,188.46103978157043,251,188.56640124320984,251,188.82333064079285,251,188.92559385299683,251,189.03465223312378,251,189.14015412330627,251,189.25096011161804,251,189.35636854171753,251,189.46679711341858,251,189.78432869911194,251,189.90116596221924,251,190.0180206298828,251,190.11741018295288,251,190.21700263023376,251,190.32474327087402,251,190.43255805969238,251,190.5954782962799,251,190.70457434654236,251,190.81630730628967,251,190.9172396659851,251,191.04187655448914,251,191.13960719108582,251,191.37583208084106,251,191.47938084602356,251,191.58288669586182,251,191.69144678115845,251,191.81371450424194,251,191.91511821746826,251,192.24211859703064,251,192.3485906124115,251,192.44759726524353,251,192.67464780807495,251,192.91779494285583,251,193.02542805671692,251,193.1380205154419,251,193.25196146965027,251,193.3780176639557,251,193.48322010040283,251,193.58551812171936,251,193.8280131816864,251,193.98371005058289,251,194.08697819709778,251,194.19162893295288,251,194.43018889427185,251,194.5378818511963,251,194.67703318595886,251,194.78011012077332,251,194.89424443244934,251,195.0084571838379,251,195.19868421554565,251,195.5115692615509,251,195.61151361465454,251,195.7123098373413,251,195.81782460212708,251,195.9217014312744,251,196.0328550338745,251,196.15615129470825,251,196.26791381835938,251,196.36454153060913,251,196.47203421592712,251,196.56850719451904,251,196.74065136909485,251,196.8591411113739,251,197.01287412643433,251,197.1225244998932,251,197.22635984420776,251,197.32456016540527,251,197.43541073799133,251,197.5473837852478,251,197.65843296051025,251,197.78002333641052,251,197.94593238830566,251,200.7805061340332,251,200.92108058929443,251,201.03389525413513,251,201.14789390563965,251,201.24573349952698,251,201.35478448867798,251,201.46306538581848,251,201.57081961631775,251,201.68229937553406,251,201.78025579452515,251,201.88988590240479,251,202.00079894065857,251,202.10530829429626,251,202.47609615325928,251,202.5870702266693,251,202.6939046382904,251,202.80317974090576,251,202.90558195114136,251,203.0160140991211,251,203.12335205078125,251,203.2218039035797,251,203.332106590271,251,203.5648274421692,251,203.68277764320374,251,203.78886246681213,251,203.89608526229858,251,204.00628018379211,251,204.1075530052185,251,204.22032952308655,251,204.32070302963257,251,204.42346858978271,251,204.5321764945984,251,204.6349220275879,251,204.7395794391632,251,204.84619545936584,251,204.9586980342865,251,205.07416796684265,251,205.18246269226074,251,205.32805180549622,251,205.44391322135925,251,205.5470311641693,251,205.65689849853516,251,205.75624656677246,251,205.85518050193787,251,205.96923398971558,251,206.09762048721313,251,206.19719815254211,251,206.30228972434998,251,206.41453862190247,251,206.51359176635742,251,206.61916422843933,251,206.7275619506836,251,206.84774899482727,251,206.96396708488464,251,207.06248426437378,251,207.17169165611267,251,207.26937747001648,251,207.42642664909363,251,207.52774500846863,251,207.62723922729492,251,207.73261547088623,251,207.83810210227966,251,207.94224667549133,251,208.0447793006897,251,208.15718531608582,251,208.27002787590027,251,208.49525046348572,251,208.60341882705688,251,208.70800161361694,251,208.8150315284729,251,208.92574381828308,251,209.173730134964,251,209.2771110534668,251,209.37374329566956,251,209.48741841316223,251,209.60206246376038,251,209.70743489265442,251,209.81572794914246,251,209.93431210517883,251,210.04189467430115,251,210.1468861103058,251,210.45715308189392,251,210.5579478740692,251,210.6640887260437,251,210.77330327033997,251,210.8919312953949,251,210.998703956604,251,211.10219836235046,251,211.20134353637695,251,211.2997181415558,251,211.41555833816528,251,211.52762913703918,251,211.65040612220764,251,211.74788427352905,251,211.85274362564087,251,211.96446871757507,251,212.07420325279236,251,212.19155311584473,251,212.302903175354,251,212.4120635986328,251,212.52029633522034,251,212.62946486473083,251,212.73433756828308,251,212.84155297279358,251,213.17450046539307,251,213.27540278434753,251,213.46017384529114,251,213.74355673789978,251,213.8433060646057,251,213.98546242713928,251,214.30168318748474,251,214.4176115989685,251,214.5210657119751,251,214.6239287853241,251,214.72807455062866,251,214.8624505996704,251,214.96736216545105,251,215.07437300682068,251,215.17743396759033,251,215.2975046634674,251,215.3998498916626,251,215.49987983703613,251,215.65812993049622,251,215.7578887939453,251,215.85913062095642,251,215.9654290676117,251,216.0650441646576,251,216.177809715271,251,216.278493642807,251,216.3861711025238,251,216.4920825958252,251,216.59219074249268,251,216.69617009162903,251,217.05474495887756,251,217.1653048992157,251,217.26054906845093,251,217.36633038520813,251,217.47336745262146,251,217.57076454162598,251,217.6828727722168,251,217.8112428188324,251,217.90916204452515,251,218.01575899124146,251,218.13809514045715,251,218.24995827674866,251,218.35296082496643,251,218.4764814376831,251,218.58099055290222,251,218.68426084518433,251,218.8592131137848,251,218.97230005264282,251,219.07184100151062,251,219.17725467681885,251,219.29503750801086,251,219.40137386322021,251,219.5587980747223,251,219.66241312026978,251,219.77403259277344,251,219.87758421897888,251,219.99067306518555,251,220.163583278656,251,220.27324986457825,251,220.37589836120605,251,220.4759087562561,251,220.5806474685669,251,220.69455742835999,251,220.80926728248596,251,221.04388117790222,251,221.1468858718872,251,221.3008873462677,251,221.41479539871216,251,221.512531042099,251,221.62017846107483,251,221.72321343421936,251,221.82272481918335,251,221.9284472465515,251,222.03394627571106,251,222.13280129432678,251,222.25196146965027,251,222.56039428710938,251,222.66519689559937,251,222.81112504005432,251,222.911057472229,251,223.21436142921448,251,223.32331943511963,251,223.4330906867981,251,223.54022598266602,251,223.677880525589,251,223.913156747818,251,224.02324199676514,251,224.13009595870972,251,224.22915840148926,251,224.34415793418884,251,224.44412517547607,251,224.5424735546112,251,224.68276357650757,251,224.79448580741882,251,224.9025638103485,251,224.998064994812,251,225.14620304107666,251,225.24861550331116,251,225.39729690551758,251,225.50161814689636,251,225.60987401008606,251,225.71738409996033,251,225.8221743106842,251,225.92508149147034,251,226.02903008460999,251,226.13875031471252,251,226.2363691329956,251,226.33584761619568,251,226.4531044960022,251,226.55040740966797,251,226.65312933921814,251,226.97371006011963,251,227.1357445716858,251,227.23651146888733,251,227.33597421646118,251,227.43645644187927,251,227.53673219680786,251,227.6370449066162,251,227.7389256954193,251,227.8365399837494,251,227.9366376399994,251,228.04517102241516,251,228.1577160358429,251,228.25734543800354,251,228.36234545707703,251,228.4663531780243,251,228.57224702835083,251,228.67634177207947,251,228.78376126289368,251,228.9372100830078,251,229.0384418964386,251,229.15044689178467,251,229.27027463912964,251,229.42627143859863,251,229.59280705451965,251,229.69439578056335,251,229.85764527320862,251,229.9722158908844,251,230.08064723014832,251,230.1863715648651,251,230.29425263404846,251,230.3972487449646,251,230.50601935386658,251,230.6062455177307,251,230.71685409545898,251,230.82378029823303,251,230.93727159500122,251,231.04020810127258,251,231.14311003684998,251,231.2490940093994,251,231.35780596733093,251,231.46630120277405,251,231.56801056861877,251,231.67544865608215,251,231.77637267112732,251,231.87490677833557,251,232.25358605384827,251,232.35618495941162,251,232.45704340934753,251,232.57059001922607,251,232.67127013206482,251,232.7712025642395,251,232.87977504730225,251,232.98661708831787,251,233.22019600868225,251,233.32429838180542,251,233.4368815422058,251,233.5380094051361,251,233.65602612495422,251,233.7651755809784,251,233.8646695613861,251,233.97427535057068,251,234.08087587356567,251,234.18429923057556,251,234.29244232177734,251,234.40587306022644,251,234.5147304534912,251,234.61682534217834,251,234.90621161460876,251,235.1253674030304,251,235.22628378868103,251,235.33487010002136,251,235.48571348190308,251,235.59650993347168,251,235.70290684700012,251,235.8040452003479,251,235.91531610488892,251,236.02743864059448,251,236.13940024375916,251,236.25598788261414,251,236.36076736450195,251,236.45583081245422,251,236.62171387672424,251,236.72093844413757,251,236.82527565956116,251,236.92772102355957,251,237.07605075836182,251,237.18272924423218,251,237.2845549583435,251,237.58633399009705,251,237.89505815505981,251,238.00155067443848,251,238.09766364097595,251,238.26872658729553,251,238.3770842552185,251,238.48028016090393,251,238.57570576667786,251,238.677086353302,251,238.78707027435303,251,238.90345406532288,251,239.00976467132568,251,239.11748003959656,251,239.2260320186615,251,239.3353636264801,251,239.44517374038696,251,239.55525183677673,251,239.6568248271942,251,239.76696848869324,251,239.87920784950256,251,239.99612021446228,251,240.10371732711792,251,240.21100735664368,251,240.31355667114258,251,240.421639919281,251,240.5252387523651,251,240.62414860725403,251,240.72314429283142,251,240.82345485687256,251,240.92091488838196,251,241.03090047836304,251,241.14608645439148,251,241.26029801368713,251,241.37103962898254,251,241.47037529945374,251,241.58070492744446,251,241.74436116218567,251,241.8552029132843,251,241.95658779144287,251,242.05774855613708,251,242.1591477394104,251,242.3115532398224,251,242.41144728660583,251,242.52738332748413,251,242.63585543632507,251,242.74711847305298,251,242.8472921848297,251,242.96663546562195,251,243.06544852256775,251,243.165456533432,251,243.26962041854858,251,243.372905254364,251,243.53142857551575,251,243.6721727848053,251,243.79051160812378,251,243.89934253692627,251,244.01076412200928,251,244.11474108695984,251,244.21403646469116,251,244.31484532356262,251,244.4236238002777,251,244.53818273544312,251,244.8403217792511,251,244.98250031471252,251,245.3332986831665,251,245.44660234451294,251,245.57312154769897,251,245.75313782691956,251,245.85703992843628,251,245.95760369300842,251,246.05843877792358,251,246.17423701286316,251,246.28746557235718,251,246.3874170780182,251,246.49282956123352,251,246.59587168693542,251,246.70022344589233,251,246.86399745941162,251,246.96548700332642,251,247.08263421058655,251,247.21277117729187,251,247.31536626815796,251,247.42185139656067,251,247.52231168746948,251,247.62358403205872,251,247.73556900024414,251,247.84560775756836,251,247.96557068824768,251,248.06419014930725,251,248.16699361801147,251,248.2772181034088,251,248.37953543663025,251,248.4843509197235,251,248.5832347869873,251,248.85244631767273,251,248.95883893966675,251,249.06301021575928,251,249.168221950531,251,249.27087259292603,251,249.3717908859253,251,249.47081756591797,251,249.58041048049927,251,249.6881582736969,251,249.79795050621033,251,249.90955138206482,251,250.22583603858948,251,250.3316307067871,251,250.43321323394775,251,250.54317235946655,251,250.65530490875244,251,250.75653672218323,251,250.8747272491455,251,250.99040341377258,251,251.09465312957764,251,251.20461440086365,251,251.31416702270508,251,251.41988039016724,251,251.53081893920898,251,251.63383316993713,251,251.73629188537598,251,251.95279240608215,251,252.0571208000183,251,252.17527055740356,251,252.27746391296387,251,252.37530422210693,251,252.47533178329468,251,252.57651805877686,251,252.68260550498962,251,252.79452657699585,251,252.90247440338135,251,253.017835855484,251,253.1203944683075,251,253.22672510147095,251,253.33512163162231,251,253.43652272224426,251,253.54792046546936,251,253.65248370170593,251,253.7515413761139,251,253.86248016357422,251,253.96374773979187,251,254.0806851387024,251,254.18860340118408,251,254.29270386695862,251,254.39997100830078,251,254.51947593688965,251,254.64066815376282,251,254.9271903038025,251,255.04205012321472,251,255.15201258659363,251,255.26256227493286,251,255.37069010734558,251,255.46929454803467,251,255.58378291130066,251,255.68987250328064,251,255.7960090637207,251,255.91601872444153,251,256.0264160633087,251,256.134850025177,251,256.2475471496582,251,256.3539984226227,251,256.468638420105,251,256.56776237487793,251,256.6832625865936,251,256.7822482585907,251,256.87828397750854,251,256.9836745262146,251,257.13463306427,251,257.2466232776642,251,257.34624433517456,251,257.44807720184326,251,257.5494062900543,251,257.6513569355011,251,257.77209544181824,251,257.87580609321594,251,258.22714471817017,251,258.3583779335022,251,258.4689157009125,251,258.5819435119629,251,258.6856565475464,251,258.8012943267822,251,258.9127480983734,251,259.02567744255066,251,259.12288880348206,251,259.23164463043213,251,259.3288633823395,251,259.430704832077,251,259.59568548202515,251,259.7576415538788,251,259.8624234199524,251,259.9746289253235,251,260.07329392433167,251,260.3130922317505,251,260.4321258068085,251,260.54561257362366,251,260.65228509902954,251,260.75606870651245,251,260.86078357696533,251,261.15588331222534,251,261.25462770462036,251,261.3639762401581,251,261.46969962120056,251,261.5751962661743,251,261.6778516769409,251,261.77655577659607,251,261.88425636291504,251,261.98646116256714,251,262.09281635284424,251,262.3460011482239,251,262.49142837524414,251,262.5941653251648,251,262.7017197608948,251,262.8003921508789,251,262.934818983078,251,263.0373044013977,251,263.1513764858246,251,263.2570176124573,251,263.35641169548035,251,263.52820348739624,251,263.6309332847595,251,263.7304277420044,251,263.848185300827,251,263.95010209083557,251,264.0526177883148,251,264.1597046852112,251,264.2720580101013,251,264.377432346344,251,264.4946873188019,251,264.624538898468,251,264.72358894348145,251,264.83131885528564,251,264.944552898407,251,265.0531008243561,251,265.1799898147583,251,265.279522895813,251,265.3779945373535,251,265.47781443595886,251,265.58555245399475,251,265.68312668800354,251,265.78555059432983,251,265.893043756485,251,266.0539412498474,251,266.31930208206177,251,266.4282178878784,251,266.52822637557983,251,266.633367061615,251,266.7376675605774,251,266.83740520477295,251,266.9404261112213,251,267.0461194515228,251,267.1529321670532,251,267.463995218277,251,267.56240916252136,251,267.69600892066956,251,267.79295921325684,251,267.8969919681549,251,267.9973199367523,251,268.09371757507324,251,268.1986360549927,251,268.2942214012146,251,268.41606163978577,251,268.51792097091675,251,268.6387300491333,251,268.7435185909271,251,268.88223361968994,251,268.9900257587433,251,269.0967786312103,251,269.2089145183563,251,269.31894040107727,251,269.4738070964813,251,269.589457988739,251,269.8797399997711,251,269.99035120010376,251,270.1057698726654,251,270.209468126297,251,270.31572103500366,251,270.42933893203735,251,270.54031682014465,251,270.65131306648254,251,270.7546365261078,251,271.0488395690918,251,271.1517343521118,251,271.3178298473358,251,271.42323327064514,251,271.5193877220154,251,271.6259615421295,251,271.7276985645294,251,271.82934069633484,251,271.93890595436096,251,272.06779885292053,251,272.17189025878906,251,272.270770072937,251,272.38087344169617,251,272.48161268234253,251,272.5884084701538,251,272.6890330314636,251,272.7962005138397,251,272.90469431877136,251,273.00628638267517,251,273.1065764427185,251,273.20477747917175,251,273.4523603916168,251,273.54987835884094,251,273.6653573513031,251,273.7878477573395,251,273.88570380210876,251,273.9771361351013,251,274.0745270252228,251,274.1772572994232,251,274.2818646430969,251,274.41381072998047,251,274.5227327346802,251,274.62245988845825,251,274.7598569393158,251,274.85557866096497,251,275.01984000205994,251,275.13289165496826,251,275.2360098361969,251,275.3437135219574,251,275.4973819255829,251,275.627414226532,251,275.7339451313019,251,275.850093126297,251,275.9589374065399,251,276.0604968070984,251,276.17131662368774,251,276.2723252773285,251,276.3733196258545,251,276.4786534309387,251,276.5856354236603,251,276.69215416908264,251,276.79650807380676,251,276.9009635448456,251,277.0108597278595,251,277.1139690876007,251,277.21180272102356,251,277.31732654571533,251,277.4171507358551,251,277.51857328414917,251,277.62771224975586,251,277.73112630844116,251,277.8797252178192,251,277.97988963127136,251,278.08616733551025,251,278.4413306713104,251,278.59309005737305,251,278.6973965167999,251,278.80088114738464,251,278.8983337879181,251,279.21982288360596,251,279.32406663894653,251,279.42287588119507,251,279.706552028656,251,279.8014998435974,251,279.9071900844574,251,280.0130453109741,251,280.1124629974365,251,280.22215127944946,251,280.3242139816284,251,280.42631816864014,251,280.5262379646301,251,280.6387083530426,251,280.74648237228394,251,280.8610439300537,251,280.96383810043335,251,281.07710099220276,251,281.19206619262695,251,281.2946710586548,251,281.40446424484253,251,281.5119032859802,251,281.6241068840027,251,281.7340281009674,251,281.8339421749115,251,281.9440779685974,251,282.0839457511902,251,282.23787546157837,251,282.3524353504181,251,282.45905447006226,251,282.5636794567108,251,282.682865858078,251,282.77776432037354,251,282.8766391277313,251,282.97361040115356,251,283.0881416797638,251,283.1861951351166,251,283.3060166835785,251,283.4062387943268,251,283.5093820095062,251,283.62507343292236,251,283.72812604904175,251,283.8353066444397,251,283.96515226364136,251,284.18111777305603,251,284.2819092273712,251,284.6104300022125,251,284.7138786315918,251,284.8333697319031,251,285.0924952030182,251,285.19300532341003,251,285.30138325691223,251,285.4026954174042,251,285.5098247528076,251,285.85214376449585,251,286.04001235961914,251,286.1548933982849,251,286.26849842071533,251,286.36432933807373,251,286.46436309814453,251,286.57456946372986,251,286.67044854164124,251,286.78138518333435,251,286.89704418182373,251,286.99916648864746,251,287.1020739078522,251,287.2015128135681,251,287.3526804447174,251,287.4511227607727,251,287.55938029289246,251,287.66661286354065,251,287.7692220211029,251,287.86467266082764,251,287.9607903957367,251,288.07308888435364,251,288.18349146842957,251,288.28411054611206,251,288.59689927101135,251,288.7011525630951,251,288.8009715080261,251,288.898779630661,251,288.9987802505493,251,289.1132535934448,251,289.2923710346222,251,289.4020400047302,251,289.4993133544922,251,289.6030218601227,251,289.70270681381226,251,289.81002402305603,251,289.917742729187,251,290.0120470523834,251,290.1100208759308,251,290.2154493331909,251,290.31855177879333,251,290.42331099510193,251,290.539110660553,251,290.64860010147095,251,290.7510759830475,251,290.8583323955536,251,291.0001986026764,251,291.1063816547394,251,291.21940541267395,251,291.32231760025024,251,291.43624687194824,251,291.53787899017334,251,291.6740827560425,251,291.7760126590729,251,291.88331604003906,251,291.9925591945648,251,292.2668604850769,251,292.37683367729187,251,292.4900505542755,251,292.62917304039,251,292.7380836009979,251,292.84150099754333,251,292.95282459259033,251,293.05016255378723,251,293.1542592048645,251,293.2591996192932,251,293.3578186035156,251,293.47634100914,251,293.5802674293518,251,293.69119453430176,251,293.7925202846527,251,293.9071068763733,251,294.0104823112488,251,294.123010635376,251,294.2502715587616,251,294.3529796600342,251,294.46157479286194,251,294.5661973953247,251,294.6740469932556,251,294.80279636383057,251,294.90603137016296,251,295.0156829357147,251,295.12234354019165,251,295.2199695110321,251,295.32272267341614,251,295.4281976222992,251,295.5330927371979,251,295.6426467895508,251,295.7445170879364,251,295.9749929904938,251,296.08494424819946,251,296.204309463501,251,296.3133363723755,251,296.4165380001068,251,296.51717734336853,251,296.75994992256165,251,296.86686301231384,251,296.9654731750488,251,297.07007455825806,251,297.1682319641113,251,297.32856011390686,251,297.44512820243835,251,297.55718779563904,251,297.68053460121155,251,297.78030037879944,251,297.89896845817566,251,297.9982080459595,251,298.09558510780334,251,298.20144295692444,251,298.3045518398285,251,298.41713881492615,251,298.5386574268341,251,298.6480984687805,251,298.75405979156494,251,298.86264753341675,251,298.97137212753296,251,299.082546710968,251,299.18508291244507,251,299.2928559780121,251,299.3917043209076,251,299.49641704559326,251,299.83689737319946,251,299.9487144947052,251,300.04528045654297
3,random graphs/triangle/r1.5k18n12/graph3.lgbin,2017,206.93314599990845,256,616,0,529,0.4322366714477539,494,0.73455810546875,451,0.9964852333068848,425,1.2876064777374268,375,1.4419538974761963,361,1.707749366760254,348,1.844815969467163,341,1.9885003566741943,335,2.125809669494629,326,2.3102915287017822,323,2.45108699798584,316,2.586643695831299,316,2.6953442096710205,316,2.794872522354126,313,3.0931973457336426,313,3.198014974594116,313,3.3124661445617676,309,3.457989454269409,309,3.7025930881500244,305,3.810807466506958,305,3.924919366836548,303,4.057347774505615,303,4.163427114486694,302,4.295905828475952,302,4.462338924407959,302,4.569004774093628,302,4.667999982833862,302,4.942904710769653,300,5.0807106494903564,300,5.185003995895386,296,5.324305534362793,293,5.491083145141602,293,5.774277925491333,290,5.908755779266357,290,6.022268295288086,288,6.129770994186401,288,6.438583612442017,284,6.572577238082886,284,6.682922601699829,283,6.789011716842651,283,6.940335750579834,282,7.068469047546387,278,7.335793972015381,278,7.441858530044556,278,7.536674976348877,278,7.812968730926514,278,7.985272169113159,278,8.097435474395752,278,8.353766441345215,278,8.456909418106079,278,8.562218427658081,278,8.668718576431274,278,8.775357007980347,278,9.020441770553589,278,9.115174531936646,278,9.219717502593994,278,9.33159327507019,276,9.657854080200195,276,9.807928800582886,276,9.908833980560303,276,10.013428211212158,276,10.115503311157227,276,10.27090835571289,276,10.376831531524658,276,10.639533281326294,276,10.741111993789673,276,10.84444284439087,276,10.984711408615112,276,11.097999811172485,276,11.234301805496216,276,11.470610857009888,276,11.57564091682434,276,11.687172889709473,276,11.790694236755371,276,11.892882347106934,276,12.000046968460083,276,12.263190269470215,276,12.399238109588623,276,12.49729871749878,276,12.591016054153442,276,12.809199094772339,276,12.913414716720581,276,13.165456056594849,276,13.268843173980713,276,13.373896360397339,276,13.63443899154663,275,13.871951818466187,275,13.971149206161499,275,14.274617195129395,275,14.382030248641968,275,14.485133171081543,275,14.743337631225586,275,15.110363960266113,270,15.251384019851685,270,15.38347339630127,270,15.48703122138977,270,15.890448093414307,270,16.03451681137085,270,16.130237102508545,270,16.23526692390442,270,16.347721338272095,270,16.45038104057312,270,16.554523706436157,270,16.701095581054688,270,17.011117935180664,270,17.262474298477173,270,17.556082725524902,270,17.656907320022583,270,17.768224954605103,270,17.86615800857544,270,17.96567964553833,270,18.07093048095703,269,18.207659244537354,269,18.31550931930542,269,18.420253038406372,269,18.519521951675415,269,18.641667366027832,269,18.748859167099,269,18.849782705307007,269,18.949658393859863,269,19.052908420562744,269,19.160773515701294,269,19.500715494155884,269,19.60598850250244,269,19.71926522254944,269,19.971480131149292,269,20.075740098953247,269,20.369040489196777,267,20.616151332855225,267,20.717716693878174,266,20.85432529449463,266,20.958406448364258,266,21.070067405700684,265,21.236178874969482,265,21.338000774383545,265,21.689573764801025,265,21.949920654296875,265,22.049814701080322,265,22.154350519180298,265,22.257883071899414,265,22.363613605499268,265,22.619498014450073,265,22.87875199317932,265,22.981101989746094,265,23.088331699371338,265,23.245455265045166,265,23.34912919998169,265,23.456672430038452,265,23.557655811309814,265,23.828218698501587,265,23.92583179473877,265,24.026795148849487,265,24.131853342056274,265,24.425299882888794,265,24.538220167160034,265,24.716387271881104,265,24.822537422180176,265,24.92513608932495,265,25.260886430740356,264,25.41685461997986,264,25.522295236587524,264,25.634368419647217,264,25.95162868499756,264,26.061124086380005,264,26.320796966552734,264,26.588997840881348,264,26.698428630828857,264,26.801124095916748,264,27.062011003494263,264,27.388407468795776,264,27.48931312561035,264,27.60108470916748,264,27.71185326576233,264,27.82064652442932,264,27.987085342407227,264,28.307923793792725,264,28.405986785888672,264,28.512696266174316,264,28.627662658691406,264,28.730672121047974,264,28.835231065750122,264,28.9367196559906,264,29.18468976020813,264,29.446940422058105,264,29.548322439193726,264,29.654229164123535,264,29.76028323173523,264,29.918463468551636,264,30.061946630477905,264,30.171407461166382,264,30.499547243118286,264,30.75324296951294,264,30.860305070877075,264,30.958298206329346,262,31.091146230697632,262,31.264574766159058,262,31.370879888534546,262,31.4746413230896,262,31.581830978393555,262,31.84126353263855,262,31.982234954833984,262,32.27037191390991,262,32.37451171875,262,32.4787278175354,262,32.785921573638916,262,32.89053797721863,262,33.14652729034424,262,33.42281198501587,262,33.58151721954346,262,33.68728947639465,262,33.83909630775452,262,33.9748809337616,262,34.0802845954895,262,34.18471646308899,262,34.29616904258728,262,34.443997859954834,262,34.548080921173096,262,34.65232586860657,262,34.75916600227356,262,34.867475271224976,262,34.96954965591431,262,35.074427366256714,262,35.4313530921936,262,35.53027415275574,262,35.63710117340088,262,35.741873264312744,262,35.84720325469971,262,36.00257349014282,262,36.11301136016846,262,36.21877193450928,262,36.473302125930786,262,36.57742381095886,262,36.68189716339111,262,36.78980326652527,262,37.04779052734375,262,37.165571451187134,262,37.2711660861969,262,37.56415605545044,262,37.804710149765015,262,38.074766874313354,262,38.1747190952301,262,38.281763553619385,262,38.568984270095825,262,38.69074463844299,262,38.795329332351685,262,39.06201887130737,262,39.32469391822815,262,39.6355938911438,262,39.74185395240784,262,39.99062705039978,262,40.153634548187256,262,40.263776540756226,262,40.37028360366821,262,40.679332971572876,262,40.781747817993164,262,40.886754274368286,262,40.98614764213562,262,41.09242844581604,262,41.20173001289368,262,41.465885400772095,262,41.70928382873535,262,41.83474516868591,262,41.93767189979553,262,42.20991516113281,262,42.310813665390015,262,42.42242908477783,262,42.52769351005554,262,42.79394197463989,262,42.899730920791626,262,43.030235052108765,262,43.1564245223999,262,43.372875690460205,262,43.47694492340088,262,43.58302855491638,262,43.694451093673706,262,43.951364278793335,262,44.05479145050049,262,44.210692405700684,262,44.31276249885559,262,44.4179105758667,262,44.52416205406189,262,44.64079546928406,262,44.748191118240356,262,44.84902024269104,262,44.95456886291504,262,45.223371505737305,262,45.33274269104004,262,45.43578600883484,262,45.687344789505005,262,45.790316343307495,262,45.90396428108215,262,46.010557651519775,262,46.1173620223999,262,46.218146085739136,262,46.33360409736633,262,46.45389175415039,262,46.69819784164429,262,46.79834580421448,262,46.904263734817505,262,47.012940645217896,262,47.114856243133545,262,47.219242095947266,262,47.31765961647034,262,47.44138288497925,262,47.55092668533325,262,47.65296268463135,262,47.78348636627197,262,47.886759757995605,262,48.123274087905884,262,48.41276502609253,262,48.514931440353394,262,48.780428409576416,262,49.05437421798706,262,49.21276235580444,262,49.32235360145569,262,49.424973249435425,262,49.54533410072327,262,49.64758229255676,262,49.899770736694336,262,50.037065267562866,262,50.288309812545776,262,50.39074754714966,262,50.49832201004028,262,50.59922957420349,262,50.70520734786987,262,50.81745266914368,262,50.91669702529907,262,51.026214838027954,262,51.14305901527405,262,51.248013973236084,262,51.36457085609436,262,51.46894931793213,262,51.745043992996216,262,52.03278398513794,262,52.14069962501526,262,52.39446973800659,262,52.65444278717041,262,52.90318012237549,262,53.00884985923767,262,53.125041484832764,262,53.233787298202515,262,53.352211236953735,262,53.4576473236084,262,53.56091594696045,262,53.779600620269775,262,53.93876338005066,262,54.050076961517334,262,54.17715859413147,262,54.278728008270264,262,54.385024547576904,262,54.48706245422363,262,54.59741568565369,262,54.705668210983276,262,54.81066179275513,262,55.09506034851074,262,55.19691348075867,262,55.303627014160156,262,55.42170572280884,262,55.52470588684082,262,55.62598919868469,262,55.7306866645813,262,55.842952728271484,262,55.94704079627991,262,56.06078863143921,262,56.160040855407715,262,56.42109942436218,262,56.527350664138794,262,56.62726306915283,262,56.73281526565552,262,57.023274660110474,262,57.28766131401062,262,57.543171644210815,262,57.641833782196045,262,57.74456715583801,262,57.852577209472656,262,57.98485541343689,262,58.08713412284851,262,58.22535991668701,262,58.53317308425903,262,58.804702281951904,262,58.90607714653015,262,59.01145315170288,262,59.12037253379822,262,59.409271001815796,262,59.69269061088562,262,59.80026960372925,262,59.90294790267944,262,60.22240352630615,262,60.516390800476074,262,60.629334449768066,262,60.73607563972473,262,60.842708587646484,262,60.94685935974121,261,61.35896444320679,256,61.59980368614197,256,61.706785678863525,256,61.868998289108276,256,61.97331762313843,256,62.07948589324951,256,62.18225955963135,256,62.290409326553345,256,62.40233087539673,256,62.64097857475281,256,62.75048875808716,256,62.85338258743286,256,63.10483932495117,256,63.21191191673279,256,63.30830907821655,256,63.40739369392395,256,63.66319012641907,256,63.82067322731018,256,63.92632722854614,256,64.0351333618164,256,64.1430184841156,256,64.25347805023193,256,64.35534882545471,256,64.45834851264954,256,64.55822372436523,256,64.66042065620422,256,64.83608841896057,256,64.94393181800842,256,65.20734357833862,256,65.30744123458862,256,65.42619967460632,256,65.525230884552,256,65.74558115005493,256,65.97972345352173,256,66.08043885231018,256,66.2079930305481,256,66.31744623184204,256,66.42384243011475,256,66.54961824417114,256,66.65248990058899,256,66.7587673664093,256,66.85781908035278,256,66.96181464195251,256,67.21848917007446,256,67.41024112701416,256,67.50848865509033,256,67.62061023712158,256,67.72505021095276,256,67.82584118843079,256,67.93110799789429,256,68.07897901535034,256,68.192378282547,256,68.29399418830872,256,68.40197730064392,256,68.51436972618103,256,68.62151026725769,256,68.7252790927887,256,68.82529830932617,256,68.92803430557251,256,69.03731369972229,256,69.13960075378418,256,69.239177942276,256,69.34577655792236,256,69.44813299179077,256,69.54963302612305,256,69.6525411605835,256,69.76178073883057,256,69.86850905418396,256,69.97011470794678,256,70.12462639808655,256,70.38780808448792,256,70.49564123153687,256,70.60414385795593,256,70.70884537696838,256,70.80952882766724,256,71.12278866767883,256,71.2295970916748,256,71.336012840271,256,71.43781042098999,256,71.54369759559631,256,71.63905835151672,256,71.74520707130432,256,72.01394057273865,256,72.10847759246826,256,72.21043539047241,256,72.56364250183105,256,72.66740703582764,256,72.82670187950134,256,72.9328351020813,256,73.04473948478699,256,73.30583167076111,256,73.41770458221436,256,73.52414274215698,256,73.6459813117981,256,73.74590992927551,256,73.86158561706543,256,73.96580934524536,256,74.07158732414246,256,74.17917656898499,256,74.44782829284668,256,74.54372024536133,256,74.65857982635498,256,74.76076412200928,256,74.86328649520874,256,74.97190070152283,256,75.08016204833984,256,75.19324564933777,256,75.30303573608398,256,75.40644311904907,256,75.50783777236938,256,75.61525106430054,256,75.82342886924744,256,75.92248868942261,256,76.02054715156555,256,76.24345874786377,256,76.35741806030273,256,76.47572922706604,256,76.6281521320343,256,76.72811794281006,256,76.83311414718628,256,76.93474864959717,256,77.03423500061035,256,77.14216995239258,256,77.2410535812378,256,77.34810853004456,256,77.48785877227783,256,77.72631359100342,256,77.83125472068787,256,77.9354739189148,256,78.0318512916565,256,78.18891882896423,256,78.28364658355713,256,78.38334727287292,256,78.48637509346008,256,78.63538146018982,256,78.7371597290039,256,79.01022291183472,256,79.10959887504578,256,79.21289253234863,256,79.32426238059998,256,79.42247438430786,256,79.52391576766968,256,79.62262344360352,256,79.72426295280457,256,79.82502722740173,256,79.93078422546387,256,80.03508281707764,256,80.26214551925659,256,80.35994601249695,256,80.49406433105469,256,80.64781951904297,256,80.74913954734802,256,80.84943699836731,256,80.95147967338562,256,81.05029368400574,256,81.15184164047241,256,81.25334787368774,256,81.5223400592804,256,81.6216549873352,256,81.72324180603027,256,81.97248530387878,256,82.13591074943542,256,82.26190638542175,256,82.36664271354675,256,82.47081637382507,256,82.5674102306366,256,82.66497302055359,256,82.77611231803894,256,82.88061666488647,256,82.98287582397461,256,83.1409158706665,256,83.24832272529602,256,83.50721144676208,256,83.78382086753845,256,84.15849256515503,256,84.41779851913452,256,84.52330660820007,256,84.62700581550598,256,84.72648668289185,256,84.8301613330841,256,84.97654318809509,256,85.0875608921051,256,85.19793176651001,256,85.31006455421448,256,85.41358733177185,256,85.51746940612793,256,85.75834226608276,256,85.86094403266907,256,85.9758358001709,256,86.08343243598938,256,86.19137239456177,256,86.29697918891907,256,86.39795804023743,256,86.50210499763489,256,86.60811471939087,256,86.71838307380676,256,86.82232737541199,256,86.92547464370728,256,87.02778649330139,256,87.13246417045593,256,87.23697257041931,256,87.3418664932251,256,87.44670963287354,256,87.55479645729065,256,87.65455317497253,256,87.75850534439087,256,87.86011695861816,256,87.97634696960449,256,88.07787108421326,256,88.17895722389221,256,88.28545904159546,256,88.39138603210449,256,88.55732154846191,256,88.67212343215942,256,88.78538632392883,256,88.88570427894592,256,88.9925262928009,256,89.09870052337646,256,89.19665956497192,256,89.43686389923096,256,89.68499207496643,256,89.78850364685059,256,89.89345073699951,256,89.99610018730164,256,90.09934830665588,256,90.2094349861145,256,90.30510711669922,256,90.41203427314758,256,90.51599192619324,256,90.79636073112488,256,90.9026346206665,256,91.05649280548096,256,91.15825891494751,256,91.44599080085754,256,91.54783391952515,256,91.66502380371094,256,91.76756238937378,256,91.86603903770447,256,91.96789455413818,256,92.06806373596191,256,92.17037200927734,256,92.2750825881958,256,92.3837947845459,256,92.49087262153625,256,92.65549969673157,256,92.77975463867188,256,92.88192415237427,256,93.13613820075989,256,93.24274969100952,256,93.3465781211853,256,93.4497082233429,256,93.55643844604492,256,93.65700387954712,256,93.76119542121887,256,93.86082673072815,256,93.9646565914154,256,94.09530758857727,256,94.2017650604248,256,94.31211519241333,256,94.41258430480957,256,94.51320743560791,256,94.60942387580872,256,94.75902318954468,256,95.03374791145325,256,95.2707531452179,256,95.37977719306946,256,95.48372316360474,256,95.73317861557007,256,95.83478283882141,256,95.9384491443634,256,96.04285025596619,256,96.1462287902832,256,96.25710868835449,256,96.57159852981567,256,96.72480869293213,256,96.83197259902954,256,97.11657094955444,256,97.21046805381775,256,97.31091952323914,256,97.4263277053833,256,97.52977800369263,256,97.66410326957703,256,97.77983379364014,256,97.87826490402222,256,97.98101711273193,256,98.0820152759552,256,98.18314719200134,256,98.42435503005981,256,98.53083968162537,256,98.63172650337219,256,98.92593121528625,256,99.03062891960144,256,99.12808990478516,256,99.2339174747467,256,99.33388757705688,256,99.44019651412964,256,99.53933548927307,256,99.82044243812561,256,99.92400550842285,256,100.02642822265625,256,100.12867426872253,256,100.29800224304199,256,100.4045352935791,256,100.52457189559937,256,100.62711715698242,256,100.72937893867493,256,100.88376522064209,256,100.98250460624695,256,101.08465790748596,256,101.18620419502258,256,101.28685021400452,256,101.41825008392334,256,101.52078151702881,256,101.62256908416748,256,101.72542381286621,256,101.84115767478943,256,101.94359755516052,256,102.04427790641785,256,102.14715075492859,256,102.4636504650116,256,102.57110047340393,256,102.67545866966248,256,102.78286385536194,256,102.88642406463623,256,102.98896980285645,256,103.090247631073,256,103.19497513771057,256,103.4529619216919,256,103.55549454689026,256,103.65564298629761,256,103.81428480148315,256,103.9213137626648,256,104.02343845367432,256,104.12861585617065,256,104.22912192344666,256,104.32837462425232,256,104.4544312953949,256,104.69682145118713,256,104.79875326156616,256,105.04342651367188,256,105.2327151298523,256,105.32827806472778,256,105.58073091506958,256,105.67902398109436,256,105.94456315040588,256,106.04447031021118,256,106.31212329864502,256,106.41281175613403,256,106.51090812683105,256,106.62320113182068,256,106.73986887931824,256,106.85199403762817,256,107.14571475982666,256,107.24965858459473,256,107.35593867301941,256,107.50319528579712,256,107.60622048377991,256,107.71670413017273,256,107.96213722229004,256,108.06699299812317,256,108.167072057724,256,108.27536058425903,256,108.42387199401855,256,108.53694343566895,256,108.63677167892456,256,108.73613429069519,256,108.84402632713318,256,108.95037317276001,256,109.05486702919006,256,109.22751545906067,256,109.33550834655762,256,109.43804740905762,256,109.5416579246521,256,109.80577635765076,256,109.90630102157593,256,110.00830674171448,256,110.11255931854248,256,110.21608328819275,256,110.31891536712646,256,110.56526899337769,256,110.69929718971252,256,110.8071129322052,256,110.90994095802307,256,111.02029824256897,256,111.11566305160522,256,111.38587522506714,256,111.4944076538086,256,111.59187388420105,256,111.70574069023132,256,112.02945399284363,256,112.13402199745178,256,112.23358511924744,256,112.34094762802124,256,112.43838548660278,256,112.5361955165863,256,112.63578915596008,256,112.73999524116516,256,112.84368467330933,256,112.9457700252533,256,113.04745197296143,256,113.152352809906,256,113.26167368888855,256,113.36956691741943,256,113.47816467285156,256,113.58800888061523,256,113.69650030136108,256,113.8064444065094,256,113.90449047088623,256,114.01251554489136,256,114.11855244636536,256,114.22330498695374,256,114.4082190990448,256,114.51518774032593,256,114.78998303413391,256,114.89185547828674,256,114.99604821205139,256,115.24601364135742,256,115.35827422142029,256,115.51162338256836,256,115.61953139305115,256,115.72254848480225,256,115.88682126998901,256,116.1550133228302,256,116.2519326210022,256,116.50653982162476,256,116.61223077774048,256,116.71230578422546,256,116.81628346443176,256,117.1062536239624,256,117.20882081985474,256,117.31108832359314,256,117.4192464351654,256,117.53804802894592,256,117.87545943260193,256,117.97312355041504,256,118.0736231803894,256,118.3754723072052,256,118.47186470031738,256,118.5797472000122,256,118.72943186759949,256,118.99514174461365,256,119.0956130027771,256,119.19300508499146,256,119.29402041435242,256,119.39149332046509,256,119.50500988960266,256,119.60907697677612,256,119.7137656211853,256,119.9898087978363,256,120.09485125541687,256,120.19476675987244,256,120.30091881752014,256,120.41372346878052,256,120.51192593574524,256,120.7498345375061,256,120.85191345214844,256,120.95102047920227,256,121.22136378288269,256,121.32688665390015,256,121.42613935470581,256,121.52776622772217,256,121.63706874847412,256,121.73481607437134,256,121.83737182617188,256,122.08638310432434,256,122.19709205627441,256,122.3009147644043,256,122.40160036087036,256,122.68960523605347,256,122.78725576400757,256,122.90152287483215,256,123.00411415100098,256,123.11859607696533,256,123.22373676300049,256,123.33471727371216,256,123.44107818603516,256,123.54238152503967,256,123.64244198799133,256,123.74818563461304,256,123.86846494674683,256,123.97675132751465,256,124.07750487327576,256,124.18195223808289,256,124.33361411094666,256,124.43615007400513,256,124.52977919578552,256,124.64659786224365,256,124.74549508094788,256,124.85632801055908,256,124.95978093147278,256,125.06029510498047,256,125.16748976707458,256,125.27636408805847,256,125.37742686271667,256,125.6188428401947,256,125.72793769836426,256,125.82968044281006,256,125.93056344985962,256,126.03944134712219,256,126.14097023010254,256,126.24657011032104,256,126.34698843955994,256,126.5211968421936,256,126.62450408935547,256,126.73803567886353,256,126.8431465625763,256,127.08409428596497,256,127.19259929656982,256,127.30453372001648,256,127.40319871902466,256,127.50924181938171,256,127.60868096351624,256,127.71005654335022,256,127.81922674179077,256,127.92371821403503,256,128.03084087371826,256,128.27808666229248,256,128.38737273216248,256,128.4862825870514,256,128.58196115493774,256,128.83829760551453,256,128.93818354606628,256,129.0444300174713,256,129.3214728832245,256,129.4236297607422,256,129.53263688087463,256,129.63162755966187,256,129.88163137435913,256,129.9852409362793,256,130.10811042785645,256,130.21372771263123,256,130.3191363811493,256,130.4199903011322,256,130.7075173854828,256,130.82292819023132,256,130.9295356273651,256,131.02988576889038,256,131.1372377872467,256,131.24305200576782,256,131.3571343421936,256,131.45735883712769,256,131.60472893714905,256,131.70471572875977,256,131.8104031085968,256,131.973947763443,256,132.08669996261597,256,132.2498767375946,256,132.355619430542,256,132.4704999923706,256,132.5704607963562,256,132.67798709869385,256,132.77678084373474,256,132.88405799865723,256,132.98611855506897,256,133.24949431419373,256,133.35466885566711,256,133.4519350528717,256,133.56379055976868,256,133.66639685630798,256,133.86594986915588,256,133.97519493103027,256,134.13204073905945,256,134.23599123954773,256,134.37433052062988,256,134.47813773155212,256,134.58109140396118,256,134.69217610359192,256,134.95050406455994,256,135.23920059204102,256,135.34642624855042,256,135.44634866714478,256,135.58795404434204,256,135.6939537525177,256,135.8019037246704,256,135.9072802066803,256,136.0096197128296,256,136.11483764648438,256,136.20714235305786,256,136.31325483322144,256,136.41419863700867,256,136.51912355422974,256,136.61948037147522,256,136.72688364982605,256,136.89762806892395,256,137.00245809555054,256,137.1018705368042,256,137.21005201339722,256,137.31524658203125,256,137.42045283317566,256,137.5281012058258,256,137.77983021736145,256,137.99854850769043,256,138.1020007133484,256,138.20683121681213,256,138.30976581573486,256,138.4095368385315,256,138.53623461723328,256,138.63624954223633,256,138.73910355567932,256,139.02500700950623,256,139.13007426261902,256,139.23828172683716,256,139.33853030204773,256,139.44805216789246,256,139.69948601722717,256,139.80500078201294,256,139.90831327438354,256,140.17493057250977,256,140.2856502532959,256,140.39638948440552,256,140.49252700805664,256,140.59434986114502,256,140.84829235076904,256,140.95700550079346,256,141.0993127822876,256,141.1975519657135,256,141.30130863189697,256,141.40331840515137,256,141.50388860702515,256,141.60571002960205,256,141.71205353736877,256,141.8196506500244,256,141.9224832057953,256,142.03011655807495,256,142.13198447227478,256,142.23631882667542,256,142.33421087265015,256,142.44072365760803,256,142.60524821281433,256,142.705491065979,256,142.81110882759094,256,142.9226541519165,256,143.025475025177,256,143.14146399497986,256,143.24930548667908,256,143.35795617103577,256,143.46469116210938,256,143.5755045413971,256,143.67864775657654,256,143.78363943099976,256,143.88415384292603,256,143.98377799987793,256,144.09019351005554,256,144.1980905532837,256,144.29735350608826,256,144.40469336509705,256,144.50659489631653,256,144.60963368415833,256,144.7158989906311,256,144.82497382164001,256,144.94492483139038,256,145.04903054237366,256,145.15563678741455,256,145.25717687606812,256,145.3558349609375,256,145.4565486907959,256,145.5597381591797,256,145.65838289260864,256,145.76360774040222,256,145.8656964302063,256,145.97458004951477,256,146.23412656784058,256,146.35194754600525,256,146.45251774787903,256,146.55342555046082,256,146.65045261383057,256,146.75610899925232,256,146.86467003822327,256,146.9795823097229,256,147.0851538181305,256,147.19463467597961,256,147.29533505439758,256,147.40953493118286,256,147.5144805908203,256,147.61482071876526,256,147.71859502792358,256,147.8203775882721,256,147.9754056930542,256,148.13288402557373,256,148.23811602592468,256,148.35344099998474,256,148.62028074264526,256,148.72285342216492,256,148.82856130599976,256,148.93385577201843,256,149.03512692451477,256,149.13639545440674,256,149.24036288261414,256,149.34851455688477,256,149.4555320739746,256,149.55906414985657,256,149.66587781906128,256,149.77107167243958,256,149.8760106563568,256,149.97921633720398,256,150.14530181884766,256,150.2548098564148,256,150.36260080337524,256,150.46181058883667,256,150.564444065094,256,150.6730625629425,256,150.77400493621826,256,150.89734029769897,256,150.99790906906128,256,151.09701943397522,256,151.202543258667,256,151.3248291015625,256,151.4285991191864,256,151.53117537498474,256,151.6316785812378,256,151.73461842536926,256,151.83535313606262,256,151.94149613380432,256,152.04143071174622,256,152.20741772651672,256,152.31279349327087,256,152.4292507171631,256,152.5367591381073,256,152.63787364959717,256,152.7479510307312,256,152.84662556648254,256,152.95234489440918,256,153.0535101890564,256,153.16274428367615,256,153.37154984474182,256,153.4762945175171,256,153.57649898529053,256,153.67780828475952,256,153.7814426422119,256,153.88306045532227,256,153.98239612579346,256,154.1278736591339,256,154.2349579334259,256,154.41002917289734,256,154.50708651542664,256,154.60956454277039,256,154.7145380973816,256,154.8146266937256,256,154.9207718372345,256,155.02192735671997,256,155.12883520126343,256,155.232488155365,256,155.33469939231873,256,155.44023728370667,256,155.5376434326172,256,155.63930082321167,256,155.74202752113342,256,155.84412050247192,256,155.9501609802246,256,156.05687832832336,256,156.21876311302185,256,156.48243284225464,256,156.58524799346924,256,156.803062915802,256,156.90258884429932,256,157.00066542625427,256,157.11045265197754,256,157.21789503097534,256,157.32369899749756,256,157.42208456993103,256,157.52462935447693,256,157.67635774612427,256,157.7797303199768,256,157.87645888328552,256,157.97572016716003,256,158.0871183872223,256,158.19344854354858,256,158.29831838607788,256,158.39868688583374,256,158.50372195243835,256,158.6023952960968,256,158.7104992866516,256,158.81524205207825,256,158.919615983963,256,159.02591729164124,256,159.13133788108826,256,159.23597192764282,256,159.3328766822815,256,159.44121408462524,256,159.5435345172882,256,159.78190636634827,256,159.89678955078125,256,160.00519013404846,256,160.2998788356781,256,160.40622401237488,256,160.5126039981842,256,160.62177276611328,256,160.72025275230408,256,160.98346066474915,256,161.08539247512817,256,161.1886396408081,256,161.2912313938141,256,161.3935661315918,256,161.6372094154358,256,161.74013113975525,256,161.8402280807495,256,161.9384307861328,256,162.04090070724487,256,162.14135432243347,256,162.42153358459473,256,162.52482867240906,256,162.62990307807922,256,162.89456367492676,256,163.00226044654846,256,163.09989142417908,256,163.38777470588684,256,163.49557852745056,256,163.5990867614746,256,163.69610118865967,256,163.80046486854553,256,164.08293795585632,256,164.33011198043823,256,164.4900984764099,256,164.5998730659485,256,164.70411443710327,256,164.8098635673523,256,164.91057324409485,256,165.01728343963623,256,165.1180226802826,256,165.40491127967834,256,165.55582356452942,256,165.6555118560791,256,165.75514364242554,256,165.86117315292358,256,165.96746110916138,256,166.07051038742065,256,166.16669726371765,256,166.2706127166748,256,166.37132692337036,256,166.47488856315613,256,166.62898468971252,256,166.72936129570007,256,166.88062238693237,256,167.03956127166748,256,167.28177785873413,256,167.39163422584534,256,167.49792075157166,256,167.59880089759827,256,167.7065863609314,256,167.95597887039185,256,168.05804824829102,256,168.16117238998413,256,168.26717710494995,256,168.37786602973938,256,168.4912407398224,256,168.76659107208252,256,168.9058747291565,256,169.0051302909851,256,169.10386085510254,256,169.20553374290466,256,169.4492700099945,256,169.5491406917572,256,169.67817521095276,256,169.9315004348755,256,170.03046369552612,256,170.19319891929626,256,170.52290606498718,256,170.6431474685669,256,170.808367729187,256,170.91934156417847,256,171.06260466575623,256,171.2995638847351,256,171.4047553539276,256,171.5222954750061,256,171.62730765342712,256,171.7353343963623,256,172.02937984466553,256,172.13207054138184,256,172.2387878894806,256,172.33690524101257,256,172.43777441978455,256,172.54558205604553,256,172.64762330055237,256,172.75282096862793,256,172.86427903175354,256,172.966646194458,256,173.07561111450195,256,173.42231583595276,256,173.5225384235382,256,173.6209900379181,256,173.72660207748413,256,173.88642072677612,256,174.13577270507812,256,174.40471720695496,256,174.508371591568,256,174.66441535949707,256,174.77051329612732,256,174.87831926345825,256,174.9774191379547,256,175.07605528831482,256,175.1780276298523,256,175.2783441543579,256,175.43742299079895,256,175.56246185302734,256,175.66113185882568,256,175.7667200565338,256,175.87334537506104,256,175.97280859947205,256,176.07670640945435,256,176.1818289756775,256,176.285165309906,256,176.38477301597595,256,176.48886013031006,256,176.6308879852295,256,176.7254946231842,256,176.82684659957886,256,176.97637605667114,256,177.0781490802765,256,177.22959327697754,256,177.33641529083252,256,177.60957193374634,256,177.70973253250122,256,177.81634068489075,256,177.9630482196808,256,178.31290340423584,256,178.42295813560486,256,178.52458667755127,256,178.674720287323,256,178.78195762634277,256,178.884663105011,256,178.98086142539978,256,179.09058380126953,256,179.19410729408264,256,179.31555819511414,256,179.42355394363403,256,179.5809998512268,256,179.68818378448486,256,179.7961688041687,256,179.9520857334137,256,180.0522973537445,256,180.17002892494202,256,180.51512241363525,256,180.7672984600067,256,181.05854678153992,256,181.15939116477966,256,181.4212670326233,256,181.52901530265808,256,181.6312243938446,256,181.73237347602844,256,181.837340593338,256,182.13866019248962,256,182.48663687705994,256,182.59313821792603,256,182.69322538375854,256,182.7962944507599,256,182.89790678024292,256,183.0504310131073,256,183.20823979377747,256,183.31198692321777,256,183.42798233032227,256,183.53513312339783,256,183.63585138320923,256,183.9112889766693,256,184.01363515853882,256,184.11563563346863,256,184.23842763900757,256,184.3475797176361,256,184.45218181610107,256,184.55098819732666,256,184.6547496318817,256,184.75874257087708,256,184.85856199264526,256,184.96413564682007,256,185.0662863254547,256,185.3083529472351,256,185.45389986038208,256,185.56500458717346,256,185.66827392578125,256,185.78135752677917,256,185.8872241973877,256,185.99225497245789,256,186.13382959365845,256,186.25728178024292,256,186.3611671924591,256,186.68835949897766,256,186.7917456626892,256,187.04378533363342,256,187.1532166004181,256,187.26226568222046,256,187.41431522369385,256,187.65933322906494,256,187.780859708786,256,187.9406406879425,256,188.19373607635498,256,188.44327473640442,256,188.55024075508118,256,188.79417419433594,256,188.8996422290802,256,189.08372449874878,256,189.33819437026978,256,189.43959879875183,256,189.56912755966187,256,189.67076706886292,256,189.77417135238647,256,190.0754747390747,256,190.17166018486023,256,190.27378368377686,256,190.38253116607666,256,190.50538301467896,256,190.61694145202637,256,190.7670361995697,256,190.86252188682556,256,190.9635832309723,256,191.06942653656006,256,191.17399525642395,256,191.27608847618103,256,191.5397207736969,256,191.6403365135193,256,191.74048900604248,256,191.84336042404175,256,191.94986009597778,256,192.05372285842896,256,192.15496492385864,256,192.26020288467407,256,192.36357235908508,256,192.46480321884155,256,192.5605912208557,256,192.66126942634583,256,192.77631211280823,256,192.87951183319092,256,193.129714012146,256,193.23259115219116,256,193.51788687705994,256,193.61722993850708,256,193.72288012504578,256,193.82750153541565,256,193.92487478256226,256,194.03498005867004,256,194.132084608078,256,194.26417660713196,256,194.5036976337433,256,194.6053957939148,256,194.7050211429596,256,194.81325459480286,256,194.92820596694946,256,195.02952980995178,256,195.13818955421448,256,195.40675711631775,256,195.51488971710205,256,195.6337971687317,256,195.74523305892944,256,195.864107131958,256,195.96119046211243,256,196.06258487701416,256,196.17141366004944,256,196.27208518981934,256,196.37282061576843,256,196.48075771331787,256,196.58319091796875,256,196.69315576553345,256,196.79623699188232,256,197.11786365509033,256,197.38359427452087,256,197.48641920089722,256,197.59863948822021,256,197.73689556121826,256,197.83656358718872,256,197.9338927268982,256,198.11538648605347,256,198.36360239982605,256,198.46333622932434,256,198.57157349586487,256,198.6724455356598,256,198.7761571407318,256,198.8801989555359,256,198.98247909545898,256,199.13792276382446,256,199.24912524223328,256,199.35006403923035,256,199.4513862133026,256,199.5585172176361,256,199.66029286384583,256,199.8109917640686,256,199.97920274734497,256,200.08038091659546,256,200.17832493782043,256,200.28266501426697,256,200.398090839386,256,200.49983167648315,256,200.65649104118347,256,200.75686860084534,256,200.87408781051636,256,201.11783456802368,256,201.22335982322693,256,201.32954478263855,256,201.43157625198364,256,201.53211092948914,256,201.63444590568542,256,201.74164986610413,256,201.8417091369629,256,201.94668173789978,256,202.04970121383667,256,202.14981031417847,256,202.25001311302185,256,202.41832971572876,256,202.51385498046875,256,202.62170672416687,256,202.9433948993683,256,203.04044723510742,256,203.18812680244446,256,203.2927885055542,256,203.4014711380005,256,203.5167098045349,256,203.66503238677979,256,203.76588821411133,256,203.86903953552246,256,203.97267389297485,256,204.0770390033722,256,204.17431139945984,256,204.27523493766785,256,204.3750877380371,256,204.4870479106903,256,204.6007695198059,256,204.69942831993103,256,204.950453042984,256,205.04850578308105,256,205.16314029693604,256,205.26760172843933,256,205.37234020233154,256,205.47208881378174,256,205.58589816093445,256,205.69686841964722,256,205.80298852920532,256,205.9051115512848,256,206.0085575580597,256,206.10999202728271,256,206.21384048461914,256,206.3186752796173,256,206.60916137695312,256,206.86049842834473,256,206.96660733222961,256,207.070867061615,256,207.16838335990906,256,207.26899886131287,256,207.36636233329773,256,207.4756305217743,256,207.5831732749939,256,207.683984041214,256,207.95347690582275,256,208.05182361602783,256,208.16011810302734,256,208.26243615150452,256,208.36396837234497,256,208.61941504478455,256,208.7276165485382,256,208.83011198043823,256,208.93371534347534,256,209.0346257686615,256,209.13278889656067,256,209.23493432998657,256,209.3344588279724,256,209.43245363235474,256,209.59713506698608,256,209.69534540176392,256,209.80358457565308,256,209.9231173992157,256,210.02747464179993,256,210.1288104057312,256,210.23067688941956,256,210.34461069107056,256,210.44876313209534,256,213.02120113372803,256,213.12407326698303,256,213.22750854492188,256,213.33093571662903,256,213.64363312721252,256,213.7453064918518,256,213.84595799446106,256,213.96335101127625,256,214.0669457912445,256,214.22254371643066,256,214.32503843307495,256,214.42597460746765,256,214.53053951263428,256,214.79109406471252,256,214.8977644443512,256,214.99994683265686,256,215.11709475517273,256,215.2181384563446,256,215.3230426311493,256,215.42590880393982,256,215.70455837249756,256,215.805490732193,256,215.90935969352722,256,216.06626200675964,256,216.16661739349365,256,216.26512336730957,256,216.36709713935852,256,216.4687798023224,256,216.57582759857178,256,216.68215918540955,256,216.7821991443634,256,216.89021277427673,256,216.98790335655212,256,217.0926218032837,256,217.20643091201782,256,217.30810379981995,256,217.4185540676117,256,217.52940773963928,256,217.63421154022217,256,217.7518651485443,256,217.86123037338257,256,217.9647068977356,256,218.06296753883362,256,218.16364789009094,256,218.26693058013916,256,218.37673497200012,256,218.48714566230774,256,218.59371519088745,256,218.69726657867432,256,218.8041741847992,256,219.04758095741272,256,219.14726543426514,256,219.24889969825745,256,219.48737478256226,256,219.58915209770203,256,219.69334173202515,256,219.78963232040405,256,219.8995897769928,256,220.00071215629578,256,220.10377502441406,256,220.2075047492981,256,220.30074262619019,256,220.40829372406006,256,220.50952339172363,256,220.61912059783936,256,220.72214818000793,256,220.9834430217743,256,221.08652067184448,256,221.20081448554993,256,221.2985179424286,256,221.39888882637024,256,221.50009870529175,256,221.60037851333618,256,221.70757699012756,256,221.88295125961304,256,221.9882755279541,256,222.10125589370728,256,222.1979353427887,256,222.3000988960266,256,222.40834379196167,256,222.50959014892578,256,222.6106674671173,256,222.7128415107727,256,222.8152048587799,256,222.92327523231506,256,223.03588151931763,256,223.14675855636597,256,223.24654626846313,256,223.35603284835815,256,223.45846557617188,256,223.55561232566833,256,223.80953240394592,256,223.9124391078949,256,224.01728773117065,256,224.12925171852112,256,224.23372721672058,256,224.336119890213,256,224.44087100028992,256,224.54950594902039,256,224.64944005012512,256,224.7515470981598,256,224.85331749916077,256,224.9572274684906,256,225.05979228019714,256,225.22243571281433,256,225.33028101921082,256,225.43288803100586,256,225.5397765636444,256,225.64078497886658,256,225.74377059936523,256,225.85711789131165,256,225.96405482292175,256,226.06506252288818,256,226.31016540527344,256,226.58577299118042,256,226.76441407203674,256,226.8661253452301,256,226.96689629554749,256,227.11889791488647,256,227.21872782707214,256,227.32263684272766,256,227.67084884643555,256,227.77515745162964,256,227.87899494171143,256,228.14219641685486,256,228.24487781524658,256,228.3471450805664,256,228.45900654792786,256,228.56428456306458,256,228.66832661628723,256,228.93045663833618,256,229.03542685508728,256,229.1407127380371,256,229.24164509773254,256,229.34416365623474,256,229.4512996673584,256,229.56241846084595,256,229.67176914215088,256,229.78387546539307,256,229.8832619190216,256,229.98564982414246,256,230.10611367225647,256,230.20657587051392,256,230.33689618110657,256,230.43883228302002,256,230.54183530807495,256,230.64340925216675,256,230.75377416610718,256,230.8643193244934,256,230.96524500846863,256,231.06018924713135,256,231.20942735671997,256,231.31104040145874,256,231.4364628791809,256,231.53974151611328,256,231.65099906921387,256,231.75559496879578,256,231.85580325126648,256,232.11337757110596,256,232.2225022315979,256,232.34259581565857,256,232.45110988616943,256,232.5513150691986,256,232.81625819206238,256,232.91453766822815,256,233.0217568874359,256,233.18334293365479,256,233.28274083137512,256,233.38777899742126,256,233.49226474761963,256,233.5985667705536,256,233.7043423652649,256,233.80942511558533,256,233.91637992858887,256,234.0679054260254,256,234.1826753616333,256,234.3195607662201,256,234.43182134628296,256,234.5429675579071,256,234.63777899742126,256,234.74158668518066,256,234.8494815826416,256,234.95471167564392,256,235.05775451660156,256,235.16212368011475,256,235.26331782341003,256,235.549870967865,256,235.65287017822266,256,235.79527735710144,256,235.89969897270203,256,236.0329406261444,256,236.13566327095032,256,236.28515553474426,256,236.3900694847107,256,236.5077338218689,256,236.6107213497162,256,236.71192264556885,256,236.8121109008789,256,236.922297000885,256,237.03661489486694,256,237.14080452919006,256,237.30741024017334,256,237.41235399246216,256,237.5113651752472,256,237.6679630279541,256,237.77239274978638,256,237.87639594078064,256,237.98075771331787,256,238.08170342445374,256,238.34290671348572,256,238.44412064552307,256,238.54943108558655,256,238.65271019935608,256,238.75100946426392,256,238.8492136001587,256,238.96156573295593,256,239.06313681602478,256,239.16850352287292,256,239.291033744812,256,239.41904711723328,256,239.5209379196167,256,239.62571358680725,256,239.726313829422,256,239.82950019836426,256,239.93016862869263,256,240.0358326435089,256,240.14133858680725,256,240.24068522453308,256,240.34494924545288,256,240.46198296546936,256,240.5671043395996,256,240.67155027389526,256,240.82977962493896,256,240.9313440322876,256,241.16919255256653,256,241.32199048995972,256,241.42887043952942,256,241.5292398929596,256,241.63091897964478,256,241.73731684684753,256,241.85707306861877,256,241.95683526992798,256,242.05598044395447,256,242.16318535804749,256,242.26696467399597,256,242.37211513519287,256,242.47361493110657,256,242.58032727241516,256,242.68826746940613,256,242.80093383789062,256,242.91013765335083,256,243.01959586143494,256,243.12813568115234,256,243.22892451286316,256,243.48195362091064,256,243.58883810043335,256,243.69464421272278,256,243.80603790283203,256,243.92235040664673,256,244.02496433258057,256,244.12877321243286,256,244.23691201210022,256,244.34661746025085,256,244.61762189865112,256,244.7217242717743,256,244.8244915008545,256,244.93201088905334,256,245.0351800918579,256,245.1419882774353,256,245.25605392456055,256,245.3685266971588,256,245.4799563884735,256,245.58216047286987,256,245.68747282028198,256,245.7935426235199,256,245.90022778511047,256,246.0059871673584,256,246.11112427711487,256,246.2124900817871,256,246.31434297561646,256,246.42323446273804,256,246.52327370643616,256,246.6235146522522,256,246.71832990646362,256,246.871652841568,256,247.03121209144592,256,247.13468885421753,256,247.23482298851013,256,247.33230233192444,256,247.4287486076355,256,247.53163242340088,256,247.76009488105774,256,247.86159133911133,256,247.9625825881958,256,248.06733965873718,256,248.17176747322083,256,248.2778344154358,256,248.3758842945099,256,248.62536549568176,256,248.73568606376648,256,248.83555269241333,256,248.94500088691711,256,249.0505337715149,256,249.14851427078247,256,249.2587809562683,256,249.361310005188,256,249.47838377952576,256,249.57879734039307,256,249.67992401123047,256,249.78282237052917,256,249.88432145118713,256,249.98873281478882,256,250.08644008636475,256,250.19120478630066,256,250.2941174507141,256,250.4304702281952,256,250.5361521244049,256,250.6415195465088,256,250.74638152122498,256,250.85897040367126,256,250.96366596221924,256,251.06614232063293,256,251.1786549091339,256,251.27907919883728,256,251.38892078399658,256,251.49277305603027,256,251.74315929412842,256,251.84756326675415,256,251.98447728157043,256,252.0926284790039,256,252.19963192939758,256,252.29914903640747,256,252.41200852394104,256,252.5679965019226,256,252.71996092796326,256,252.82371139526367,256,252.92394948005676,256,253.02850008010864,256,253.13313841819763,256,253.23578095436096,256,253.3432638645172,256,253.45155835151672,256,253.55468440055847,256,253.6616175174713,256,253.76927638053894,256,253.87216687202454,256,256.3858952522278,256,256.5587296485901,256,256.66473937034607,256,256.82562732696533,256,257.08805680274963,256,257.24996757507324,256,257.3558280467987,256,257.45785689353943,256,257.5715889930725,256,257.6772072315216,256,257.78419947624207,256,257.8958692550659,256,258.00085830688477,256,258.246866941452,256,258.34742736816406,256,258.4491729736328,256,258.6147840023041,256,258.71704173088074,256,258.82859206199646,256,258.93348121643066,256,259.03464341163635,256,259.13664865493774,256,259.24564027786255,256,259.5156157016754,256,259.6241178512573,256,259.7306742668152,256,259.8293573856354,256,259.931843996048,256,260.0453634262085,256,260.1592609882355,256,260.26043033599854,256,260.36442470550537,256,260.4638476371765,256,260.56803727149963,256,260.67325711250305,256,260.7845606803894,256,260.9244382381439,256,261.0260181427002,256,261.13455867767334,256,261.23995423316956,256,261.506817817688,256,261.62114000320435,256,261.7245464324951,256,261.82844710350037,256,261.93582105636597,256,262.036274433136,256,262.13742446899414,256,262.4327676296234,256,262.54196858406067,256,262.69368720054626,256,262.8251280784607,256,262.9351966381073,256,263.2096848487854,256,263.31668853759766,256,263.4215669631958,256,263.5259442329407,256,263.6308596134186,256,263.7532949447632,256,263.9042308330536,256,264.01618790626526,256,264.1193561553955,256,264.21894788742065,256,264.32034373283386,256,264.4252052307129,256,264.6926953792572,256,264.9579885005951,256,265.05848717689514,256,265.1660108566284,256,265.27353072166443,256,265.37710309028625,256,265.4829490184784,256,265.586279630661,256,265.75223994255066,256,265.86015582084656,256,265.9661569595337,256,266.07159638404846,256,266.17573523521423,256,266.2806272506714,256,266.3872995376587,256,266.48686504364014,256,266.65776228904724,256,266.7628901004791,256,266.8703603744507,256,266.9901204109192,256,267.2619411945343,256,267.3623960018158,256,267.4614169597626,256,267.7253963947296,256,267.829060792923,256,267.9361836910248,256,268.04053497314453,256,268.15310621261597,256,268.26835584640503,256,268.370934009552,256,268.53063130378723,256,268.6332805156708,256,268.75204133987427,256,269.0532331466675,256,269.16830134391785,256,269.4053363800049,256,269.51117730140686,256,269.62688541412354,256,269.7299394607544,256,269.83305764198303,256,269.9343605041504,256,270.0299332141876,256,270.12719917297363,256,270.2291307449341,256,270.3367431163788,256,270.44168758392334,256,270.5428874492645,256,270.8115482330322,256,270.92065024375916,256,271.01880407333374,256,271.12656140327454,256,271.2296154499054,256,271.38988995552063,256,271.49552273750305,256,271.595858335495,256,271.70454692840576,256,271.80989933013916,256,271.9183371067047,256,272.02311062812805,256,272.1257541179657,256,272.3066346645355,256,272.41081833839417,256,272.5209505558014,256,272.62136578559875,256,272.7285177707672,256,272.83033323287964,256,272.93323397636414,256,273.03673553466797,256,273.1413288116455,256,273.24397683143616,256,273.3510446548462,256,273.4514157772064,256,273.5545175075531,256,273.65473318099976,256,273.7643918991089,256,273.86605167388916,256,273.9670219421387,256,274.07012605667114,256,274.17661905288696,256,274.28081703186035,256,274.3857946395874,256,274.6179087162018,256,274.72363209724426,256,274.8349153995514,256,274.935875415802,256,275.03532814979553,256,275.13410449028015,256,275.23529744148254,256,275.33424830436707,256,275.4433801174164,256,275.5529851913452,256,275.6567635536194,256,275.89520049095154,256,276.0472135543823,256,276.1503028869629,256,276.2605164051056,256,276.3638062477112,256,276.4670526981354,256,276.56942224502563,256,276.6760907173157,256,276.9163324832916,256,277.18364810943604,256,277.2890112400055,256,277.55375623703003,256,277.66104555130005,256,277.7663493156433,256,278.02970910072327,256,278.3010377883911,256,278.41137886047363,256,278.6640076637268,256,278.7753164768219,256,278.87578296661377,256,278.9882836341858,256,279.09609508514404,256,279.20516061782837,256,279.30846405029297,256,279.4123833179474,256,279.56458711624146,256,279.66798853874207,256,279.7744221687317,256,279.8780903816223,256,279.97673416137695,256,280.12288451194763,256,280.22620725631714,256,280.3301727771759,256,280.42927265167236,256,280.5429515838623,256,280.68778800964355,256,280.81640625,256,280.9545521736145,256,281.1972897052765,256,281.3084626197815,256,281.42682003974915,256,281.53279733657837,256,281.63729095458984,256,281.7386395931244,256,281.83920764923096,256,281.9424719810486,256,282.0476338863373,256,282.1569595336914,256,282.30462098121643,256,282.4054274559021,256,282.5109541416168,256,282.6132094860077,256,282.781192779541,256,282.8805043697357,256,282.9814455509186,256,283.0888340473175,256,283.1897599697113,256,283.3061077594757,256,283.4142315387726,256,283.51534128189087,256,283.66933393478394,256,283.77479577064514,256,283.877236366272,256,283.98254585266113,256,284.0927791595459,256,284.19532799720764,256,284.30147194862366,256,284.4284203052521,256,284.53218245506287,256,284.8025074005127,256,284.9049668312073,256,285.00500202178955,256,285.1097574234009,256,285.2185366153717,256,285.32775712013245,256,285.43389320373535,256,285.5371422767639,256,285.6404571533203,256,285.75534296035767,256,285.85696172714233,256,285.9587264060974,256,286.05592918395996,256,286.16052770614624,256,286.2858576774597,256,286.6355481147766,256,286.73970317840576,256,286.8394739627838,256,286.94025564193726,256,287.0486078262329,256,287.1488103866577,256,287.2506000995636,256,287.3575441837311,256,287.4617054462433,256,287.615353345871,256,287.8763451576233,256,288.037344455719,256,288.13771057128906,256,288.30574917793274,256,288.4084565639496,256,288.51294231414795,256,288.7727162837982,256,288.87826323509216,256,288.9901852607727,256,289.0975298881531,256,289.1942491531372,256,289.2973630428314,256,289.4106459617615,256,289.57746148109436,256,289.6722619533539,256,289.77739357948303,256,289.8792223930359,256,290.127028465271,256,290.5109028816223,256,290.615318775177,256,290.7218728065491,256,290.98857736587524,256,291.0948145389557,256,291.19761753082275,256,291.4576485157013,256,291.5638659000397,256,291.68431544303894,256,291.7903850078583,256,291.8929069042206,256,292.00111055374146,256,292.10025095939636,256,292.22758650779724,256,292.3361179828644,256,292.4428689479828,256,292.54510140419006,256,292.6584644317627,256,292.93440985679626,256,293.22068309783936,256,293.328408241272,256,293.42912006378174,256,293.53430676460266,256,293.6811990737915,256,293.78501629829407,256,294.1127164363861,256,294.34258222579956,256,294.5956218242645,256,294.7001881599426,256,294.80553340911865,256,294.90494179725647,256,295.14491415023804,256,295.3725233078003,256,295.4892590045929,256,295.59972739219666,256,295.7055652141571,256,295.81097316741943,256,295.93294405937195,256,296.0428957939148,256,296.1455924510956,256,296.2555706501007,256,296.3517515659332,256,296.6164221763611,256,296.72283840179443,256,296.8249113559723,256,296.9282166957855,256,297.07809805870056,256,297.18101024627686,256,297.280624628067,256,297.38277673721313,256,297.5239062309265,256,297.62899923324585,256,298.3563702106476,256,298.46188950538635,256,298.56244707107544,256,298.664434671402,256,298.7643325328827,256,298.8666112422943,256,298.96502327919006,256,299.12983560562134,256,299.2283058166504,256,299.3368492126465,256,299.44784688949585,256,299.5511453151703,256,299.65958428382874,256,299.76619243621826,256,299.865603685379,256,299.9704270362854,256,300.0448958873749
4,random graphs/triangle/r1.5k18n12/graph4.lgbin,2017,233.120103597641,281,692,0,590,0.28264880180358887,513,0.5198936462402344,479,0.7753846645355225,455,1.037630319595337,420,1.1823687553405762,395,1.4533092975616455,374,1.6995213031768799,363,1.888458013534546,361,2.120943784713745,345,2.2640509605407715,327,2.4837043285369873,322,2.7091827392578125,320,2.8850321769714355,318,3.1363706588745117,316,3.398155689239502,316,3.5128934383392334,314,3.7640037536621094,314,4.0370237827301025,312,4.324301481246948,312,4.471827030181885,312,4.713691473007202,311,4.858799457550049,311,5.395428657531738,311,5.629817724227905,311,5.874352693557739,310,6.042276620864868,310,6.16314435005188,306,6.379878759384155,306,6.598842620849609,306,6.742690563201904,305,6.945396661758423,298,7.175567388534546,298,7.328275203704834,298,7.496752500534058,298,7.716455698013306,298,7.8305113315582275,298,7.9397947788238525,298,8.104473352432251,298,8.344079971313477,297,8.528808832168579,297,8.776961088180542,297,9.08149266242981,297,9.222606420516968,297,9.37838864326477,296,9.698718070983887,296,10.007267713546753,296,10.14550232887268,296,10.419226884841919,296,10.664387464523315,296,10.817741394042969,296,11.085075616836548,296,11.222079277038574,295,11.442402124404907,294,11.601993799209595,294,11.706189632415771,294,11.81852674484253,294,12.044685125350952,294,12.294601202011108,294,12.400799751281738,294,12.511531352996826,294,12.61590051651001,294,12.860794305801392,294,13.09629774093628,294,13.25043535232544,294,13.369606256484985,294,13.504635572433472,294,13.655240297317505,294,13.869853734970093,293,14.056355953216553,292,14.319087505340576,291,14.530040502548218,291,14.643085241317749,291,14.75505256652832,291,14.926161766052246,291,15.04233717918396,291,15.363404512405396,291,15.6328444480896,291,15.924211263656616,291,16.158353567123413,291,16.433430910110474,291,16.70229482650757,291,16.88858437538147,291,16.993098497390747,291,17.133565664291382,291,17.492294788360596,291,17.677238941192627,291,17.792190313339233,291,18.119369745254517,291,18.412112951278687,291,18.687557697296143,291,18.930469036102295,291,19.038389682769775,291,19.145926237106323,291,19.406787872314453,291,19.674635887145996,291,19.843879222869873,291,20.022080659866333,291,20.144396543502808,291,20.397121906280518,291,20.6588134765625,291,20.771379947662354,291,21.01941418647766,291,21.180434942245483,291,21.422087907791138,290,21.674037218093872,290,21.94117045402527,290,22.110213041305542,290,22.279053688049316,288,22.48459529876709,286,22.621553897857666,285,22.854026556015015,285,23.070860385894775,285,23.23168396949768,285,23.433510303497314,285,23.689489126205444,285,23.79876160621643,285,23.95606017112732,285,24.06876492500305,285,24.208711624145508,285,24.32040500640869,285,24.425090312957764,285,24.77564835548401,285,24.883054733276367,285,25.034549236297607,285,25.289937257766724,285,25.55557131767273,285,25.70701265335083,285,25.839759588241577,285,26.061289072036743,285,26.22394561767578,285,26.519652128219604,285,26.631122589111328,285,26.74480104446411,285,26.875011444091797,285,27.014328002929688,285,27.219173669815063,285,27.357624292373657,285,27.67880654335022,285,27.842156171798706,285,30.046185970306396,285,30.20021939277649,285,30.345170974731445,285,30.455591440200806,285,30.790843963623047,285,31.04006004333496,285,31.31526470184326,285,31.56059217453003,285,31.682749271392822,285,31.84104299545288,285,32.169307470321655,285,32.28015208244324,285,32.42291808128357,285,32.53031301498413,285,32.73680067062378,285,33.006052017211914,285,33.149611949920654,285,33.347285747528076,285,33.461382150650024,285,33.71481013298035,285,33.84449243545532,285,33.96472907066345,285,34.177783727645874,285,34.33198261260986,285,34.53704047203064,285,34.81132364273071,285,34.97461557388306,285,35.16647028923035,285,35.43192768096924,285,35.582462787628174,285,35.734333515167236,285,35.87341928482056,285,36.02287030220032,285,36.177915811538696,285,36.285229206085205,285,36.51609778404236,285,36.61941695213318,285,36.91346502304077,285,37.068968772888184,285,37.233166456222534,285,37.34130096435547,285,37.48552203178406,285,37.70873308181763,285,37.837790727615356,285,38.10465908050537,285,38.34187722206116,285,38.5696120262146,285,38.71076488494873,285,38.986533641815186,285,39.147932291030884,285,39.252846240997314,285,39.36663508415222,285,39.53023815155029,285,39.6874635219574,285,39.80007743835449,285,40.08561086654663,285,40.229002475738525,285,40.37440299987793,285,40.633174419403076,285,40.906718730926514,285,41.11516213417053,285,41.27831029891968,285,41.39493227005005,285,41.59904599189758,285,41.902129888534546,285,42.00956344604492,285,42.291332721710205,285,42.57833290100098,285,42.6879608631134,285,42.8351104259491,285,42.950557231903076,285,43.228962898254395,285,43.5140962600708,285,43.68597650527954,285,43.79685378074646,285,43.90319299697876,285,44.066126346588135,285,44.3320586681366,285,44.528783082962036,285,44.74964213371277,285,45.05967140197754,285,45.20766353607178,285,45.35144543647766,285,45.4639048576355,285,45.711092472076416,285,45.97505712509155,285,46.10597515106201,285,46.22441601753235,285,46.46178102493286,285,46.56977343559265,285,46.72235941886902,285,46.83266544342041,285,47.002601623535156,285,47.149086713790894,285,47.417410135269165,285,47.563318729400635,285,47.71354913711548,285,47.868558406829834,285,48.09536051750183,285,48.37986993789673,285,48.530356645584106,285,48.694499254226685,285,48.83340907096863,285,49.157262086868286,285,49.26971173286438,285,49.396607875823975,285,49.63942289352417,285,49.75032711029053,285,50.06709408760071,285,50.29416370391846,285,50.56726622581482,285,50.777872800827026,285,51.01635026931763,285,51.12492799758911,285,51.27376627922058,285,51.40788221359253,285,51.52238726615906,285,51.79080891609192,285,51.92749857902527,285,52.09935545921326,285,52.303020000457764,285,52.56139254570007,285,52.840357065200806,285,53.098145723342896,285,53.25917887687683,285,53.548259258270264,285,53.773109436035156,285,53.882025480270386,285,54.1803777217865,285,54.32810187339783,285,54.43704414367676,285,54.57174849510193,285,54.85171675682068,285,55.15862822532654,285,55.30149173736572,285,55.50956606864929,285,55.66289758682251,285,55.7700309753418,285,55.87883496284485,285,56.21694493293762,285,56.48215293884277,285,56.64014029502869,285,56.899216175079346,285,57.05181956291199,285,57.16377019882202,285,57.40277099609375,285,57.5564489364624,285,57.66955351829529,285,57.874606132507324,285,58.09685707092285,285,58.263444900512695,285,58.36438298225403,285,58.692766189575195,285,58.977938413619995,285,59.228474617004395,285,59.33497333526611,285,59.45482540130615,285,59.71238970756531,285,60.01789331436157,285,60.129785776138306,284,60.590781688690186,283,60.744662284851074,282,60.84993648529053,282,60.98476529121399,282,61.09849977493286,282,61.30391192436218,281,61.61361908912659,281,61.75249767303467,281,61.85830092430115,281,62.013041973114014,281,62.16741394996643,281,62.279359579086304,281,62.38268756866455,281,62.60328125953674,281,62.709922075271606,281,62.816306591033936,281,62.92981791496277,281,63.04275369644165,281,63.297353982925415,281,63.40894103050232,281,63.63177824020386,281,63.89035487174988,281,63.998294830322266,281,64.16209030151367,281,64.26405382156372,281,64.40142035484314,281,64.66512322425842,281,64.7773642539978,281,65.37968683242798,281,65.53003454208374,281,65.69723868370056,281,65.80077195167542,281,65.95386290550232,281,66.09307169914246,281,66.2436351776123,281,66.35597801208496,281,66.49865937232971,281,66.63573122024536,281,66.77599334716797,281,66.93085670471191,281,67.04088163375854,281,67.30137252807617,281,67.4082977771759,281,67.6794650554657,281,67.98727488517761,281,68.0902111530304,281,68.29859900474548,281,68.40842413902283,281,68.6449921131134,281,68.90481209754944,281,69.0610659122467,281,69.2236213684082,281,69.47101712226868,281,69.71054911613464,281,70.00668358802795,281,70.26603364944458,281,70.478928565979,281,70.8350338935852,281,71.05328512191772,281,71.16466307640076,281,71.31714653968811,281,71.47249603271484,281,71.7613172531128,281,72.04368090629578,281,72.4962203502655,281,72.64265322685242,281,72.80360913276672,281,73.05191493034363,281,73.20268392562866,281,73.42480325698853,281,73.7149305343628,281,73.8594388961792,281,74.11759376525879,281,74.26140141487122,281,74.36799693107605,281,74.52676892280579,281,74.63582825660706,281,74.87000823020935,281,75.1491596698761,281,75.31649255752563,281,75.46972465515137,281,75.61849522590637,281,75.76846694946289,281,75.92644762992859,281,76.03815031051636,281,76.19017934799194,281,76.45502805709839,281,76.56302833557129,281,76.78179740905762,281,77.03597235679626,281,77.1414577960968,281,77.40486931800842,281,77.6355881690979,281,77.73829674720764,281,78.00136637687683,281,78.24400901794434,281,78.5172815322876,281,78.62140417098999,281,78.90044856071472,281,79.05693912506104,281,79.32431745529175,281,79.59301853179932,281,79.70543241500854,281,79.86455512046814,281,80.12430429458618,281,80.28458976745605,281,80.48639416694641,281,80.63655042648315,281,80.74220252037048,281,80.98351192474365,281,81.19185853004456,281,81.30086755752563,281,81.40489387512207,281,81.69147229194641,281,81.91330242156982,281,82.05985593795776,281,82.22642421722412,281,82.4856026172638,281,82.77172350883484,281,82.9311056137085,281,83.17589592933655,281,83.47041988372803,281,83.58582377433777,281,83.74111127853394,281,83.8464765548706,281,83.99328136444092,281,84.19173312187195,281,84.51728510856628,281,84.67669129371643,281,84.79142093658447,281,84.912264585495,281,85.15448236465454,281,85.47795104980469,281,85.74753880500793,281,86.02696537971497,281,86.17803454399109,281,86.3271119594574,281,86.47826147079468,281,86.72918820381165,281,86.87360501289368,281,87.11370825767517,281,87.23358464241028,281,87.45932841300964,281,87.76264691352844,281,87.90982627868652,281,88.05738496780396,281,88.40784192085266,281,88.55810141563416,281,88.68333697319031,281,88.950270652771,281,89.10140252113342,281,89.33205389976501,281,89.47456932067871,281,89.5847020149231,281,89.73116636276245,281,89.86113595962524,281,90.07830381393433,281,90.24248456954956,281,90.86426067352295,281,91.13548398017883,281,91.24085879325867,281,91.3809015750885,281,91.51723384857178,281,91.67733478546143,281,91.83364963531494,281,92.2280044555664,281,92.36047172546387,281,92.56270456314087,281,92.84804439544678,281,92.95521473884583,281,93.10118079185486,281,93.32614469528198,281,93.47097706794739,281,93.57552647590637,281,93.79995727539062,281,94.00149440765381,281,94.1372082233429,281,94.2464907169342,281,94.3869845867157,281,94.58617734909058,281,94.84321570396423,281,95.29069590568542,281,95.39715337753296,281,95.62451243400574,281,95.8852801322937,281,96.00205826759338,281,96.15782690048218,281,96.27341794967651,281,96.3851535320282,281,96.49842858314514,281,96.79324436187744,281,97.06732392311096,281,97.17585492134094,281,97.29180645942688,281,97.88791155815125,281,97.99413800239563,281,98.32974052429199,281,98.44326853752136,281,98.58053517341614,281,98.68717765808105,281,98.95535182952881,281,99.22048044204712,281,99.58985209465027,281,99.75858426094055,281,99.86472129821777,281,100.01661109924316,281,100.15706253051758,281,100.32222247123718,281,100.56226897239685,281,100.7270188331604,281,100.87362551689148,281,101.09507250785828,281,101.26387548446655,281,101.54133129119873,281,101.78982782363892,281,102.0618805885315,281,102.29782962799072,281,102.45944261550903,281,102.56662201881409,281,102.70801782608032,281,102.93801808357239,281,103.080087184906,281,103.20486044883728,281,103.36092162132263,281,103.5028874874115,281,103.61819100379944,281,103.76022696495056,281,103.87590479850769,281,104.10307478904724,281,104.25516772270203,281,104.4034149646759,281,104.67431020736694,281,104.78288245201111,281,104.99673533439636,281,105.14908909797668,281,105.28977823257446,281,105.43764972686768,281,105.70845341682434,281,105.91881489753723,281,106.0696313381195,281,106.33393001556396,281,106.44848370552063,281,106.66777753829956,281,106.80600452423096,281,107.10936331748962,281,107.36550545692444,281,107.51100277900696,281,107.82079744338989,281,107.9673593044281,281,108.21531629562378,281,108.32901072502136,281,108.47952270507812,281,108.70377159118652,281,108.97170186042786,281,109.24571824073792,281,109.36518120765686,281,109.66450548171997,281,109.80704617500305,281,110.11544179916382,281,110.23380517959595,281,110.38722610473633,281,110.67797231674194,281,110.79493951797485,281,110.90169405937195,281,111.14812445640564,281,111.29703450202942,281,111.44662070274353,281,111.5781192779541,281,111.71813559532166,281,111.83523035049438,281,111.9780170917511,281,112.27963829040527,281,112.4367904663086,281,112.54701375961304,281,112.66109919548035,281,112.87438249588013,281,113.02669644355774,281,113.13479375839233,281,113.27547526359558,281,113.40801072120667,281,113.6346185207367,281,113.78405046463013,281,113.91156435012817,281,116.13675045967102,281,116.2810070514679,281,116.5404155254364,281,116.64786028862,281,116.90854692459106,281,117.01858162879944,281,117.18825364112854,281,117.43145942687988,281,117.83576941490173,281,118.0763897895813,281,118.23506593704224,281,118.34115242958069,281,118.80864810943604,281,118.91889977455139,281,119.1569037437439,281,119.33939003944397,281,119.59998846054077,281,119.71277904510498,281,119.8164074420929,281,120.08376908302307,281,120.35977935791016,281,120.64874196052551,281,120.80260396003723,281,121.07766938209534,281,121.36589622497559,281,121.47472548484802,281,121.7375099658966,281,121.84693193435669,281,121.99042439460754,281,122.26901507377625,281,122.43166303634644,281,122.70356917381287,281,122.92278552055359,281,123.15339279174805,281,123.26042222976685,281,123.3726019859314,281,123.56308031082153,281,123.66783094406128,281,123.7719497680664,281,124.02688312530518,281,124.3341715335846,281,124.47610116004944,281,124.60408782958984,281,124.84246516227722,281,125.11061477661133,281,125.38356828689575,281,125.50077891349792,281,125.64971423149109,281,125.87323880195618,281,125.99019122123718,281,126.22834348678589,281,126.37621998786926,281,126.51417398452759,281,126.62836265563965,281,126.87329745292664,281,127.09563374519348,281,127.3911714553833,281,129.50924277305603,281,129.77241587638855,281,130.05071425437927,281,130.16377425193787,281,130.3193974494934,281,130.55616807937622,281,130.84226727485657,281,131.11205434799194,281,131.3902928829193,281,131.5337986946106,281,131.77594757080078,281,132.02578830718994,281,132.28390264511108,281,132.55662322044373,281,132.69877910614014,281,132.83930826187134,281,132.95369505882263,281,133.10254287719727,281,133.3801248073578,281,133.68656015396118,281,133.85558819770813,281,133.99781847000122,281,134.11193585395813,281,134.33156204223633,281,134.492840051651,281,134.7982635498047,281,135.05982446670532,281,135.32708525657654,281,135.58802676200867,281,135.86088252067566,281,135.9813747406006,281,136.18882250785828,281,136.41234230995178,281,136.68532752990723,281,136.83951425552368,281,137.09294605255127,281,137.20517492294312,281,137.3473620414734,281,137.50653910636902,281,137.6587574481964,281,137.77688217163086,281,137.90757775306702,281,138.43571376800537,281,138.64859104156494,281,138.90478563308716,281,139.1492223739624,281,139.42010164260864,281,139.58445382118225,281,139.8181483745575,281,140.0557301044464,281,140.28865551948547,281,140.40374159812927,281,140.74211072921753,281,141.0008533000946,281,141.10596537590027,281,141.25171971321106,281,141.39093828201294,281,141.60246205329895,281,141.86141848564148,281,142.03524017333984,281,142.2968394756317,281,142.4055631160736,281,142.66901803016663,281,142.83215165138245,281,143.12528681755066,281,143.28295135498047,281,143.41824579238892,281,143.53549098968506,281,143.67383313179016,281,143.81356143951416,281,144.35243225097656,281,144.4991512298584,281,144.86365938186646,281,144.97389960289001,281,145.07935094833374,281,146.04208159446716,281,146.19810342788696,281,146.43182253837585,281,146.59616613388062,281,146.84449434280396,281,147.10429167747498,281,147.236319065094,281,147.58224368095398,281,147.69881677627563,281,147.81110072135925,281,147.9641342163086,281,148.1185863018036,281,148.23215532302856,281,148.34849166870117,281,148.58297419548035,281,148.84935235977173,281,149.11790490150452,281,149.23106288909912,281,149.34408497810364,281,149.46738505363464,281,149.76205730438232,281,149.87010860443115,281,150.17271637916565,281,150.776269197464,281,151.03250217437744,281,151.28747630119324,281,151.39814972877502,281,151.51151394844055,281,151.75722932815552,281,151.86356711387634,281,152.18642163276672,281,152.4069504737854,281,152.7243046760559,281,152.83472728729248,281,153.06758046150208,281,153.20801067352295,281,153.4697196483612,281,153.7324800491333,281,153.87200617790222,281,154.01772594451904,281,154.12275004386902,281,154.3547592163086,281,154.47005772590637,281,154.59104442596436,281,154.74058651924133,281,154.85677075386047,281,154.97086787223816,281,155.19819021224976,281,155.3456392288208,281,155.50187802314758,281,155.6171236038208,281,155.85726523399353,281,155.96753001213074,281,156.07709193229675,281,156.2848973274231,281,156.49138021469116,281,156.7625949382782,281,156.92058110237122,281,157.03107500076294,281,157.17670226097107,281,157.28361320495605,281,157.44022297859192,281,157.57549047470093,281,157.71738934516907,281,157.9347586631775,281,158.16914129257202,281,158.2806978225708,281,158.39852476119995,281,158.63543033599854,281,158.78644394874573,281,160.32857537269592,281,160.73495960235596,281,160.84902787208557,281,161.00628805160522,281,161.15427708625793,281,161.33410835266113,281,161.47906923294067,281,161.59372854232788,281,161.7424614429474,281,161.85067296028137,281,161.9907729625702,281,162.10482573509216,281,162.2545039653778,281,164.61438035964966,281,164.78155994415283,281,164.94777727127075,281,165.0651035308838,281,165.21011996269226,281,165.3586311340332,281,165.65810465812683,281,165.9141674041748,281,166.12205529212952,281,166.391921043396,281,166.62703943252563,281,166.75957822799683,281,167.0769500732422,281,167.23350405693054,281,167.49303436279297,281,167.6333351135254,281,167.87899661064148,281,168.13907265663147,281,168.28451251983643,281,168.58454012870789,281,168.81510543823242,281,169.0597267150879,281,169.26494026184082,281,169.39583134651184,281,169.55443048477173,281,169.67318415641785,281,169.92893433570862,281,170.14553093910217,281,170.29954075813293,281,170.41740107536316,281,170.69671320915222,281,170.81618809700012,281,171.04502201080322,281,171.16725516319275,281,171.35685181617737,281,171.64633059501648,281,171.7890465259552,281,171.9015634059906,281,172.01122164726257,281,172.1479868888855,281,172.29105496406555,281,172.3990466594696,281,172.63184309005737,281,172.8748278617859,281,173.04320621490479,281,173.2462019920349,281,173.36648082733154,281,173.49010682106018,281,173.63203859329224,281,173.7705774307251,281,174.03920340538025,281,174.37706303596497,281,174.5361659526825,281,174.78669357299805,281,175.04870414733887,281,175.30447053909302,281,175.45802855491638,281,175.61296010017395,281,175.7268307209015,281,176.0294132232666,281,176.18965315818787,281,176.3543426990509,281,176.47697257995605,281,176.7049355506897,281,176.92791843414307,281,177.0881907939911,281,177.30050110816956,281,177.5641496181488,281,177.78382658958435,281,178.0757348537445,281,178.33729553222656,281,178.4423644542694,281,178.69921350479126,281,178.90148210525513,281,179.1523928642273,281,179.40393900871277,281,179.64093828201294,281,179.88705492019653,281,180.2095148563385,281,180.32622385025024,281,180.47881722450256,281,180.6249053478241,281,180.79223203659058,281,183.0552384853363,281,183.27540683746338,281,183.40649223327637,281,183.63442754745483,281,183.74246954917908,281,184.0055410861969,281,184.2482681274414,281,184.39205837249756,281,184.63720273971558,281,185.02681803703308,281,185.13286566734314,281,185.24382734298706,281,185.47380375862122,281,185.57901430130005,281,185.687757730484,281,185.7944712638855,281,186.05986166000366,281,186.3081226348877,281,186.45398688316345,281,186.56374073028564,281,186.83564805984497,281,187.10356545448303,281,187.3194544315338,281,187.43387365341187,281,187.54008984565735,281,187.7009518146515,281,187.9526572227478,281,188.21751523017883,281,188.36392450332642,281,188.51983428001404,281,188.72459149360657,281,188.88660216331482,281,189.04607892036438,281,189.33391618728638,281,189.44202971458435,281,189.69802713394165,281,189.92968702316284,281,190.07906198501587,281,190.19083428382874,281,190.3160707950592,281,190.5842616558075,281,190.68630528450012,281,190.7931363582611,281,191.08261585235596,281,191.38391065597534,281,191.53398442268372,281,191.81674766540527,281,191.92748069763184,281,192.16406178474426,281,192.27902030944824,281,192.41734552383423,281,192.56076979637146,281,192.76853442192078,281,192.93563318252563,281,193.08453583717346,281,193.23176336288452,281,193.4556782245636,281,193.57086491584778,281,193.69321656227112,281,193.80964994430542,281,193.9231345653534,281,194.13014316558838,281,194.35318398475647,281,194.50446701049805,281,194.66602110862732,281,194.93402194976807,281,195.16113877296448,281,195.43996787071228,281,195.5935344696045,281,195.74965476989746,281,195.91453623771667,281,196.16710591316223,281,196.27213668823242,281,196.4377269744873,281,196.55028891563416,281,196.81367993354797,281,197.07705163955688,281,197.22697472572327,281,197.38311004638672,281,197.62830090522766,281,197.79184913635254,281,198.01416087150574,281,198.1240177154541,281,198.3962061405182,281,198.50622534751892,281,198.65826177597046,281,198.78790640830994,281,199.3600652217865,281,199.58482909202576,281,199.84537816047668,281,199.9868004322052,281,200.2521107196808,281,200.4879367351532,281,200.72618532180786,281,200.9480059146881,281,201.18461394309998,281,201.346910238266,281,201.48371076583862,281,201.88401913642883,281,202.1293125152588,281,202.78014540672302,281,203.0608513355255,281,203.19394159317017,281,203.50497913360596,281,203.6208155155182,281,203.8893072605133,281,204.0024676322937,281,204.27421689033508,281,204.62310457229614,281,204.8676722049713,281,204.98280668258667,281,205.119961977005,281,205.27501344680786,281,205.42367267608643,281,205.6789162158966,281,205.84151601791382,281,206.10525608062744,281,206.38040471076965,281,206.6895182132721,281,206.80115032196045,281,206.91714310646057,281,207.22231936454773,281,207.36324191093445,281,207.6213300228119,281,207.73383736610413,281,207.97857093811035,281,208.12401700019836,281,208.38232326507568,281,208.60789155960083,281,208.95595049858093,281,209.17358660697937,281,209.31657600402832,281,209.42088317871094,281,209.69639348983765,281,209.84437823295593,281,210.0733675956726,281,210.1801106929779,281,210.35152983665466,281,210.45981740951538,281,210.72069263458252,281,210.86630940437317,281,210.984308719635,281,211.30613732337952,281,211.56584286689758,281,211.71847248077393,281,211.83311557769775,281,211.95036220550537,281,212.1039354801178,281,212.21167922019958,281,212.49068021774292,281,212.79226541519165,281,212.93000149726868,281,213.05130529403687,281,213.15723252296448,281,213.41908431053162,281,213.56526923179626,281,213.8242688179016,281,214.13819479942322,281,214.29729008674622,281,214.535475730896,281,214.64685225486755,281,214.75765419006348,281,214.9104025363922,281,215.16591596603394,281,215.31840133666992,281,215.46696543693542,281,215.68949341773987,281,215.92135190963745,281,216.0600881576538,281,216.2712426185608,281,216.4864444732666,281,216.63812446594238,281,216.79521703720093,281,216.93750739097595,281,217.2463960647583,281,217.39446187019348,281,217.68369245529175,281,217.97608184814453,281,218.17403101921082,281,218.45963215827942,281,218.7254023551941,281,218.96007370948792,281,219.24432611465454,281,219.51062440872192,281,219.73238897323608,281,219.8826560974121,281,220.03686094284058,281,220.31795167922974,281,220.64107155799866,281,220.76696848869324,281,220.90033102035522,281,221.05985856056213,281,221.19919061660767,281,221.47103238105774,281,221.72319054603577,281,221.96383476257324,281,222.17295742034912,281,222.39275527000427,281,222.51839113235474,281,222.73064732551575,281,222.98191165924072,281,223.12090468406677,281,223.3654236793518,281,223.47996473312378,281,223.7454113960266,281,223.8867712020874,281,224.09356117248535,281,224.2099587917328,281,224.328462600708,281,224.61489534378052,281,224.89262986183167,281,225.04106378555298,281,225.14880871772766,281,228.30814170837402,281,228.52393102645874,281,228.67296504974365,281,228.8840353488922,281,228.9970817565918,281,229.10291147232056,281,229.22790265083313,281,229.3370931148529,281,229.57269620895386,281,229.67723441123962,281,229.84322929382324,281,230.03008794784546,281,230.2521209716797,281,230.36127424240112,281,230.46947145462036,281,230.6065776348114,281,230.8602910041809,281,231.1781780719757,281,231.3452455997467,281,231.6097137928009,281,231.9635591506958,281,232.0822627544403,281,232.3444423675537,281,232.4482123851776,281,232.550696849823,281,232.79183101654053,281,232.90340447425842,281,233.01318264007568,281,233.32749009132385,281,233.50044918060303,281,233.64122200012207,281,233.79116559028625,281,234.00712251663208,281,234.1137523651123,281,234.2462887763977,281,234.8629128932953,281,234.9979968070984,281,235.32101368904114,281,235.46334314346313,281,235.7201066017151,281,235.85599327087402,281,236.18389415740967,281,236.40325784683228,281,236.77954030036926,281,236.97966742515564,281,237.2778193950653,281,237.38757276535034,281,237.61337757110596,281,237.7162983417511,281,237.86229610443115,281,238.01266431808472,281,238.25241827964783,281,238.48507952690125,281,238.70849609375,281,238.96510243415833,281,239.2400302886963,281,239.3952465057373,281,239.6439130306244,281,239.7518925666809,281,239.8567237854004,281,239.98052334785461,281,240.2155055999756,281,240.4720585346222,281,240.58018374443054,281,240.74250411987305,281,240.96628880500793,281,241.24519443511963,281,241.35557508468628,281,241.45750641822815,281,241.59205150604248,281,241.70538091659546,281,241.97044444084167,281,242.07453680038452,281,242.24941182136536,281,242.51268410682678,281,242.62298226356506,281,242.7333915233612,281,242.88909912109375,281,243.12379384040833,281,243.39334917068481,281,243.54063630104065,281,243.81532740592957,281,243.92418813705444,281,244.2645788192749,281,244.42073369026184,281,244.53607320785522,281,244.68339443206787,281,244.7993986606598,281,245.05913949012756,281,245.21907424926758,281,245.4496774673462,281,245.63195180892944,281,245.88709378242493,281,246.0430555343628,281,246.16739225387573,281,246.2763855457306,281,246.51576256752014,281,246.84140729904175,281,246.94846081733704,281,247.0971384048462,281,247.374817609787,281,247.4904534816742,281,247.81361508369446,281,248.07500553131104,281,248.22893619537354,281,248.33900117874146,281,248.58974981307983,281,248.7395203113556,281,248.91646122932434,281,249.13381600379944,281,249.380224943161,281,249.5430679321289,281,249.6808352470398,281,249.8271827697754,281,249.95984601974487,281,250.22803854942322,281,250.33579683303833,281,250.61255288124084,281,250.77621030807495,281,251.00067949295044,281,251.10269236564636,281,251.20992612838745,281,251.484876871109,281,251.62952947616577,281,251.77931571006775,281,251.92026114463806,281,252.08398389816284,281,252.2253966331482,281,252.44098472595215,281,252.5906698703766,281,252.72683358192444,281,252.89663887023926,281,253.0191605091095,281,253.1564383506775,281,253.30820274353027,281,253.55978393554688,281,253.83384585380554,281,254.13140225410461,281,254.2413740158081,281,254.38844442367554,281,254.5200173854828,281,254.77781009674072,281,254.89097905158997,281,257.4554269313812,281,257.67489790916443,281,257.97893023490906,281,258.11681151390076,281,258.24969720840454,281,258.68575501441956,281,258.79209423065186,281,259.11253023147583,281,259.2633876800537,281,259.5216917991638,281,259.80140376091003,281,260.07427072525024,281,260.18798995018005,281,260.3020112514496,281,260.48137044906616,281,260.68548011779785,281,260.9680104255676,281,261.2498688697815,281,261.3640971183777,281,261.47059512138367,281,261.57634949684143,281,261.68796157836914,281,261.79848432540894,281,262.07319927215576,281,262.3028268814087,281,262.4158480167389,281,262.52531599998474,281,262.8442053794861,281,263.1438698768616,281,263.2595272064209,281,263.3643915653229,281,263.67159247398376,281,263.8189809322357,281,263.935916185379,281,264.1705005168915,281,264.4670150279999,281,264.6843156814575,281,264.9435443878174,281,265.21147108078003,281,265.4191608428955,281,265.5758762359619,281,265.73156118392944,281,265.8700773715973,281,266.1818814277649,281,266.4117455482483,281,266.5189599990845,281,266.77303671836853,281,267.0501539707184,281,267.3134593963623,281,267.5294415950775,281,267.639417886734,281,267.9408690929413,281,268.04899287223816,281,268.36377906799316,281,268.4756591320038,281,268.7923517227173,281,269.0130684375763,281,269.29981327056885,281,269.6157467365265,281,269.86895775794983,281,270.109482049942,281,270.3564758300781,281,270.47130393981934,281,270.58457827568054,281,270.69230675697327,281,270.806072473526,281,271.23462772369385,281,271.3989017009735,281,271.691771030426,281,272.00207567214966,281,272.26705265045166,281,272.54927492141724,281,272.69133400917053,281,272.814501285553,281,273.1122179031372,281,273.36924052238464,281,273.68136858940125,281,273.97565269470215,281,274.18446159362793,281,274.32432889938354,281,274.59994983673096,281,274.8303415775299,281,275.03781056404114,281,275.24862456321716,281,275.54023694992065,281,275.6525433063507,281,275.8098123073578,281,275.9189348220825,281,276.18479681015015,281,276.46607208251953,281,276.7030873298645,281,276.81169509887695,281,277.09502506256104,281,277.2118456363678,281,277.32629561424255,281,277.5934820175171,281,277.8645555973053,281,278.0759651660919,281,278.3229444026947,281,278.5842409133911,281,278.7015154361725,281,278.8109061717987,281,278.924099445343,281,279.04786109924316,281,279.15793561935425,281,279.47287464141846,281,279.5867176055908,281,279.8409719467163,281,279.9964439868927,281,280.10399889945984,281,280.25520372390747,281,280.4109559059143,281,280.61560344696045,281,280.8222210407257,281,281.0733575820923,281,281.3251118659973,281,281.487233877182,281,281.72622418403625,281,281.9882571697235,281,282.0939450263977,281,282.31522512435913,281,282.42181420326233,281,282.5325758457184,281,282.77715396881104,281,282.93813967704773,281,283.0449583530426,281,283.2790369987488,281,283.85052704811096,281,284.1398696899414,281,284.4766790866852,281,284.58571219444275,281,284.8543322086334,281,285.1280212402344,281,285.36461305618286,281,285.6256196498871,281,286.0839686393738,281,286.30186796188354,281,286.56303238868713,281,286.82130098342896,281,286.9311304092407,281,287.03954005241394,281,287.28984785079956,281,287.44967246055603,281,287.7382616996765,281,287.8471624851227,281,288.0840895175934,281,288.31028151512146,281,288.57303857803345,281,288.68058729171753,281,288.9081144332886,281,289.1415855884552,281,289.2540543079376,281,289.3645029067993,281,289.65190505981445,281,289.9042282104492,281,290.0648922920227,281,290.2963070869446,281,290.4201445579529,281,290.68859672546387,281,291.0358142852783,281,291.5634605884552,281,291.79673075675964,281,292.0370466709137,281,292.14597177505493,281,292.40877962112427,281,292.66404843330383,281,292.888338804245,281,293.00290536880493,281,293.2473998069763,281,293.4821262359619,281,293.63764572143555,281,293.79068994522095,281,293.92805433273315,281,294.17078471183777,281,294.28963255882263,281,294.43665981292725,281,294.6862826347351,281,294.83155393600464,281,295.0788013935089,281,295.3474202156067,281,295.4536783695221,281,295.6011576652527,281,295.7302188873291,281,295.88094687461853,281,296.105788230896,281,296.2536392211914,281,296.5088188648224,281,296.61601400375366,281,296.7765996456146,281,296.99471855163574,281,297.2140431404114,281,297.5026710033417,281,297.61536860466003,281,297.7615325450897,281,297.8820216655731,281,297.9915654659271,281,298.09639382362366,281,298.36316204071045,281,298.51362919807434,281,298.61524415016174,281,298.84410524368286,281,299.02037048339844,281,299.12500524520874,281,299.2618510723114,281,299.5011820793152,281,299.64422631263733,281,299.8980460166931,281,300.05273938179016
0,random graphs/triangle/r1.5k18n12/graph0.lgbin,1813,262.37903475761414,314,688,0,538,0.22395968437194824,514,0.41118764877319336,461,0.6396434307098389,439,0.9263176918029785,424,1.133474588394165,405,1.305103063583374,398,1.6029155254364014,393,1.7991695404052734,377,1.988910436630249,372,2.3080482482910156,366,2.525775671005249,362,2.6393826007843018,358,2.823820114135742,352,2.93941593170166,347,3.19962739944458,345,3.3989171981811523,343,3.623936414718628,340,3.8069188594818115,339,3.923354387283325,335,4.088779449462891,335,4.259297609329224,334,4.3764002323150635,332,4.526479959487915,332,4.626593828201294,331,4.884392738342285,331,5.174071550369263,331,5.393049716949463,329,5.573805093765259,329,5.816252946853638,329,5.902660608291626,328,6.073584079742432,328,7.463520050048828,326,7.625070333480835,326,7.737289190292358,326,7.971302270889282,326,8.068430423736572,326,9.901599645614624,326,10.009382486343384,326,10.274582624435425,326,10.53092360496521,326,10.644315481185913,326,10.769866228103638,326,10.863324403762817,326,11.101938724517822,326,12.509029865264893,326,12.601630687713623,326,12.70052433013916,326,12.842273712158203,326,12.931625127792358,326,13.104557514190674,326,13.195894241333008,326,13.427274227142334,326,13.560567140579224,326,13.79682993888855,326,13.92294955253601,326,14.024527549743652,326,14.13548755645752,326,14.261835813522339,326,14.415184259414673,326,14.607725858688354,326,16.008379697799683,326,16.192745447158813,326,16.417723655700684,326,16.583707809448242,326,16.805887460708618,326,17.021195888519287,326,17.111889600753784,326,17.31484365463257,326,17.40562653541565,326,17.5059711933136,326,17.628730058670044,326,17.87452006340027,326,18.18089199066162,326,18.275970220565796,326,18.365383625030518,326,18.52776551246643,326,18.82814908027649,326,18.923810243606567,326,19.031397581100464,326,19.220041513442993,326,19.38229537010193,326,19.47033977508545,326,19.56461524963379,326,19.782418251037598,326,19.943512439727783,326,22.507388591766357,326,22.607895851135254,326,22.790903568267822,326,24.169047117233276,326,24.256786108016968,326,24.4070246219635,326,24.58273673057556,326,24.748178482055664,326,24.86672878265381,326,25.03681516647339,326,25.136373043060303,326,25.347628116607666,326,25.43989849090576,326,25.5376615524292,326,27.685256242752075,326,29.140331268310547,326,29.30555772781372,326,29.47252321243286,326,29.713300228118896,326,29.874298095703125,326,32.290480852127075,326,32.418837547302246,326,34.19226598739624,326,34.31529426574707,326,34.53551506996155,326,34.65873956680298,326,34.87321090698242,326,35.044893980026245,326,35.1960711479187,326,35.37448716163635,326,35.60098648071289,326,35.87257170677185,326,36.126055002212524,326,36.30587863922119,326,36.47842764854431,326,38.286123752593994,326,38.485544204711914,326,38.59344458580017,326,38.6819212436676,326,38.804863929748535,326,39.081876039505005,326,40.998409032821655,326,41.172969341278076,326,41.34562873840332,326,41.55017066001892,326,41.651275873184204,326,41.88313150405884,326,43.872095823287964,326,43.96607804298401,326,44.17032217979431,326,46.10430073738098,326,46.21850347518921,326,46.36861324310303,326,46.629125356674194,326,46.820905447006226,326,46.98608875274658,326,47.08179783821106,326,47.184967041015625,326,47.37365698814392,326,47.568708419799805,326,47.65798091888428,326,47.92909574508667,326,48.0269079208374,326,48.15740776062012,326,48.363704442977905,326,48.52814316749573,326,49.96055221557617,326,50.172311305999756,326,50.4183566570282,326,52.16257452964783,326,52.257097482681274,326,52.37162160873413,326,52.46169877052307,326,52.5626757144928,326,52.67277407646179,325,52.894301891326904,325,53.14398264884949,325,53.2749764919281,325,53.397680044174194,325,53.51562547683716,325,53.651992082595825,325,53.75221490859985,325,53.87810564041138,324,54.11704754829407,324,54.31873393058777,324,54.45278763771057,324,54.58391761779785,324,54.68185353279114,323,54.79735732078552,323,54.92683529853821,323,55.03097724914551,323,55.15803074836731,323,55.46440362930298,323,55.73718881607056,323,57.798282623291016,323,57.99951648712158,323,58.197460651397705,323,60.10838842391968,323,62.77000403404236,323,62.89158821105957,323,63.03982639312744,323,63.284982204437256,323,63.505316734313965,323,63.66534948348999,323,63.85468292236328,323,63.965691328048706,323,64.20692873001099,323,64.42957496643066,323,64.65549302101135,323,64.77142858505249,323,65.04970693588257,323,65.22733306884766,323,65.46595478057861,323,65.64752531051636,323,67.03276658058167,323,67.14207148551941,323,67.32987427711487,323,67.56157803535461,323,67.65621972084045,323,67.74598622322083,323,67.9427535533905,323,68.13718438148499,323,68.27764177322388,323,68.43293166160583,323,70.29088187217712,323,70.38127279281616,323,70.56981205940247,323,70.74909615516663,323,70.84661555290222,323,71.08921527862549,323,71.18084359169006,323,71.37572193145752,323,71.47510361671448,323,71.66656565666199,323,71.76875972747803,323,71.86203837394714,323,72.12478470802307,323,72.36227178573608,323,72.52834558486938,323,72.71319627761841,323,72.893483877182,323,73.07538771629333,323,74.79353308677673,323,74.88974380493164,323,75.09160780906677,323,75.22883224487305,323,75.33198285102844,323,75.45041465759277,323,75.54316592216492,323,75.63671135902405,323,75.73992943763733,323,75.9358959197998,323,76.1319100856781,323,76.34613156318665,323,76.51812434196472,323,78.69290351867676,323,78.90278744697571,323,79.084645986557,323,79.1787416934967,323,79.40469336509705,323,79.64513039588928,323,79.8607120513916,323,80.1080002784729,323,80.3245632648468,323,80.5124773979187,323,82.17409133911133,323,82.42835903167725,322,82.5420184135437,322,83.92680549621582,321,84.06231951713562,321,84.15419149398804,321,84.25197410583496,321,84.49514842033386,321,84.63871908187866,321,84.86648273468018,321,84.95577907562256,321,85.0852963924408,321,85.27457404136658,321,85.45264053344727,321,87.19165515899658,321,87.31886458396912,321,87.54899001121521,321,87.70896410942078,321,87.83024311065674,321,87.9169180393219,321,88.07758474349976,321,88.16756510734558,321,88.25868964195251,321,88.38761329650879,321,88.48170137405396,321,88.71698498725891,321,88.83642816543579,321,88.92709374427795,321,89.01822566986084,321,89.16021394729614,321,89.45548009872437,321,89.54472351074219,321,89.71762943267822,321,89.90401697158813,321,89.99117279052734,321,90.15812492370605,321,90.29943537712097,321,90.42332243919373,321,92.25780534744263,321,92.39548444747925,321,92.54209589958191,321,92.68141865730286,321,92.81916069984436,321,92.928715467453,321,93.16044735908508,321,93.32350659370422,321,93.42838191986084,321,93.52911591529846,321,93.65154457092285,321,93.74192690849304,321,93.8553569316864,321,94.02267718315125,321,94.17386841773987,321,94.34017276763916,321,96.16623950004578,321,96.25428462028503,321,97.63289833068848,321,99.04269981384277,321,99.20590400695801,321,99.40998482704163,321,100.81940865516663,321,100.90850877761841,321,101.00206255912781,321,101.2497227191925,321,101.38114285469055,321,101.5041115283966,321,101.60127139091492,321,101.82502889633179,321,103.18807697296143,321,105.7935082912445,321,106.04303646087646,321,106.28140306472778,321,106.36644148826599,321,106.49362349510193,321,106.65362477302551,321,106.75276374816895,321,107.00620889663696,321,107.2155249118805,321,107.39377236366272,321,107.56331539154053,321,107.72771549224854,321,107.91315197944641,321,108.08741736412048,321,108.18731999397278,321,108.31739282608032,321,108.40992307662964,321,108.55125689506531,321,108.64235830307007,321,108.77466678619385,321,108.88363265991211,321,109.0033552646637,321,110.96197819709778,321,111.06807088851929,321,111.20247030258179,321,112.58411693572998,321,112.67945170402527,321,112.76938605308533,321,114.21307301521301,321,114.43092846870422,321,114.66521906852722,321,114.90856432914734,321,115.02158641815186,321,115.1442620754242,321,115.24292945861816,321,115.33283257484436,321,115.42155861854553,321,115.60143303871155,321,115.73627185821533,321,115.89649796485901,321,115.98655891418457,321,116.07457852363586,321,116.25399446487427,321,116.36967444419861,321,116.6381266117096,321,116.77088689804077,321,116.85920906066895,321,116.97056746482849,321,117.17352080345154,321,117.30104517936707,321,117.48350071907043,321,117.61233019828796,321,117.86915755271912,321,117.9607527256012,321,118.10861873626709,321,118.37114596366882,321,118.46735644340515,321,118.58714318275452,321,118.74328207969666,321,118.87066769599915,321,118.97305488586426,321,119.15107989311218,321,119.24776864051819,321,119.34432554244995,321,119.43687558174133,321,119.52858281135559,321,120.91621327400208,321,121.01004528999329,321,121.18109440803528,321,121.3655617237091,321,121.45468592643738,321,121.61565041542053,321,121.85315132141113,321,122.09097957611084,321,122.18486738204956,321,124.2740797996521,321,124.39933037757874,321,124.64198064804077,321,124.89729356765747,321,125.01674818992615,321,125.10722231864929,321,125.28312587738037,321,125.38890147209167,321,126.86697506904602,321,126.95959734916687,321,127.11086583137512,321,127.23555088043213,321,127.46435761451721,321,127.71614098548889,321,127.90169310569763,321,128.06543517112732,321,128.1623797416687,321,128.25158715248108,321,128.3551731109619,321,128.57052493095398,321,128.80181550979614,321,128.9361879825592,321,129.04730248451233,321,130.88425397872925,321,131.1509861946106,321,131.39638090133667,321,131.48603773117065,321,131.59200358390808,321,131.86771059036255,321,132.06645154953003,321,132.16782641410828,321,133.98419666290283,321,134.20071053504944,321,135.74017691612244,321,135.84843111038208,321,136.01847624778748,321,136.1200475692749,321,136.22866916656494,321,136.36865639686584,321,137.76795101165771,321,137.880469083786,321,137.98064279556274,321,138.0849688053131,321,138.25858163833618,321,138.36018919944763,321,138.53295826911926,321,138.65531492233276,321,138.78330779075623,321,138.89567184448242,321,138.98996257781982,321,139.08914375305176,321,139.31851959228516,321,139.54465413093567,321,139.66541361808777,321,141.49356746673584,321,141.6646831035614,321,141.7531599998474,321,143.36937975883484,321,143.47444677352905,321,143.564391374588,321,143.72954726219177,321,143.93781995773315,321,145.63911700248718,321,145.7328441143036,321,145.8574035167694,321,148.00151014328003,321,148.18347120285034,321,148.28340649604797,321,148.49735188484192,321,148.59631443023682,321,148.77585983276367,321,150.62069368362427,321,150.71747612953186,321,150.8117949962616,321,150.9635956287384,321,151.0637023448944,321,151.22466659545898,321,152.68917655944824,321,152.8238217830658,321,153.02073550224304,321,153.1937119960785,321,153.36445355415344,321,153.46974730491638,321,153.56067490577698,321,153.65496015548706,321,153.74800491333008,321,154.02461528778076,321,154.12098717689514,321,154.25377559661865,321,154.38183116912842,321,154.50312542915344,321,154.64127898216248,321,154.88159561157227,321,154.9744827747345,321,155.0870440006256,321,155.19625234603882,321,155.36216711997986,321,155.47960543632507,321,155.57165431976318,321,156.955575466156,321,157.05391764640808,321,157.144873380661,321,157.25991559028625,321,157.34963631629944,321,157.4408483505249,321,157.64765191078186,321,157.75624227523804,321,157.92500233650208,321,158.17608332633972,320,158.42164301872253,320,158.51902961730957,320,158.6478145122528,320,158.86051774024963,320,160.47800970077515,320,160.61352229118347,320,160.78616285324097,320,160.9852900505066,320,161.15603375434875,320,161.2811942100525,320,163.29744601249695,320,164.9087884426117,320,165.1751811504364,315,165.29643774032593,315,165.38659119606018,315,165.57144570350647,315,165.66750311851501,315,165.8267698287964,315,167.70164108276367,315,167.80839657783508,315,167.89807152748108,315,168.01011180877686,315,168.21570658683777,315,168.31283593177795,315,168.49440956115723,315,168.69948959350586,315,168.87835216522217,315,168.98241138458252,315,169.1314082145691,315,170.5192530155182,315,170.69907975196838,315,170.79408621788025,315,170.92248106002808,315,171.02660012245178,315,171.19231367111206,315,171.3159339427948,315,171.496333360672,315,171.59083533287048,315,171.71789026260376,315,171.85029435157776,315,171.94103813171387,315,172.1091809272766,315,172.28409600257874,315,172.44987154006958,315,172.63354897499084,315,172.7556369304657,315,172.94269919395447,315,173.0319743156433,315,173.20518374443054,315,173.37244653701782,315,173.53730368614197,315,173.62667608261108,315,173.72205686569214,314,173.89755654335022,314,174.00457978248596,314,174.18261623382568,314,174.29141521453857,314,174.48806166648865,314,174.58400011062622,314,174.70676517486572,314,174.94966197013855,314,175.04531359672546,314,175.24269437789917,314,175.34812879562378,314,175.4381775856018,314,175.54738187789917,314,175.72488832473755,314,177.47718739509583,314,177.575031042099,314,177.8343710899353,314,178.06036472320557,314,178.15487360954285,314,178.3181939125061,314,178.48817467689514,314,178.60834383964539,314,178.7009892463684,314,178.80505752563477,314,178.98179006576538,314,179.17738437652588,314,179.27560186386108,314,180.67036819458008,314,180.76645469665527,314,180.89754962921143,314,180.98562002182007,314,181.0832495689392,314,181.17483377456665,314,181.3991937637329,314,181.4941487312317,314,181.67290019989014,314,181.76390266418457,314,181.8549144268036,314,181.97505402565002,314,182.07893586158752,314,182.3773045539856,314,182.50198817253113,314,182.59993958473206,314,182.7405014038086,314,182.93641352653503,314,183.11749958992004,314,183.211528301239,314,183.33551359176636,314,183.44370698928833,314,183.56885194778442,314,183.67117166519165,314,183.86561679840088,314,184.00722098350525,314,184.0996482372284,314,184.19387078285217,314,184.4000244140625,314,184.50708174705505,314,184.59642386436462,314,184.70690727233887,314,184.88268494606018,314,184.99986863136292,314,185.14538598060608,314,185.38101768493652,314,187.0980145931244,314,187.29718852043152,314,187.54882621765137,314,187.65477418899536,314,187.76337456703186,314,189.33269715309143,314,191.12619042396545,314,191.24741864204407,314,191.33569622039795,314,191.42126870155334,314,191.5913965702057,314,191.76987481117249,314,191.94605255126953,314,192.04762721061707,314,192.145112991333,314,192.24318313598633,314,192.43363761901855,314,192.59770107269287,314,192.688467502594,314,192.8678584098816,314,193.04601192474365,314,193.2465147972107,314,193.43680596351624,314,193.62058782577515,314,195.4721806049347,314,195.69830679893494,314,195.83048152923584,314,195.92932891845703,314,196.02545762062073,314,196.23455023765564,314,197.63271760940552,314,197.78714871406555,314,197.9101903438568,314,199.2899739742279,314,199.38735008239746,314,199.56185960769653,314,199.706791639328,314,199.90214610099792,314,200.02059245109558,314,200.13091349601746,314,200.3123517036438,314,200.44202518463135,314,200.63347697257996,314,200.8365285396576,314,200.95715498924255,314,202.8776934146881,314,202.97008800506592,314,203.14543843269348,314,203.24695420265198,314,203.35852479934692,314,203.49175381660461,314,203.67324304580688,314,203.76441287994385,314,205.610821723938,314,205.86901259422302,314,207.25177788734436,314,207.3498661518097,314,207.44217801094055,314,207.57240509986877,314,209.21206784248352,314,209.55883979797363,314,209.6494836807251,314,209.78807425498962,314,209.89037489891052,314,210.02954816818237,314,211.99522590637207,314,212.0998613834381,314,212.22780680656433,314,212.32312297821045,314,212.4994444847107,314,212.74289631843567,314,212.9764688014984,314,213.2188491821289,314,213.3509874343872,314,213.51023364067078,314,213.68405532836914,314,213.77425265312195,314,213.86702346801758,314,214.10202383995056,314,214.2084231376648,314,214.30979466438293,314,214.40174007415771,314,215.80588102340698,314,217.53069424629211,314,217.69743013381958,314,219.91420483589172,314,220.00659799575806,314,220.18315744400024,314,220.28791046142578,314,220.39416909217834,314,220.5153727531433,314,220.6067612171173,314,220.77804708480835,314,221.0658094882965,314,221.24409294128418,314,221.39368200302124,314,221.62036299705505,314,221.70915961265564,314,221.80594182014465,314,221.9764528274536,314,222.2132797241211,314,222.4531707763672,314,223.91967105865479,314,224.01881337165833,314,225.42525553703308,314,225.5181257724762,314,225.71586513519287,314,225.81749367713928,314,225.91211342811584,314,226.0800666809082,314,226.21699357032776,314,226.41333270072937,314,226.59099173545837,314,226.6880874633789,314,226.8061399459839,314,228.98124170303345,314,229.08334517478943,314,229.25207948684692,314,231.24216055870056,314,231.3814239501953,314,231.5658552646637,314,231.7947232723236,314,231.9000425338745,314,231.99424648284912,314,232.10392045974731,314,232.28640508651733,314,232.45006251335144,314,232.71423029899597,314,232.81971907615662,314,233.0550730228424,314,233.17123532295227,314,233.26441502571106,314,233.45147848129272,314,233.61905455589294,314,233.71008968353271,314,234.21554851531982,314,234.46734523773193,314,234.5577690601349,314,234.651362657547,314,236.35783696174622,314,236.4478304386139,314,236.62449431419373,314,236.7896864414215,314,236.89189052581787,314,238.55295491218567,314,238.65353345870972,314,238.85186004638672,314,238.9446198940277,314,240.66958117485046,314,242.83208227157593,314,244.66429114341736,314,244.80398535728455,314,245.03597450256348,314,245.20975470542908,314,245.314026594162,314,245.52864623069763,314,247.45969438552856,314,247.58587837219238,314,249.73418855667114,314,249.82111072540283,314,249.98129105567932,314,250.22236156463623,314,250.34421730041504,314,250.57853031158447,314,250.72078776359558,314,250.97377634048462,314,251.1342751979828,314,251.35040926933289,314,251.5300681591034,314,251.67314195632935,314,251.76868295669556,314,251.8827030658722,314,253.77595853805542,314,254.00509524345398,314,254.25482892990112,314,254.4314455986023,314,254.59650659561157,314,254.69026398658752,314,257.361141204834,314,257.4534935951233,314,257.663250207901,314,257.854195356369,314,259.57837080955505,314,259.6710991859436,314,259.76591658592224,314,259.92572140693665,314,260.1020486354828,314,261.55035758018494,314,261.6696455478668,314,261.82363724708557,314,261.9175605773926,314,262.025714635849,314,262.11960220336914,314,263.96033215522766,314,264.07387256622314,314,266.17210698127747,314,266.268691778183,314,266.44735455513,314,266.6131522655487,314,266.85449624061584,314,266.9588963985443,314,267.1323137283325,314,268.9043242931366,314,268.99754643440247,314,269.1359295845032,314,269.2987802028656,314,269.6646192073822,314,269.7988233566284,314,269.93728590011597,314,270.06990098953247,314,270.16133999824524,314,270.33382630348206,314,270.48863410949707,314,270.5810284614563,314,270.75555300712585,314,270.93054819107056,314,271.09625339508057,314,273.32956290245056,314,273.46493101119995,314,273.66577792167664,314,273.797648191452,314,275.7693943977356,314,275.909451007843,314,276.0233561992645,314,276.19178438186646,314,276.28189873695374,314,276.41786789894104,314,276.5859761238098,314,278.8954668045044,314,279.00132608413696,314,279.2764196395874,314,279.51399874687195,314,279.6392991542816,314,279.7339041233063,314,279.9196491241455,314,280.0959346294403,314,280.1930160522461,314,281.9079031944275,314,282.0040349960327,314,282.18743920326233,314,282.33249497413635,314,282.4372498989105,314,282.61609745025635,314,282.750497341156,314,282.97219681739807,314,283.14715671539307,314,283.2710123062134,314,283.3603949546814,314,283.4820353984833,314,283.70638132095337,314,283.81045508384705,314,285.21060371398926,314,285.3221011161804,314,285.57847690582275,314,285.7137677669525,314,285.8118360042572,314,285.9837484359741,314,286.0943305492401,314,286.1856224536896,314,286.4202284812927,314,286.58624362945557,314,286.761958360672,314,286.94879841804504,314,287.1304430961609,314,287.2551727294922,314,287.434223651886,314,287.6087794303894,314,287.70454454421997,314,287.87422800064087,314,288.03458642959595,314,288.1236035823822,314,290.184278011322,314,290.3166139125824,314,290.44117546081543,314,290.5392622947693,314,290.71353030204773,314,290.9660675525665,314,291.1375334262848,314,291.23288798332214,314,291.37455892562866,314,291.5321443080902,314,293.4588620662689,314,293.55545806884766,314,293.68734073638916,314,293.80719661712646,314,293.89940071105957,314,295.3155109882355,314,295.4318690299988,314,297.4897129535675,314,297.5766065120697,314,297.66943407058716,314,297.7742404937744,314,297.86509919166565,314,298.0314133167267,314,298.1595675945282,314,298.3494288921356,314,298.60876178741455,314,298.7465867996216,314,298.9116265773773,314,299.1131398677826,314,299.3735601902008,314,299.46466541290283,314,299.5939919948578,314,299.82729172706604,314,299.9242904186249,314,300.05574655532837
1,random graphs/triangle/r1.5k18n12/graph1.lgbin,1813,194.91960382461548,310,715,0,597,0.3483998775482178,554,0.7489204406738281,497,0.8829195499420166,479,1.0117831230163574,468,1.3436098098754883,458,1.6350994110107422,446,1.7687201499938965,425,1.9040143489837646,423,2.0203325748443604,396,2.1516470909118652,390,2.2734384536743164,384,2.444641590118408,383,2.754728317260742,380,2.884387493133545,374,3.02685809135437,360,3.689723014831543,355,3.791961908340454,346,3.917767286300659,345,4.065722227096558,343,4.195926189422607,340,4.3147125244140625,334,4.4507246017456055,328,4.585725784301758,328,4.686591625213623,321,4.8673624992370605,321,4.967247724533081,321,5.069110870361328,321,5.178006649017334,321,5.2783522605896,321,5.5869669914245605,321,5.702599048614502,321,5.817566633224487,321,5.9215087890625,321,6.029540777206421,321,6.152158975601196,320,6.2840516567230225,320,6.383874416351318,318,6.504386901855469,318,6.784569025039673,318,7.108652114868164,318,7.222023010253906,318,7.361630201339722,317,7.512087345123291,317,7.621536493301392,317,7.733620643615723,317,7.8370301723480225,317,7.941951513290405,317,8.044647693634033,317,8.141131162643433,317,8.242558240890503,317,8.342743635177612,317,8.44516396522522,317,8.537135124206543,316,8.686552286148071,314,8.790616989135742,313,8.892653226852417,313,9.041776895523071,313,9.144025087356567,313,9.241705894470215,313,9.352707386016846,311,10.08473539352417,311,10.232741832733154,311,10.334342956542969,311,10.48731255531311,311,10.579357147216797,311,10.675769090652466,311,10.978039264678955,311,11.078226804733276,311,11.177839517593384,311,11.275535106658936,311,11.387046337127686,311,11.486164331436157,311,11.587187767028809,311,11.691128253936768,311,11.789222478866577,311,11.88579511642456,311,12.035403966903687,311,12.14004135131836,311,12.241358280181885,311,12.34485411643982,311,12.482612371444702,311,12.576344966888428,311,12.74383807182312,311,12.854514598846436,311,12.953687906265259,311,13.053468942642212,311,13.159290075302124,311,13.251154661178589,311,13.35228419303894,311,13.450252771377563,311,13.54779863357544,311,13.646275281906128,311,13.753690242767334,311,13.853691577911377,311,13.970063209533691,311,14.07142949104309,311,14.16530966758728,311,14.270922660827637,311,14.378732919692993,311,14.492231369018555,311,14.587389469146729,311,14.678149938583374,311,14.769673109054565,311,14.869144678115845,311,15.057243347167969,311,15.158396005630493,311,15.25710415840149,311,15.358474016189575,311,15.460501670837402,311,15.551762819290161,311,15.820379734039307,311,16.149540662765503,311,16.2479567527771,311,16.36758780479431,311,16.47763419151306,311,16.633732795715332,311,16.732611179351807,311,16.85766339302063,311,16.95354723930359,311,17.08458924293518,311,17.233856201171875,311,17.33050274848938,311,17.435519218444824,311,17.57823920249939,311,17.72862935066223,311,17.832791090011597,311,17.929585456848145,311,18.23845648765564,311,18.335775136947632,311,18.431495428085327,311,18.526308298110962,311,18.63419795036316,311,18.731384992599487,311,18.838743209838867,311,18.959877967834473,311,19.0577654838562,311,19.21353054046631,311,19.31600022315979,311,19.42283821105957,311,19.718611478805542,311,19.819966077804565,311,19.924880027770996,311,20.027059078216553,311,20.13769006729126,311,20.235342979431152,311,20.330840587615967,311,20.439146518707275,311,20.53699803352356,311,20.77103042602539,311,20.879669904708862,311,20.992588758468628,311,21.097832679748535,311,21.20535445213318,311,21.32145047187805,311,21.419938564300537,311,21.519654512405396,311,21.858099699020386,311,21.988253593444824,311,22.108877420425415,311,22.20881700515747,311,22.308910131454468,311,22.403732538223267,311,22.50716495513916,311,22.80832266807556,311,22.915354251861572,311,23.010754823684692,311,23.104126453399658,311,23.205235719680786,311,23.343382835388184,311,23.439701795578003,311,23.790488719940186,311,23.882766485214233,311,23.985045433044434,311,24.083202600479126,311,24.181317567825317,311,24.272785186767578,311,24.368305921554565,311,24.472349166870117,311,24.585110902786255,311,24.698577642440796,311,24.803139686584473,311,24.906548500061035,311,25.00143837928772,311,25.09441065788269,311,25.191217184066772,311,25.28858494758606,311,25.387918949127197,311,25.571635246276855,311,25.691478967666626,311,25.78708267211914,311,25.880204677581787,311,26.058278799057007,311,26.16066288948059,311,26.26168918609619,311,26.414953470230103,311,26.51374101638794,311,26.666743516921997,311,26.761572122573853,311,26.855573654174805,311,26.961976528167725,311,27.052093982696533,311,27.14920163154602,311,27.260496377944946,311,27.369478940963745,311,27.481877088546753,311,27.58046293258667,311,27.679426431655884,311,27.77358603477478,311,27.877051830291748,311,27.970790147781372,311,28.067710876464844,311,28.16836404800415,311,28.266568183898926,311,28.371784925460815,311,28.465643644332886,311,28.588972568511963,311,28.688255071640015,311,28.7939395904541,311,28.89381694793701,311,28.988656282424927,311,29.092512369155884,311,29.186760187149048,311,29.301865339279175,311,29.40820813179016,311,29.509840726852417,311,29.604841947555542,311,29.69681715965271,311,29.801143407821655,311,30.084944486618042,311,30.18537473678589,311,30.287649393081665,311,30.38569712638855,311,30.500481367111206,311,30.59971785545349,311,30.69652509689331,311,30.805271863937378,311,30.910805702209473,311,31.021412134170532,311,31.117357969284058,311,31.223179817199707,311,31.3269944190979,311,31.422455549240112,311,31.594173431396484,311,31.693377256393433,311,31.806931972503662,311,31.91480302810669,311,32.15392804145813,311,32.24969124794006,311,32.34949588775635,311,32.44944763183594,311,32.54096055030823,311,32.63968348503113,311,32.74099683761597,311,32.837007999420166,311,32.93046021461487,311,33.0353798866272,311,33.13512134552002,311,33.2758572101593,311,33.3872971534729,311,33.52452063560486,311,33.66119408607483,311,33.76434826850891,311,33.86022925376892,311,33.97114300727844,311,34.065675258636475,311,34.16608715057373,311,34.263872146606445,311,34.36183786392212,311,34.455570220947266,311,34.555529832839966,311,34.65363955497742,311,34.770297050476074,311,34.86583924293518,311,34.98622965812683,311,35.08763575553894,311,35.192094564437866,311,35.339505672454834,311,35.43356919288635,311,35.553653955459595,311,35.651071071624756,311,35.748382568359375,311,35.8513605594635,311,35.98430323600769,311,36.080984592437744,311,36.176878929138184,311,36.51500463485718,311,36.618852853775024,311,36.715858459472656,311,36.81095790863037,311,37.02677631378174,311,37.12424111366272,311,37.222496032714844,311,37.33653497695923,311,37.43080496788025,311,37.52898597717285,311,37.62646126747131,311,37.72563457489014,311,37.8203980922699,311,37.92277693748474,311,38.01614260673523,311,38.12717008590698,311,38.244312047958374,311,38.825406312942505,311,38.92795181274414,311,39.028992652893066,311,39.12322521209717,311,39.21694207191467,311,39.31654119491577,311,39.44817304611206,311,39.54373288154602,311,39.641109228134155,311,39.74872398376465,311,39.846184968948364,311,39.94341278076172,311,40.04432940483093,311,40.14322328567505,311,40.242780923843384,311,40.33591055870056,311,40.43571186065674,311,40.56575322151184,311,40.66088247299194,311,40.762094020843506,311,40.85589098930359,311,40.957900047302246,311,41.06649422645569,311,41.19266676902771,311,41.30282139778137,311,41.40578079223633,311,41.50836491584778,311,41.60749959945679,311,41.70525407791138,311,41.80157136917114,311,41.92686462402344,311,42.02399301528931,311,42.1190664768219,311,42.262229442596436,311,42.36517071723938,311,42.47175312042236,311,42.56995892524719,311,42.71821880340576,311,42.831921100616455,311,42.95919227600098,311,43.070300817489624,311,43.16422152519226,311,43.26629614830017,311,43.39897704124451,311,43.49380350112915,311,43.59096574783325,311,43.68841290473938,311,43.78637361526489,311,43.88143539428711,311,43.973052978515625,311,44.08669662475586,311,44.31272220611572,311,44.41417670249939,311,44.507309913635254,311,44.59835147857666,311,44.7125358581543,311,44.97563123703003,311,45.07536435127258,311,45.17828893661499,311,45.27567934989929,311,45.37604379653931,311,45.47516584396362,311,45.57380247116089,311,45.664161682128906,311,45.770193099975586,311,45.867366313934326,311,45.9595513343811,311,46.055139780044556,311,46.157822608947754,311,46.269184827804565,311,46.36364507675171,311,46.54886555671692,311,46.639880657196045,311,46.80127215385437,311,47.11806297302246,311,47.2803955078125,311,47.381879806518555,311,47.47803854942322,311,47.57788968086243,311,47.68010139465332,311,47.77886462211609,311,47.87598443031311,311,47.970299243927,311,48.06487274169922,311,48.159114360809326,311,48.27174210548401,311,48.38099026679993,311,48.48016142845154,311,48.58847498893738,311,48.69289588928223,311,48.80548810958862,311,49.12622833251953,311,49.22177171707153,311,49.32920455932617,311,49.422948360443115,311,49.522146701812744,311,49.616137981414795,311,49.70905685424805,311,49.809301137924194,311,49.9108681678772,311,50.01309657096863,311,50.135174036026,311,50.22777318954468,311,50.32384014129639,311,50.486531496047974,311,50.59070539474487,311,50.69420766830444,311,50.79198932647705,311,50.906516790390015,311,51.00743293762207,311,51.13652777671814,311,51.239805459976196,311,51.33211374282837,311,51.425150871276855,311,51.52620220184326,311,51.6274950504303,311,51.72094511985779,311,51.84406399726868,311,51.947956562042236,311,52.04583811759949,311,52.15454459190369,311,52.272244453430176,311,52.381991147994995,311,52.48311233520508,311,52.583306550979614,311,52.68313431739807,311,52.78035926818848,311,52.8766405582428,311,52.981791973114014,311,53.08460283279419,311,53.18407320976257,311,53.276174783706665,311,53.372334480285645,311,53.4710750579834,311,53.578773736953735,311,53.67108488082886,311,53.761709690093994,311,53.859153032302856,311,53.9561333656311,311,54.05943202972412,311,54.1627676486969,311,54.261579275131226,311,54.57572865486145,311,54.88258481025696,311,54.98932504653931,311,55.08950161933899,311,55.195059299468994,311,55.2959988117218,311,55.39157199859619,311,55.48994016647339,311,55.587886333465576,311,55.68370461463928,311,55.776904582977295,311,55.87870979309082,311,55.96786546707153,311,56.07011008262634,311,56.17203664779663,311,56.271836280822754,311,56.380887508392334,311,56.487088680267334,311,56.60388684272766,311,56.73371696472168,311,56.8227596282959,311,56.92572903633118,311,57.020400285720825,311,57.11303186416626,311,57.21376848220825,311,57.30981969833374,311,57.455057859420776,311,57.55554461479187,311,57.652172803878784,311,57.746907472610474,311,57.85143065452576,311,57.961508989334106,311,58.070443868637085,311,58.17233729362488,311,58.27671670913696,311,58.393752098083496,311,58.51456952095032,311,58.619776010513306,311,58.7151243686676,311,58.81940031051636,311,58.91974711418152,311,59.02673029899597,311,59.122907400131226,311,59.221275329589844,311,59.31050133705139,311,59.412850856781006,311,59.52458167076111,311,59.6326949596405,311,59.724937200546265,311,59.81910443305969,311,59.95216393470764,311,60.05048727989197,311,60.150346994400024,311,60.24306082725525,311,60.3396430015564,311,60.44416666030884,311,60.55474281311035,311,60.65405988693237,311,60.78339076042175,311,60.89541506767273,311,60.99697971343994,311,61.09517741203308,311,61.200883865356445,311,61.307310342788696,311,61.414677143096924,311,61.5296425819397,311,61.644779443740845,311,61.78186893463135,311,61.87916159629822,311,61.97786498069763,311,62.087056398391724,311,62.19357943534851,311,62.29993462562561,311,62.39431428909302,311,62.53409171104431,311,62.643742084503174,311,62.768861293792725,311,62.876965045928955,311,63.010525941848755,311,63.22474241256714,311,63.359697341918945,311,63.454225063323975,311,63.54847455024719,311,63.689234018325806,311,63.796334981918335,311,63.88908267021179,311,63.985356092453,311,64.08419132232666,311,64.19970846176147,311,64.29766130447388,311,64.4072916507721,311,64.52090740203857,311,64.62461304664612,311,64.72368574142456,311,64.84083366394043,311,65.16510105133057,311,65.26656746864319,311,65.36999583244324,311,65.46893668174744,311,65.57477641105652,311,65.6712167263031,311,65.77711319923401,311,65.87867951393127,311,65.97516417503357,311,66.07461380958557,311,66.17656135559082,311,66.27246260643005,311,66.39824771881104,311,66.55236220359802,311,66.65381646156311,311,66.75316023826599,311,66.85659146308899,311,66.95004200935364,311,67.09915828704834,311,67.19934296607971,311,67.31009435653687,311,67.40779709815979,311,67.52284836769104,311,67.63731479644775,311,67.7285213470459,311,67.83092927932739,311,67.93996262550354,311,68.04476618766785,311,68.1772518157959,311,68.27733421325684,311,68.37967157363892,311,68.6679937839508,311,69.00124955177307,311,69.10383152961731,311,69.19670271873474,311,69.33477091789246,311,69.43359994888306,311,69.53796148300171,311,69.64833402633667,311,69.76462173461914,311,69.85953164100647,311,70.00147938728333,311,70.10918140411377,311,70.20269179344177,311,70.29893445968628,311,70.44367527961731,311,70.54334235191345,311,70.65848231315613,311,70.87172555923462,311,71.00642728805542,311,71.26062250137329,311,71.3578269481659,311,71.46027636528015,311,71.56199264526367,311,71.66360902786255,311,71.79096794128418,311,71.8921115398407,311,71.98964285850525,311,72.09218335151672,311,72.19794869422913,311,72.31365609169006,311,72.40910625457764,311,72.50319075584412,311,72.6208221912384,311,72.7227828502655,311,72.82844018936157,311,72.92219185829163,311,73.34088110923767,311,73.43930244445801,311,73.8438766002655,311,73.94972777366638,311,74.06932616233826,311,74.16953587532043,311,74.2701165676117,311,74.36701560020447,311,74.51652550697327,311,74.65680432319641,311,74.7516872882843,311,74.84505033493042,311,74.9456787109375,311,75.07084965705872,311,75.40116596221924,311,75.50694060325623,311,75.66058444976807,311,75.75813245773315,311,75.86018419265747,311,75.99420595169067,311,76.09545111656189,311,76.21593570709229,311,76.32535290718079,311,76.46959376335144,311,76.59991955757141,311,76.70360064506531,311,76.79828429222107,311,76.90663170814514,311,77.00297355651855,311,77.09665584564209,311,77.2141101360321,311,77.31892919540405,311,77.40993666648865,311,77.51611518859863,311,77.62003517150879,311,77.7231695652008,311,77.83360075950623,311,77.93413090705872,311,78.03477454185486,311,78.1322500705719,311,78.25285720825195,311,78.36121916770935,311,78.46848559379578,311,78.56844544410706,311,78.66897988319397,311,78.7728533744812,311,78.89085054397583,311,78.9995949268341,311,79.10981965065002,311,79.21202635765076,311,79.31386637687683,311,79.43030953407288,311,79.5305335521698,311,79.62676072120667,311,79.73547410964966,311,79.83580493927002,311,79.94088625907898,311,80.04452466964722,311,80.14229702949524,311,80.24290728569031,311,80.34904980659485,311,80.4483597278595,311,80.54082727432251,311,80.65074729919434,311,80.77618193626404,311,80.90482378005981,311,81.05672955513,311,81.17416667938232,311,81.27089095115662,311,81.3738853931427,311,81.71908283233643,311,81.82016491889954,311,81.92141270637512,311,82.0371105670929,311,82.14240789413452,311,82.38578152656555,311,82.48530411720276,311,82.5941252708435,311,82.69832372665405,311,82.79188346862793,311,82.88762402534485,311,83.04639840126038,311,83.14397263526917,311,83.29821872711182,311,83.39723658561707,311,83.48972201347351,311,84.10087418556213,311,84.19808387756348,311,84.29472303390503,311,84.39431977272034,311,84.51545882225037,311,84.61157846450806,311,84.71788382530212,311,84.81617021560669,311,84.92766618728638,311,85.02351188659668,311,85.13424849510193,311,85.23104548454285,311,85.40950465202332,311,85.64879179000854,311,85.75000548362732,311,85.84145307540894,311,85.95364928245544,311,86.0946900844574,311,86.19644927978516,311,86.3983507156372,311,86.50600576400757,311,86.60724472999573,311,86.69977331161499,311,86.79342532157898,311,86.88659739494324,311,86.98820352554321,311,87.41866850852966,311,87.51573181152344,311,87.61685705184937,311,87.74588632583618,311,87.84148526191711,311,88.07743453979492,311,88.35746836662292,311,88.4518723487854,311,88.63557267189026,311,88.73215126991272,311,88.8306233882904,311,88.92192935943604,311,89.02542424201965,311,89.12085342407227,311,89.21975183486938,311,89.33566546440125,311,89.42979550361633,311,89.54401063919067,311,89.64175295829773,311,89.74078226089478,311,89.83453893661499,311,89.94675469398499,311,90.06914854049683,311,90.17011737823486,311,90.26356482505798,311,90.37001180648804,311,90.48431706428528,311,90.58516192436218,311,90.68018460273743,311,90.7852532863617,311,90.88788986206055,311,90.9860360622406,311,91.08889055252075,311,91.19383645057678,311,91.3119900226593,311,91.40645265579224,311,91.50401997566223,311,91.6029691696167,311,91.69670486450195,311,91.80251145362854,311,91.90058422088623,311,91.99976110458374,311,92.10243368148804,311,92.1961076259613,311,92.29337859153748,311,92.39185643196106,311,92.48923540115356,311,92.58910608291626,311,92.69162011146545,311,92.81477808952332,311,92.90758156776428,311,93.04001951217651,311,93.13436722755432,311,93.23200631141663,311,93.33615159988403,311,93.48839259147644,311,93.60938763618469,311,93.77603602409363,311,93.87696886062622,311,94.01341104507446,311,94.11458778381348,311,94.20892095565796,311,94.31103253364563,311,94.41323804855347,311,94.52195954322815,311,94.62564730644226,311,94.72355365753174,311,94.86586856842041,311,94.9648277759552,311,95.06229853630066,311,95.17223048210144,311,95.27344131469727,311,95.37316274642944,311,95.47194242477417,311,95.56992101669312,311,95.6661765575409,311,95.76379489898682,311,95.86501860618591,311,95.9702525138855,311,96.06576156616211,311,96.17004418373108,311,96.29250073432922,311,96.39069843292236,311,96.49044823646545,311,96.58795356750488,311,96.67910146713257,311,96.77182984352112,311,96.87058115005493,311,96.96872234344482,311,97.06487965583801,311,97.17098760604858,311,97.26571488380432,311,97.72412586212158,311,97.81662464141846,311,97.96666431427002,311,98.08533143997192,311,98.23976635932922,311,98.345130443573,311,98.44588232040405,311,98.54424571990967,311,98.64005160331726,311,98.7400770187378,311,98.83754277229309,311,98.9714081287384,311,99.07506442070007,311,99.19996428489685,311,99.29615449905396,311,99.3925290107727,311,99.49655103683472,311,99.59117317199707,311,99.69016647338867,311,99.79616522789001,311,99.89590001106262,311,99.99450302124023,311,100.08746218681335,311,100.18596625328064,311,100.32787275314331,311,100.42103433609009,311,100.51469826698303,311,100.61323499679565,311,100.73292875289917,311,100.8310170173645,311,100.93125629425049,311,101.19167423248291,311,101.50472211837769,311,101.59946393966675,311,101.69712257385254,311,101.79290127754211,311,101.88705134391785,311,101.99346709251404,311,102.08682918548584,311,102.18159198760986,311,102.27277207374573,311,102.36702346801758,311,102.45922613143921,311,102.56031489372253,311,102.66692686080933,311,102.76367735862732,311,102.8576009273529,311,102.94855856895447,311,103.04668545722961,311,103.14762139320374,311,103.25257611274719,311,103.35446834564209,311,103.46079587936401,311,103.5562686920166,311,103.65677213668823,311,103.74857234954834,311,103.84629249572754,311,103.94470429420471,311,104.03641986846924,311,104.16815757751465,311,104.26290035247803,311,104.36046504974365,311,104.45613765716553,311,104.54745817184448,311,104.64487314224243,311,104.74384140968323,311,104.8543210029602,311,104.95786166191101,311,105.05492663383484,311,105.16969108581543,311,105.272456407547,311,105.37766981124878,311,105.46944284439087,311,105.57034969329834,311,105.67815732955933,311,105.77800011634827,311,105.8863799571991,311,105.98403573036194,311,106.12343955039978,311,106.22224736213684,311,106.32497239112854,311,106.41710042953491,311,106.51384472846985,311,106.61009502410889,311,106.71530842781067,311,106.81404709815979,311,106.90952730178833,311,107.01498794555664,311,107.11322355270386,311,107.22587156295776,311,107.32268118858337,311,107.42836165428162,311,107.53332757949829,311,107.63242506980896,311,107.72925162315369,311,107.82247066497803,311,107.91901969909668,311,108.01298475265503,311,108.10834240913391,311,108.21019744873047,311,108.32090735435486,311,108.43165040016174,311,108.52761745452881,311,108.62123131752014,311,108.72693705558777,311,108.82381892204285,311,108.92357110977173,311,109.02968955039978,311,109.12624597549438,311,109.22249674797058,311,109.31433892250061,311,109.41742277145386,311,109.51640963554382,311,109.60703086853027,311,109.70912098884583,311,109.80501985549927,311,109.9127025604248,311,110.06378531455994,311,110.16704297065735,311,110.26379299163818,311,110.37766289710999,311,110.47774815559387,311,110.58630633354187,311,110.6828179359436,311,110.7840166091919,311,110.88323140144348,311,110.99522066116333,311,111.08540892601013,311,111.18371248245239,311,111.30943965911865,311,111.4148428440094,311,111.55448937416077,311,111.72290897369385,311,111.82140898704529,311,111.92296600341797,311,112.08169484138489,311,112.17258787155151,311,112.26677322387695,311,112.38721013069153,311,112.54253554344177,311,112.6408760547638,311,112.73874831199646,311,112.83446788787842,311,112.94370555877686,311,113.03248405456543,311,113.13167715072632,311,113.22659134864807,311,113.32923746109009,311,113.42367959022522,311,113.555100440979,311,113.65428113937378,311,113.75554513931274,311,113.88646602630615,311,113.99994111061096,311,114.33709740638733,311,114.47222518920898,311,114.5750801563263,311,114.67970824241638,311,114.7718894481659,311,114.90475130081177,311,115.00777554512024,311,115.11178946495056,311,115.23774552345276,311,115.34039545059204,311,115.4350438117981,311,115.53378748893738,311,115.64861035346985,311,115.75567889213562,311,115.85800504684448,311,115.95944619178772,311,116.06522870063782,311,116.17069220542908,311,116.28553819656372,311,116.38227677345276,311,116.48327946662903,311,116.5816867351532,311,116.68345236778259,311,116.78938627243042,311,116.88544702529907,311,116.98211240768433,311,117.11830568313599,311,117.2121913433075,311,117.33145880699158,311,117.42798590660095,311,117.59050917625427,311,117.68690276145935,311,117.78712272644043,311,117.88514065742493,311,117.97857546806335,311,118.0764684677124,311,118.1700701713562,311,118.27727508544922,311,118.37778091430664,311,118.48463463783264,311,118.57622623443604,311,118.67169094085693,311,118.76695704460144,311,118.88323760032654,311,119.00378704071045,311,119.10133266448975,311,119.83292174339294,311,119.93358111381531,311,120.2999975681305,311,120.3935477733612,311,120.4875795841217,311,120.60393619537354,311,120.70571804046631,311,120.81296944618225,311,120.91459631919861,311,121.02987694740295,311,121.13418483734131,311,121.2305679321289,311,121.3296332359314,311,121.42904162406921,311,121.53125739097595,311,121.69491910934448,311,121.79374051094055,311,121.89369225502014,311,121.98794531822205,311,122.08822989463806,311,122.18555212020874,311,122.30255436897278,311,122.40309691429138,311,122.52008175849915,311,122.6117811203003,311,122.7093665599823,311,122.8555703163147,311,122.9477071762085,311,123.04605889320374,311,123.16279315948486,311,123.26502084732056,311,123.35964965820312,311,123.45664763450623,311,123.56295084953308,311,123.66354513168335,311,123.76547718048096,311,123.86559653282166,311,123.96859645843506,311,124.06555771827698,311,124.21406435966492,311,124.31458115577698,311,124.41600680351257,311,124.55119729042053,311,124.6602132320404,311,124.76405096054077,311,124.8665120601654,311,124.96307325363159,311,125.05665445327759,311,125.16470742225647,311,125.26485872268677,311,125.36160206794739,311,125.4763731956482,311,125.57562923431396,311,125.68292689323425,311,125.78241872787476,311,125.8898274898529,311,125.98271703720093,311,126.1208233833313,311,126.22082662582397,311,126.32940363883972,311,126.42469692230225,311,126.54051852226257,311,126.64342665672302,311,126.74231195449829,311,126.88811492919922,311,126.98604226112366,311,127.08364295959473,311,127.18340301513672,311,127.28385472297668,311,127.38568758964539,311,127.48871922492981,311,127.58469986915588,311,127.70239472389221,311,127.80317568778992,311,127.90496444702148,311,128.00725054740906,311,128.51322650909424,311,128.61350417137146,311,128.71161007881165,311,128.80415272712708,311,128.89726853370667,311,129.0034999847412,311,129.1273374557495,311,129.2223527431488,311,129.3208076953888,311,129.420734167099,311,129.5163290500641,311,129.61061477661133,311,129.71301555633545,311,129.81476879119873,311,129.93858432769775,311,130.27173686027527,311,130.36970567703247,311,130.4605598449707,311,130.5585572719574,311,130.758047580719,311,130.86437845230103,311,130.9662847518921,311,131.07691025733948,311,131.19374680519104,311,131.29111981391907,311,131.3851249217987,311,131.48646759986877,311,131.57914519309998,311,131.67473816871643,311,131.78204250335693,311,131.88762855529785,311,131.98327541351318,311,132.0776743888855,311,132.1726996898651,311,132.28251433372498,311,132.3808991909027,311,132.4767894744873,311,132.5808584690094,311,132.68298029899597,311,132.81371355056763,311,132.95004892349243,311,133.04690790176392,311,133.16231775283813,311,133.25857067108154,311,133.38144659996033,311,133.47422885894775,311,133.56905817985535,311,133.9321050643921,311,134.02470135688782,311,134.14994263648987,311,134.25675106048584,311,134.42721438407898,311,134.52685451507568,311,134.63868808746338,311,134.74106979370117,311,134.84394192695618,311,134.94673347473145,311,135.04417276382446,311,135.1389298439026,311,135.26820707321167,311,135.36418557167053,311,135.46753120422363,311,135.58378386497498,311,135.68618273735046,311,135.7909450531006,311,135.8906455039978,311,135.98604488372803,311,136.07862544059753,311,136.16681027412415,311,136.25788354873657,311,136.3528037071228,311,136.4610686302185,311,136.56172156333923,311,136.66172456741333,311,136.77855968475342,311,136.88234424591064,311,136.988450050354,311,137.08635354042053,311,137.27117466926575,311,137.37472820281982,311,137.47305035591125,311,137.56368613243103,311,137.66183471679688,311,137.76182222366333,311,137.86428427696228,311,137.9670548439026,311,138.11427307128906,311,138.21735882759094,311,138.31123685836792,311,138.42614793777466,311,138.56186890602112,311,138.65604639053345,311,138.80609464645386,311,139.01245379447937,311,139.10761642456055,311,139.21337032318115,311,139.31279945373535,311,139.40766501426697,311,139.50641298294067,311,139.6063108444214,311,139.7043285369873,311,139.80478930473328,311,139.90721249580383,311,140.0085380077362,311,140.11432790756226,311,140.2168254852295,311,140.32529091835022,311,140.42423486709595,311,140.52396774291992,311,140.62861824035645,311,140.73334884643555,311,140.84665942192078,311,140.95588302612305,311,141.26626634597778,311,141.40923881530762,311,141.50893998146057,311,141.6056888103485,311,141.70965147018433,311,141.8083188533783,311,141.90493726730347,311,142.0027859210968,311,142.10712599754333,311,142.2086365222931,311,142.32598233222961,311,142.4278585910797,311,142.54018902778625,311,142.64203929901123,311,142.7459900379181,311,142.84067964553833,311,142.93986415863037,311,143.04687023162842,311,143.13885617256165,311,143.23175477981567,311,143.331449508667,311,143.4393765926361,311,143.53792071342468,311,143.63835215568542,311,143.99076437950134,311,144.10413312911987,311,144.20008158683777,311,144.2936577796936,311,144.40317034721375,311,144.49800419807434,311,144.5947666168213,311,144.6973910331726,311,144.79267358779907,311,144.88923048973083,311,144.9898202419281,311,145.09766101837158,311,145.20677995681763,311,145.30723643302917,311,145.4196560382843,311,145.55202507972717,311,145.64807748794556,311,145.74504804611206,311,145.88903737068176,311,145.9853069782257,311,146.07692313194275,311,146.18646621704102,311,146.28410387039185,311,146.41955971717834,311,146.55063343048096,311,146.64143204689026,311,146.73406314849854,311,146.83986902236938,311,146.94033002853394,311,147.04806804656982,311,147.1585636138916,311,147.2555594444275,311,147.3565604686737,311,147.4833312034607,311,147.5844383239746,311,147.6933081150055,311,147.78658294677734,311,147.88651847839355,311,147.98951387405396,311,148.09375143051147,311,148.22950530052185,311,148.33162260055542,311,148.45132303237915,311,148.55276799201965,311,148.65606832504272,311,148.7484893798828,311,148.86196565628052,311,148.95865488052368,311,149.17627429962158,311,149.28423070907593,311,149.40475869178772,311,149.49274611473083,311,149.5980579853058,311,149.6995050907135,311,149.8051404953003,311,149.90831398963928,311,150.02250838279724,311,150.12171053886414,311,150.23436617851257,311,150.3301134109497,311,150.4902060031891,311,150.62568521499634,311,150.75177788734436,311,150.88110184669495,311,150.98210167884827,311,151.07835388183594,311,151.1808636188507,311,151.28819966316223,311,151.40085363388062,311,151.54467606544495,311,151.6479344367981,311,151.74633812904358,311,151.84519910812378,311,151.94977378845215,311,152.05160331726074,311,152.1490592956543,311,152.44711899757385,311,152.55786156654358,311,152.69873666763306,311,152.80006980895996,311,152.93417191505432,311,153.03051662445068,311,153.12790989875793,311,153.22780299186707,311,153.33282804489136,311,153.42796349525452,311,153.56217217445374,311,153.66501903533936,311,153.78026843070984,311,153.87916612625122,311,153.98093223571777,311,154.08113622665405,311,154.18501114845276,311,154.55012774467468,311,154.64635062217712,311,154.74423933029175,311,154.84363389015198,311,154.94919657707214,311,155.0535569190979,311,155.19148659706116,311,155.29986572265625,311,155.39760208129883,311,155.49255871772766,311,155.61888909339905,311,155.79675149917603,311,155.8884358406067,311,155.98354816436768,311,156.07688355445862,311,156.23534774780273,311,156.3320324420929,311,156.4424695968628,311,156.5353546142578,311,156.6349184513092,311,156.7319233417511,311,156.82796096801758,311,156.94933438301086,311,157.04827547073364,311,157.15207695960999,311,157.35611939430237,311,157.45881819725037,311,157.55469584465027,311,157.6491630077362,311,157.75543808937073,311,157.8685920238495,311,157.98722052574158,311,158.08501815795898,311,158.19526767730713,311,158.2922384738922,311,158.38940262794495,311,158.67836475372314,311,158.7934594154358,311,159.2670123577118,311,159.3780734539032,311,159.47261452674866,311,159.57223057746887,311,159.6737539768219,311,159.76931595802307,311,159.86844182014465,311,159.9754400253296,311,160.09262919425964,311,160.24905395507812,311,160.34936046600342,311,160.44220185279846,311,160.75072503089905,311,161.04440689086914,311,161.1423966884613,311,161.2617998123169,311,161.3674659729004,311,161.48341035842896,311,161.57930731773376,311,161.68774795532227,311,161.79435086250305,311,161.89702105522156,311,161.99950695037842,311,162.10050082206726,311,162.1980917453766,311,162.28867387771606,311,162.3902235031128,311,162.48441219329834,311,162.57964515686035,311,162.67121577262878,311,162.7836058139801,311,162.91322922706604,311,163.02048802375793,311,163.13788723945618,311,163.23725366592407,311,163.33983755111694,311,163.4349241256714,311,163.5302972793579,311,163.6404755115509,311,163.7337965965271,311,163.83678913116455,311,163.94914889335632,311,164.0426149368286,311,164.1460838317871,311,164.26065707206726,311,164.38254761695862,310,164.68744277954102,310,164.79866576194763,310,164.89449501037598,310,164.99838757514954,310,165.09631419181824,310,165.18791580200195,310,165.2867043018341,310,165.38625121116638,310,165.4807002544403,310,165.5958092212677,310,165.6912486553192,310,165.78464221954346,310,165.89692878723145,310,165.99157786369324,310,166.1647846698761,310,166.2597849369049,310,166.36379504203796,310,166.46484208106995,310,166.7252552509308,310,166.82291054725647,310,166.92227864265442,310,167.01604175567627,310,167.12340450286865,310,167.2269036769867,310,167.32250332832336,310,167.45478439331055,310,167.55347204208374,310,167.66467714309692,310,167.762549161911,310,168.03719329833984,310,168.21359777450562,310,168.30923676490784,310,168.41102981567383,310,168.51045727729797,310,168.61211919784546,310,168.8269054889679,310,168.94364476203918,310,169.04509615898132,310,169.1387710571289,310,169.23602390289307,310,169.335191488266,310,169.49606251716614,310,169.5924174785614,310,169.6930375099182,310,169.98491430282593,310,170.42029428482056,310,170.52010130882263,310,170.62119483947754,310,170.71248960494995,310,170.80238604545593,310,170.89963030815125,310,170.9965479373932,310,171.09749364852905,310,171.20205092430115,310,171.31399774551392,310,171.40872645378113,310,171.7103133201599,310,171.81186389923096,310,171.9121561050415,310,172.01829147338867,310,172.11204385757446,310,172.22292280197144,310,172.32589411735535,310,172.4250464439392,310,172.53563928604126,310,172.64819264411926,310,172.74378371238708,310,172.84321904182434,310,172.9418683052063,310,173.0430941581726,310,173.14153051376343,310,173.26772594451904,310,173.4546868801117,310,173.55557942390442,310,173.65431809425354,310,173.77204704284668,310,173.8672456741333,310,173.96237540245056,310,174.05655884742737,310,174.1501772403717,310,174.42926812171936,310,174.52554845809937,310,174.64391088485718,310,174.74461483955383,310,174.85229229927063,310,174.97213554382324,310,175.09875440597534,310,175.2030656337738,310,175.3109929561615,310,175.4090187549591,310,175.77910208702087,310,175.89812803268433,310,175.99053716659546,310,176.08347868919373,310,176.1802055835724,310,176.27740931510925,310,176.3690483570099,310,176.47173643112183,310,176.56893157958984,310,176.67773294448853,310,176.78774619102478,310,176.88474035263062,310,176.98531937599182,310,177.077810049057,310,177.19357132911682,310,177.32724833488464,310,177.47821640968323,310,177.5993058681488,310,177.697359085083,310,177.91339421272278,310,178.00271797180176,310,178.10006523132324,310,178.1933217048645,310,178.29140734672546,310,178.38381147384644,310,178.48708319664001,310,178.5876452922821,310,178.68229627609253,310,178.77682447433472,310,179.2456295490265,310,179.3695523738861,310,179.4648036956787,310,179.55990743637085,310,179.66050815582275,310,179.99637174606323,310,180.08803510665894,310,180.1876585483551,310,180.2839024066925,310,180.38501524925232,310,180.49337816238403,310,180.5896918773651,310,180.69196200370789,310,180.78597855567932,310,180.8861575126648,310,180.986013174057,310,181.0810685157776,310,181.17603397369385,310,181.452050447464,310,181.56402850151062,310,181.89154982566833,310,182.0285050868988,310,182.24873614311218,310,182.3574504852295,310,182.46129059791565,310,182.560396194458,310,182.67564272880554,310,182.77677130699158,310,182.87269163131714,310,183.01755785942078,310,183.11530208587646,310,183.20890402793884,310,183.31905269622803,310,183.41532182693481,310,183.51665139198303,310,183.61166501045227,310,183.71022152900696,310,183.80692982673645,310,183.9150013923645,310,184.02977871894836,310,184.12199330329895,310,184.3547911643982,310,184.48773503303528,310,184.5920729637146,310,184.69687056541443,310,184.8093123435974,310,184.91362309455872,310,185.01286053657532,310,185.10876417160034,310,185.20668482780457,310,185.30259466171265,310,185.45327043533325,310,185.5467619895935,310,185.64158391952515,310,185.73883032798767,310,185.84997010231018,310,185.94576835632324,310,186.2635509967804,310,186.36385893821716,310,186.45933079719543,310,186.59273719787598,310,186.8617627620697,310,186.97569298744202,310,187.0737702846527,310,187.17595195770264,310,187.2714958190918,310,187.37479400634766,310,187.48748469352722,310,187.586767911911,310,187.6822793483734,310,187.79360437393188,310,187.89199328422546,310,187.98590564727783,310,188.08391213417053,310,188.19500470161438,310,188.2909450531006,310,188.38831567764282,310,188.4848096370697,310,188.5821771621704,310,188.70076036453247,310,188.79597759246826,310,189.14323091506958,310,189.24121618270874,310,189.3378984928131,310,189.4401228427887,310,189.54746294021606,310,189.6643533706665,310,189.759507894516,310,189.85445094108582,310,190.00709176063538,310,190.10303378105164,310,190.2008125782013,310,190.31743001937866,310,190.42113971710205,310,190.51952147483826,310,190.6695761680603,310,190.7694070339203,310,190.86513257026672,310,190.9602882862091,310,191.05575442314148,310,191.1547429561615,310,191.2535698413849,310,191.3551471233368,310,191.45131754875183,310,191.5454752445221,310,191.6590518951416,310,191.78968358039856,310,191.8870406150818,310,191.9876639842987,310,192.09470057487488,310,192.19243383407593,310,192.33256340026855,310,192.62583780288696,310,192.73267006874084,310,192.83000922203064,310,192.9271695613861,310,193.0281114578247,310,193.124493598938,310,193.23007130622864,310,193.3258159160614,310,193.4182333946228,310,193.51903820037842,310,193.71400713920593,310,193.8156499862671,310,193.91728973388672,310,194.01638889312744,310,194.10978269577026,310,194.20789527893066,310,194.54787254333496,310,194.65697073936462,310,194.75094389915466,310,194.84353947639465,310,194.9357771873474,310,195.02932739257812,310,195.12798857688904,310,195.22120261192322,310,195.3255639076233,310,195.4591097831726,310,195.63271260261536,310,195.73861837387085,310,195.91118669509888,310,196.02286767959595,310,196.1185758113861,310,196.21782445907593,310,196.32653784751892,310,196.42011141777039,310,196.52003622055054,310,196.61686730384827,310,196.7098205089569,310,196.8038158416748,310,196.90089082717896,310,197.00831508636475,310,197.10336327552795,310,197.2015299797058,310,197.30157136917114,310,197.40790843963623,310,197.5216863155365,310,197.61812257766724,310,197.72062468528748,310,197.81842494010925,310,197.9155342578888,310,198.04775953292847,310,198.2853226661682,310,198.38041400909424,310,198.47735452651978,310,198.5822765827179,310,198.6789276599884,310,198.78176999092102,310,198.88103413581848,310,199.0560245513916,310,199.1571843624115,310,199.25724506378174,310,199.35552215576172,310,199.47272372245789,310,199.5864565372467,310,199.67937183380127,310,199.78017330169678,310,199.88247179985046,310,199.97593569755554,310,200.07696986198425,310,200.17766094207764,310,200.45506262779236,310,200.55054426193237,310,200.65215969085693,310,200.91788578033447,310,201.01814222335815,310,201.1268150806427,310,201.21304488182068,310,201.31078910827637,310,201.4162096977234,310,201.5153510570526,310,201.6148064136505,310,201.726717710495,310,202.01634550094604,310,202.11466574668884,310,202.21629071235657,310,202.32837986946106,310,202.45307564735413,310,202.5629665851593,310,202.6639325618744,310,202.76296973228455,310,202.9585781097412,310,203.06445455551147,310,203.1568422317505,310,203.25291538238525,310,203.36031103134155,310,203.46030068397522,310,203.5599160194397,310,203.65359210968018,310,203.7726993560791,310,203.88935136795044,310,203.9871802330017,310,204.08454155921936,310,204.217755317688,310,204.3491690158844,310,204.45046615600586,310,204.55004453659058,310,204.66140484809875,310,204.76809191703796,310,204.87069749832153,310,204.97826886177063,310,205.07229733467102,310,205.18246746063232,310,205.28498554229736,310,205.42796635627747,310,205.52791833877563,310,205.62001943588257,310,205.7577724456787,310,205.85921430587769,310,205.95574736595154,310,206.06276631355286,310,206.16167306900024,310,206.2585105895996,310,206.35723114013672,310,206.4547483921051,310,206.55340194702148,310,206.70432710647583,310,206.8146481513977,310,206.90704870224,310,206.99886751174927,310,207.11383724212646,310,207.2138798236847,310,207.31464099884033,310,207.41575050354004,310,207.54912495613098,310,207.65136623382568,310,207.74458599090576,310,208.13334369659424,310,208.22724890708923,310,208.32664918899536,310,208.4244201183319,310,208.52616000175476,310,208.66799473762512,310,208.75743460655212,310,208.8588354587555,310,208.96228885650635,310,209.05368447303772,310,209.16699981689453,310,209.2705659866333,310,209.36529064178467,310,209.47036242485046,310,209.59260249137878,310,209.69279217720032,310,209.83316159248352,310,209.93207550048828,310,210.043559551239,310,210.14099764823914,310,210.25746774673462,310,210.35162091255188,310,210.50886416435242,310,210.60058617591858,310,210.69546675682068,310,210.79793882369995,310,210.89857459068298,310,211.09153413772583,310,211.21255087852478,310,211.3191900253296,310,211.4088864326477,310,211.50315308570862,310,211.60923385620117,310,211.71525144577026,310,211.8124623298645,310,212.1167151927948,310,212.2156684398651,310,212.3167061805725,310,212.4145655632019,310,212.5397913455963,310,212.6352813243866,310,212.73706340789795,310,212.83782744407654,310,212.93646907806396,310,213.1217086315155,310,213.45262169837952,310,213.56284260749817,310,213.92257022857666,310,214.02403497695923,310,214.1210470199585,310,214.21902656555176,310,214.34665536880493,310,214.44411182403564,310,214.59801483154297,310,214.6951584815979,310,214.79394483566284,310,214.9483184814453,310,215.0510721206665,310,215.15136790275574,310,215.25511407852173,310,215.38562202453613,310,215.51523542404175,310,215.61687660217285,310,215.71360778808594,310,215.82132649421692,310,215.9308795928955,310,216.03568935394287,310,216.12920117378235,310,216.237948179245,310,216.35242533683777,310,216.45645761489868,310,216.55613374710083,310,216.6831533908844,310,216.79919719696045,310,217.34088349342346,310,217.4794020652771,310,217.57366681098938,310,217.67323350906372,310,217.81211304664612,310,217.9778835773468,310,218.07504224777222,310,218.17595314979553,310,218.2792501449585,310,218.37295055389404,310,218.4634666442871,310,218.59970831871033,310,218.74996900558472,310,218.9582281112671,310,219.0622534751892,310,219.1841082572937,310,219.28177213668823,310,219.38608026504517,310,219.48396706581116,310,219.581547498703,310,219.68729186058044,310,219.78244543075562,310,219.89511632919312,310,219.99044466018677,310,220.08590745925903,310,220.41213083267212,310,220.512113571167,310,220.6124141216278,310,220.71686100959778,310,220.81091713905334,310,221.14690852165222,310,221.2464690208435,310,221.34781956672668,310,221.44368362426758,310,221.57375192642212,310,221.67370009422302,310,221.7716178894043,310,221.86834502220154,310,221.9646978378296,310,222.20014691352844,310,222.2935507297516,310,222.4011459350586,310,222.54580903053284,310,222.6470947265625,310,222.81829142570496,310,222.91033720970154,310,223.0103042125702,310,223.10955810546875,310,223.20173478126526,310,223.29875111579895,310,223.4095118045807,310,223.5120973587036,310,223.60976481437683,310,223.70728993415833,310,223.8117232322693,310,223.93509578704834,310,224.03073143959045,310,224.1252384185791,310,224.22344207763672,310,224.3216142654419,310,224.4200885295868,310,224.59331226348877,310,224.69354939460754,310,224.7930543422699,310,224.8940348625183,310,224.98825430870056,310,225.09602332115173,310,225.19620203971863,310,225.29684948921204,310,225.4074831008911,310,225.51180028915405,310,225.6073100566864,310,225.7344081401825,310,225.83900904655457,310,225.9460105895996,310,226.04759693145752,310,226.16145038604736,310,226.36636209487915,310,226.60617089271545,310,226.70201635360718,310,226.79668831825256,310,226.91918635368347,310,227.02290558815002,310,227.1330544948578,310,227.23498702049255,310,227.3287010192871,310,227.42744493484497,310,227.55213689804077,310,227.64662051200867,310,227.74715995788574,310,227.8491816520691,310,227.94795417785645,310,228.04175114631653,310,228.1351773738861,310,228.2487609386444,310,228.3452754020691,310,228.4437460899353,310,228.54288840293884,310,228.6459288597107,310,228.75750398635864,310,228.8520348072052,310,228.95774841308594,310,229.06282210350037,310,229.16248679161072,310,229.4202845096588,310,229.7041928768158,310,229.82311987876892,310,229.9163658618927,310,230.02027320861816,310,230.11779880523682,310,230.21757316589355,310,230.3239312171936,310,230.42090034484863,310,230.5275673866272,310,230.6271936893463,310,230.72771549224854,310,230.89562892913818,310,230.9937460422516,310,231.09366917610168,310,231.18824076652527,310,231.29943323135376,310,231.39843678474426,310,231.49601197242737,310,231.59683346748352,310,231.6995837688446,310,231.98336601257324,310,232.08912348747253,310,232.85983967781067,310,232.9605052471161,310,233.074303150177,310,233.18151569366455,310,233.27677941322327,310,233.38168478012085,310,233.65067601203918,310,233.77560091018677,310,233.89196276664734,310,233.9933431148529,310,234.08672094345093,310,234.19912457466125,310,234.31857585906982,310,234.41709756851196,310,234.518399477005,310,234.62012147903442,310,234.7182343006134,310,234.8193962574005,310,234.9153594970703,310,235.01733326911926,310,235.1136736869812,310,235.21423363685608,310,235.33491563796997,310,235.4367618560791,310,235.54569220542908,310,235.65084052085876,310,235.7426495552063,310,235.84322595596313,310,235.94284963607788,310,236.03782510757446,310,236.13373279571533,310,236.23274421691895,310,236.3347144126892,310,236.4353630542755,310,236.53327679634094,310,236.64740681648254,310,236.74449062347412,310,236.837660074234,310,236.94561672210693,310,237.04495191574097,310,237.146803855896,310,237.30289840698242,310,237.43111395835876,310,237.52972745895386,310,237.70407438278198,310,237.80892753601074,310,237.91496324539185,310,238.01444220542908,310,238.1087830066681,310,238.22545385360718,310,238.33299851417542,310,238.44330668449402,310,238.54264640808105,310,238.63834762573242,310,238.75981426239014,310,238.85631132125854,310,238.9561710357666,310,239.05263423919678,310,239.1914463043213,310,239.30397152900696,310,239.40229654312134,310,239.5113344192505,310,239.71094870567322,310,239.83415579795837,310,239.96412444114685,310,240.06132888793945,310,240.1556270122528,310,240.25159573554993,310,240.3607096672058,310,240.45045065879822,310,240.55134677886963,310,240.6790473461151,310,240.77830171585083,310,240.89689946174622,310,241.0030746459961,310,241.09934306144714,310,241.20157527923584,310,241.2967140674591,310,241.40011167526245,310,241.4954104423523,310,241.60147881507874,310,241.72721076011658,310,241.84019255638123,310,241.95139813423157,310,242.10828042030334,310,242.20715022087097,310,242.30905508995056,310,242.43404364585876,310,242.71586847305298,310,242.81759023666382,310,242.91982126235962,310,243.0200526714325,310,243.12977242469788,310,243.22601985931396,310,243.33038687705994,310,243.46581721305847,310,243.62067461013794,310,243.71701097488403,310,243.81197428703308,310,243.95514822006226,310,244.04484462738037,310,244.13911509513855,310,244.23293089866638,310,244.34715747833252,310,244.44059467315674,310,244.53811502456665,310,244.6350166797638,310,244.72922134399414,310,244.83586716651917,310,244.93323159217834,310,245.0306978225708,310,245.12776470184326,310,245.24020624160767,310,245.3388431072235,310,245.44181752204895,310,245.5513949394226,310,245.64778327941895,310,245.74838972091675,310,245.84881258010864,310,245.95222425460815,310,246.05586647987366,310,246.1517972946167,310,246.27968215942383,310,246.38559412956238,310,246.50748300552368,310,246.60496926307678,310,246.69668340682983,310,246.8119342327118,310,246.9065318107605,310,247.22500038146973,310,247.32297778129578,310,247.42680311203003,310,247.52656626701355,310,247.6245894432068,310,247.8405725955963,310,247.93733620643616,310,248.03487849235535,310,248.13873028755188,310,248.319806098938,310,248.4287326335907,310,248.52515959739685,310,248.62955141067505,310,248.72390913963318,310,248.82413864135742,310,248.93387866020203,310,249.02774024009705,310,249.12823629379272,310,249.2812774181366,310,249.37879586219788,310,249.47746777534485,310,249.575053691864,310,249.67676877975464,310,249.80727338790894,310,249.90516591072083,310,249.9996211528778,310,250.0911295413971,310,250.1973476409912,310,250.30841588974,310,250.40898966789246,310,250.5032525062561,310,250.59949803352356,310,250.69605779647827,310,250.79421591758728,310,251.2161626815796,310,251.31449055671692,310,251.40957903862,310,251.53102850914001,310,251.62923216819763,310,251.72731471061707,310,251.82386922836304,310,251.91757822036743,310,252.01000046730042,310,252.1233673095703,310,252.21949982643127,310,252.3148319721222,310,252.40697360038757,310,252.50566864013672,310,252.60173988342285,310,252.73543167114258,310,252.83492183685303,310,252.9410424232483,310,253.03445172309875,310,253.14229249954224,310,253.2549126148224,310,253.35294198989868,310,253.45201230049133,310,253.54715633392334,310,253.63851404190063,310,253.75404000282288,310,253.85062980651855,310,253.98743510246277,310,254.10173201560974,310,254.20233821868896,310,254.30822277069092,310,254.40293216705322,310,254.50937294960022,310,254.60964369773865,310,254.72165155410767,310,254.81559252738953,310,254.91439867019653,310,255.23914217948914,310,255.34696507453918,310,255.44743657112122,310,255.53916788101196,310,255.6392388343811,310,255.74052381515503,310,255.83543825149536,310,255.9318516254425,310,256.0237741470337,310,256.116348028183,310,256.21437764167786,310,256.322448015213,310,256.4737215042114,310,256.57982110977173,310,256.68147563934326,310,256.77898716926575,310,256.87747597694397,310,256.99528408050537,310,257.0898311138153,310,257.18611097335815,310,257.2797966003418,310,257.3784353733063,310,257.47498750686646,310,257.572580575943,310,257.66796875,310,257.76077938079834,310,257.8633360862732,310,257.96441674232483,310,258.0600481033325,310,258.1524443626404,310,258.2484436035156,310,258.3516104221344,310,258.45520424842834,310,258.567503452301,310,258.66958570480347,310,258.7723014354706,310,258.8767879009247,310,258.9766879081726,310,259.0764203071594,310,259.17825055122375,310,259.28313851356506,310,259.3817856311798,310,259.4843029975891,310,259.58800625801086,310,259.68879985809326,310,259.78289580345154,310,259.88521242141724,310,259.98312067985535,310,260.09012842178345,310,260.18636989593506,310,260.28996872901917,310,260.3968963623047,310,260.529376745224,310,260.6233434677124,310,260.7154657840729,310,260.82080364227295,310,260.95134973526,310,261.0595705509186,310,261.1572117805481,310,261.25416231155396,310,261.3568615913391,310,261.4502983093262,310,261.54852771759033,310,261.6509590148926,310,261.7460618019104,310,261.8431930541992,310,261.9494466781616,310,262.045291185379,310,262.14780020713806,310,262.2510027885437,310,262.3487663269043,310,262.4427788257599,310,262.54202818870544,310,262.6465799808502,310,262.9431781768799,310,263.0862445831299,310,263.1783273220062,310,263.28540778160095,310,263.37909960746765,310,263.4743142127991,310,263.59894609451294,310,263.70018219947815,310,263.8018047809601,310,263.89720368385315,310,263.9962921142578,310,264.09157371520996,310,264.1843316555023,310,264.2901837825775,310,264.5202524662018,310,264.6200821399689,310,264.74360942840576,310,264.8823652267456,310,264.99064207077026,310,265.08786392211914,310,265.19732117652893,310,265.29462361335754,310,265.39169692993164,310,265.4882724285126,310,265.58877086639404,310,265.6915442943573,310,265.78296422958374,310,265.8774826526642,310,265.96684646606445,310,266.06129360198975,310,266.16801357269287,310,266.2780861854553,310,266.3904457092285,310,266.5051918029785,310,266.60375022888184,310,266.7059819698334,310,266.81093525886536,310,266.9141902923584,310,267.0224277973175,310,267.1155927181244,310,267.235600233078,310,267.3308529853821,310,267.4268367290497,310,267.53158831596375,310,267.6454334259033,310,267.7377939224243,310,267.83711767196655,310,267.9292039871216,310,268.0260663032532,310,268.12567949295044,310,268.23398518562317,310,268.3334333896637,310,268.467125415802,310,268.6009204387665,310,268.6993043422699,310,268.793705701828,310,268.90179800987244,310,268.99623370170593,310,269.09380316734314,310,269.19422817230225,310,269.29646611213684,310,269.394492149353,310,269.4881212711334,310,269.580712556839,310,269.6823010444641,310,269.7782189846039,310,269.8753399848938,310,269.97400283813477,310,270.083491563797,310,270.17772698402405,310,270.2751998901367,310,270.4114716053009,310,270.541640996933,310,270.64018869400024,310,270.7400074005127,310,270.84061670303345,310,270.9438478946686,310,271.04074692726135,310,271.1773419380188,310,271.26737785339355,310,271.40370082855225,310,271.5117847919464,310,271.61234855651855,310,271.7167875766754,310,271.81243085861206,310,271.92649507522583,310,272.04049730300903,310,272.1433525085449,310,272.2609133720398,310,272.36261105537415,310,272.467031955719,310,272.56869435310364,310,272.7680139541626,310,272.8620505332947,310,272.96436524391174,310,273.07227325439453,310,273.1781349182129,310,273.2806010246277,310,273.3804612159729,310,273.48061418533325,310,273.5799210071564,310,273.6731984615326,310,273.76998138427734,310,273.87227272987366,310,274.0017445087433,310,274.1059148311615,310,274.20486545562744,310,274.30240535736084,310,274.39891624450684,310,274.50744128227234,310,274.6066048145294,310,274.71331453323364,310,274.85560154914856,310,274.9508900642395,310,275.0411286354065,310,275.1480083465576,310,275.2512295246124,310,275.35139870643616,310,275.45826864242554,310,275.8104763031006,310,275.9167721271515,310,276.2585229873657,310,276.3624029159546,310,276.5046236515045,310,276.6056706905365,310,276.7285532951355,310,276.8273980617523,310,276.9301075935364,310,277.03897523880005,310,277.1843421459198,310,277.2878773212433,310,277.3939492702484,310,277.4938962459564,310,277.6006643772125,310,277.69822907447815,310,277.7913269996643,310,277.889417886734,310,277.98000860214233,310,278.07717847824097,310,278.1778984069824,310,278.2882947921753,310,278.3876643180847,310,278.4979736804962,310,278.60277938842773,310,278.72203397750854,310,278.820271730423,310,278.9272541999817,310,279.02572107315063,310,279.13005566596985,310,279.23206853866577,310,279.33746886253357,310,279.43797993659973,310,279.54043221473694,310,279.64873576164246,310,279.7453317642212,310,279.8473787307739,310,279.94057989120483,310,280.0422785282135,310,280.1394443511963,310,280.2470293045044,310,280.3465461730957,310,280.6379644870758,310,280.7403337955475,310,280.84197449684143,310,280.94178652763367,310,281.0403323173523,310,281.1499171257019,310,281.2484395503998,310,281.34765577316284,310,281.44905161857605,310,281.5472180843353,310,281.6478695869446,310,281.75161576271057,310,281.913028717041,310,282.0053822994232,310,282.1182222366333,310,282.2175643444061,310,282.328494310379,310,282.49547052383423,310,282.6001214981079,310,282.69936180114746,310,282.812349319458,310,283.08651304244995,310,283.1826066970825,310,283.319655418396,310,283.43509817123413,310,283.53400444984436,310,283.63343334198,310,283.970073223114,310,284.07484459877014,310,284.17339539527893,310,284.2726106643677,310,284.38854694366455,310,284.4858977794647,310,284.5843222141266,310,284.69989371299744,310,284.7949683666229,310,284.89614963531494,310,284.99688172340393,310,285.3338100910187,310,285.43737268447876,310,285.5362739562988,310,285.645028591156,310,285.74643182754517,310,285.85375475883484,310,285.957248210907,310,286.061420917511,310,286.16492223739624,310,286.2626988887787,310,286.36470580101013,310,286.4652931690216,310,286.56142592430115,310,286.66291403770447,310,286.7645139694214,310,286.86223554611206,310,286.96846628189087,310,287.10059905052185,310,287.1998941898346,310,287.30916833877563,310,287.44007301330566,310,287.54522943496704,310,287.6695091724396,310,287.76722168922424,310,287.86977195739746,310,287.9721088409424,310,288.07852721214294,310,288.1773102283478,310,288.28028631210327,310,288.3798906803131,310,288.5179524421692,310,288.7789514064789,310,288.89198637008667,310,289.00103521347046,310,289.19072914123535,310,289.4747574329376,310,289.62299275398254,310,289.71869468688965,310,289.8164825439453,310,289.9179062843323,310,290.0163617134094,310,290.11251640319824,310,290.21516942977905,310,290.3338232040405,310,290.4313681125641,310,290.53333616256714,310,290.62451004981995,310,290.7349166870117,310,290.8412129878998,310,290.94840955734253,310,291.04766273498535,310,291.1445212364197,310,291.27074432373047,310,291.3686544895172,310,291.4643929004669,310,291.56370735168457,310,291.66043972969055,310,291.7600862979889,310,291.89879322052,310,292.00262904167175,310,292.1379792690277,310,292.237676858902,310,292.34692883491516,310,292.4474527835846,310,292.56616473197937,310,292.6677417755127,310,292.7681670188904,310,292.8771688938141,310,292.97913217544556,310,293.12453603744507,310,293.2464418411255,310,293.34441351890564,310,293.44391202926636,310,293.5446741580963,310,293.63981342315674,310,293.75599479675293,310,293.85393476486206,310,293.9923691749573,310,294.0915400981903,310,294.19411873817444,310,294.29082202911377,310,294.3889811038971,310,294.4887742996216,310,294.58541655540466,310,294.6892156600952,310,294.7908732891083,310,294.88812232017517,310,294.9886531829834,310,295.08235573768616,310,295.1975359916687,310,295.3067145347595,310,295.3999357223511,310,295.5269317626953,310,295.63001108169556,310,295.73806047439575,310,295.84973192214966,310,295.9445209503174,310,296.0448262691498,310,296.14393615722656,310,296.25649309158325,310,296.3560848236084,310,296.49624609947205,310,296.71649408340454,310,296.827871799469,310,296.9250683784485,310,297.0234708786011,310,297.1251709461212,310,297.22550106048584,310,297.3231029510498,310,297.45304107666016,310,297.56138706207275,310,297.88135838508606,310,297.97817730903625,310,298.07436180114746,310,298.16916966438293,310,298.26356053352356,310,298.3662977218628,310,298.49006271362305,310,298.59655594825745,310,298.7448616027832,310,298.85438203811646,310,298.9511134624481,310,299.0672047138214,310,299.16694712638855,310,299.2759850025177,310,299.3698058128357,310,299.47975611686707,310,299.57918667793274,310,299.739102602005,310,299.8810169696808,310,299.982054233551,310,300.04551672935486
2,random graphs/triangle/r1.5k18n12/graph2.lgbin,1813,185.35126304626465,272,556,0,482,0.2146902084350586,460,0.3810102939605713,426,0.5148687362670898,368,0.8149435520172119,342,1.0387983322143555,332,1.155454397201538,327,1.2846758365631104,322,1.4667928218841553,317,1.595846176147461,312,1.8016059398651123,309,1.9368999004364014,308,2.0663928985595703,305,2.3486180305480957,304,2.490940809249878,295,2.622572422027588,284,2.7639620304107666,284,2.8607125282287598,284,2.9617691040039062,281,3.1023340225219727,278,3.2563178539276123,278,3.3546061515808105,275,3.4947266578674316,275,3.5999343395233154,274,3.737915277481079,274,3.840341567993164,274,4.094400405883789,274,4.213919639587402,274,4.3246564865112305,274,4.42890191078186,274,4.528968095779419,274,4.644559144973755,274,4.743756055831909,274,4.84910249710083,274,4.947842359542847,274,5.053385257720947,274,5.152555465698242,274,5.248882293701172,274,5.358347415924072,274,5.466524124145508,274,5.574409008026123,274,5.675245523452759,274,5.7815632820129395,274,5.891338348388672,274,5.999206066131592,274,6.096578598022461,274,6.2011213302612305,274,6.307493209838867,274,6.410236120223999,274,6.522143840789795,274,6.630378007888794,274,6.726590633392334,274,6.828651666641235,274,6.9246721267700195,274,7.041548490524292,274,7.152249813079834,274,7.255047798156738,274,7.354832410812378,274,7.45544171333313,274,7.560749053955078,274,7.664144277572632,274,7.763553857803345,274,7.8717663288116455,274,7.979084014892578,274,8.077570915222168,274,8.17717719078064,274,8.272497415542603,274,8.376769781112671,274,8.485282182693481,274,8.586416482925415,274,8.683120489120483,274,8.782902956008911,274,8.885643482208252,274,8.99487853050232,274,9.102717876434326,274,9.209080457687378,274,9.318928718566895,274,9.418139934539795,274,9.519311904907227,274,9.623865127563477,274,9.720763683319092,274,9.819986581802368,274,9.93613862991333,274,10.041540622711182,274,10.136756181716919,274,10.248358249664307,274,10.361527681350708,274,10.458169937133789,274,10.55715036392212,274,10.657028675079346,274,10.786896228790283,274,10.89757776260376,274,10.994670867919922,274,11.08947467803955,274,11.195331573486328,274,11.304483890533447,274,11.402850866317749,274,11.509229898452759,274,11.605400323867798,274,11.711732625961304,274,11.82861876487732,274,11.925752878189087,274,12.028509140014648,274,12.131999254226685,274,12.236681938171387,274,12.343024969100952,274,12.439702033996582,274,12.549849033355713,274,12.65496301651001,274,12.773527383804321,274,12.874580383300781,274,12.970510959625244,274,13.07261347770691,274,13.179179668426514,274,13.29181694984436,274,13.527660369873047,273,13.653931617736816,273,13.755305528640747,273,13.861313581466675,273,13.959832668304443,273,14.0658860206604,273,14.15945839881897,273,14.261038064956665,273,14.368715524673462,273,14.464499473571777,273,14.562034130096436,273,14.671329736709595,273,14.853991985321045,273,14.952819585800171,273,15.094673156738281,273,15.195929527282715,273,15.348430633544922,273,15.446129560470581,273,15.5418541431427,273,15.638909578323364,273,15.88100814819336,273,16.024149894714355,273,16.133074045181274,273,16.23648452758789,273,16.330153226852417,273,16.42593002319336,273,16.52695107460022,273,16.634700059890747,273,16.834587812423706,273,16.93692922592163,273,17.03411841392517,273,17.138415098190308,273,17.2425479888916,273,17.338938236236572,273,17.437475442886353,273,17.531413793563843,273,17.62763547897339,273,17.72755718231201,273,17.935850143432617,272,18.065513134002686,272,18.161723852157593,272,18.261504411697388,272,18.360848903656006,272,18.468069076538086,272,18.56629252433777,272,18.667568683624268,272,18.774357318878174,272,18.884423971176147,272,18.990150690078735,272,19.105013608932495,272,19.201650381088257,272,19.291367292404175,272,19.383643865585327,272,19.4764301776886,272,19.586914777755737,272,19.69225764274597,272,19.79192852973938,272,19.89366626739502,272,20.032546043395996,272,20.152137994766235,272,20.25497817993164,272,20.366000652313232,272,20.49888038635254,272,20.59494185447693,272,20.692838430404663,272,20.80539345741272,272,20.912521600723267,272,21.009479761123657,272,21.11460542678833,272,21.219622135162354,272,21.327417135238647,272,21.430706024169922,272,21.528666019439697,272,21.647435188293457,272,21.744327545166016,272,21.84019184112549,272,21.93803572654724,272,22.04564142227173,272,22.15134596824646,272,22.250084400177002,272,22.3449969291687,272,22.466488361358643,272,22.565720319747925,272,22.670445442199707,272,22.778452157974243,272,22.915459632873535,272,23.21146273612976,272,23.316479444503784,272,23.417857885360718,272,23.516499757766724,272,23.615626573562622,272,23.7080295085907,272,23.812617778778076,272,23.931819677352905,272,24.029584407806396,272,24.12949299812317,272,24.24006700515747,272,24.33542037010193,272,24.47420907020569,272,24.57141375541687,272,24.66936707496643,272,24.767434120178223,272,24.86674928665161,272,24.9605712890625,272,25.06083369255066,272,25.177922010421753,272,25.280055046081543,272,25.389556646347046,272,25.49065113067627,272,25.594074726104736,272,25.70609998703003,272,25.809902667999268,272,25.938308000564575,272,26.04436945915222,272,26.153639316558838,272,26.2570538520813,272,26.354159116744995,272,26.455174207687378,272,26.55384349822998,272,26.656765699386597,272,26.768693447113037,272,26.875357389450073,272,26.974971532821655,272,27.07688331604004,272,27.187163829803467,272,27.28438949584961,272,27.427165269851685,272,27.523499965667725,272,27.623872756958008,272,27.71899175643921,272,27.826597929000854,272,27.923119068145752,272,28.03123116493225,272,28.169994354248047,272,28.26709794998169,272,28.368728637695312,272,28.46836829185486,272,28.578206777572632,272,28.675777196884155,272,28.778734922409058,272,28.889869689941406,272,28.99143075942993,272,29.08982229232788,272,29.186962842941284,272,29.29194974899292,272,29.387887239456177,272,29.486720085144043,272,29.5822274684906,272,29.68803071975708,272,29.784573793411255,272,29.885706663131714,272,30.22129774093628,272,30.32358479499817,272,30.41559910774231,272,30.515294313430786,272,30.614809274673462,272,30.851064205169678,272,30.95107865333557,272,31.051016569137573,272,31.145561456680298,272,31.273961067199707,272,31.374676942825317,272,31.473312616348267,272,31.61032199859619,272,31.707636833190918,272,31.81377363204956,272,31.913634300231934,272,32.01561427116394,272,32.12248706817627,272,32.223459005355835,272,32.322235345840454,272,32.42617082595825,272,32.53106355667114,272,32.62369203567505,272,32.7253680229187,272,32.82534694671631,272,32.95094180107117,272,33.0499427318573,272,33.151512145996094,272,33.24929332733154,272,33.36247372627258,272,33.458532094955444,272,33.552485704422,272,33.65216326713562,272,33.754236698150635,272,33.90001940727234,272,33.99185824394226,272,34.09493708610535,272,34.19167876243591,272,34.28845453262329,272,34.388676404953,272,34.486440658569336,272,34.58537554740906,272,34.68812847137451,272,34.779200315475464,272,34.87639784812927,272,34.97840452194214,272,35.07641673088074,272,35.32157564163208,272,35.42585825920105,272,35.53237509727478,272,35.728440284729004,272,35.83770942687988,272,35.94070625305176,272,36.05614399909973,272,36.15292263031006,272,36.248841524124146,272,36.35200572013855,272,36.45171141624451,272,36.58135271072388,272,36.675682067871094,272,36.78579545021057,272,36.90026497840881,272,37.00183582305908,272,37.113338470458984,272,37.22178292274475,272,37.33038091659546,272,37.43478441238403,272,37.53500461578369,272,37.634658336639404,272,37.738399267196655,272,37.8373544216156,272,37.96068072319031,272,38.051453828811646,272,38.15982913970947,272,38.25794315338135,272,38.355806827545166,272,38.477778673172,272,38.56930136680603,272,38.66779041290283,272,38.7636616230011,272,38.860198736190796,272,38.967912912368774,272,39.0751690864563,272,39.172410011291504,272,39.27688121795654,272,39.42317223548889,272,39.52117991447449,272,39.62825870513916,272,39.73075318336487,272,39.840314626693726,272,39.94866609573364,272,40.04992437362671,272,40.14355969429016,272,40.23831629753113,272,40.33575749397278,272,40.437387466430664,272,40.61300253868103,272,40.709362268447876,272,40.811131954193115,272,40.91971731185913,272,41.0147020816803,272,41.11531114578247,272,41.21329855918884,272,41.31149363517761,272,41.41576862335205,272,41.547070026397705,272,41.6965754032135,272,41.796276330947876,272,41.906352519989014,272,42.00680732727051,272,42.11384582519531,272,42.2189359664917,272,42.31760883331299,272,42.42214751243591,272,42.53239107131958,272,42.630298137664795,272,42.75250315666199,272,42.848912954330444,272,42.948795795440674,272,43.05600881576538,272,43.164071798324585,272,43.26174569129944,272,43.36570119857788,272,43.46354103088379,272,43.55622386932373,272,43.64935255050659,272,43.759060859680176,272,43.86747074127197,272,43.96347904205322,272,44.06368589401245,272,44.16595935821533,272,44.25848460197449,272,44.36652588844299,272,44.4718132019043,272,44.568467140197754,272,44.664186000823975,272,44.770405530929565,272,44.86354923248291,272,44.96603298187256,272,45.107144832611084,272,45.20533299446106,272,45.31664562225342,272,45.43028473854065,272,45.53370451927185,272,45.6359441280365,272,45.7306854724884,272,45.83123850822449,272,45.92176032066345,272,46.03104853630066,272,46.128618001937866,272,46.23299813270569,272,46.33717751502991,272,46.5495388507843,272,46.65257811546326,272,46.75467324256897,272,47.1145920753479,272,47.27517890930176,272,47.37172818183899,272,47.47262191772461,272,47.5769989490509,272,47.68350028991699,272,47.78655743598938,272,47.88411521911621,272,47.98793864250183,272,48.08649158477783,272,48.18500328063965,272,48.2828414440155,272,48.383078813552856,272,48.507704734802246,272,48.60943150520325,272,48.98386764526367,272,49.08453893661499,272,49.25108051300049,272,49.35041284561157,272,49.448240518569946,272,49.552470684051514,272,49.64877533912659,272,49.75498056411743,272,49.85994791984558,272,49.96239352226257,272,50.06041765213013,272,50.15978407859802,272,50.26325511932373,272,50.36905002593994,272,50.471426010131836,272,50.572245597839355,272,50.66836071014404,272,50.76373863220215,272,50.86987352371216,272,51.01243257522583,272,51.11502146720886,272,51.2129442691803,272,51.30970001220703,272,51.400986194610596,272,51.50144004821777,272,51.59947156906128,272,51.74218440055847,272,51.83625292778015,272,51.9409875869751,272,52.03535985946655,272,52.14021897315979,272,52.23630905151367,272,52.352041244506836,272,52.45198941230774,272,52.55048942565918,272,52.659236907958984,272,52.75588369369507,272,52.85284972190857,272,52.951465368270874,272,53.098482847213745,272,53.19657325744629,272,53.30670714378357,272,53.40381836891174,272,53.51976180076599,272,53.623374462127686,272,53.72103834152222,272,53.81314015388489,272,53.91386151313782,272,54.014952182769775,272,54.11997365951538,272,54.22371172904968,272,54.31994152069092,272,54.4213182926178,272,54.520392179489136,272,54.62447428703308,272,54.72553610801697,272,54.8238000869751,272,54.92370891571045,272,55.02893686294556,272,55.13992786407471,272,55.23410439491272,272,55.32820415496826,272,55.42566800117493,272,55.52357769012451,272,55.63614082336426,272,55.74403738975525,272,55.84265375137329,272,55.94138956069946,272,56.03811264038086,272,56.13602042198181,272,56.23751735687256,272,56.37031960487366,272,56.46800208091736,272,56.613800048828125,272,56.731035470962524,272,56.852097272872925,272,56.958422899246216,272,57.0590877532959,272,57.154295444488525,272,57.250988483428955,272,57.360103368759155,272,57.46536302566528,272,57.57087564468384,272,57.667914390563965,272,57.76609206199646,272,57.866262435913086,272,57.96696186065674,272,58.071773529052734,272,58.28813672065735,272,58.39398694038391,272,58.50433373451233,272,58.60796666145325,272,58.70948553085327,272,58.82370162010193,272,58.92565178871155,272,59.02250695228577,272,59.1203088760376,272,59.21758198738098,272,59.326180934906006,272,59.43324065208435,272,59.526862382888794,272,59.62124276161194,272,59.72062420845032,272,59.82514047622681,272,59.92379021644592,272,60.01933550834656,272,60.128283739089966,272,60.23067355155945,272,60.32704210281372,272,60.43462038040161,272,60.54610466957092,272,60.6586332321167,272,60.76252484321594,272,60.86118841171265,272,60.961193799972534,272,61.053589820861816,272,61.15284252166748,272,61.25235080718994,272,61.35011911392212,272,61.44664692878723,272,61.5498161315918,272,61.64291834831238,272,61.749616384506226,272,61.86613988876343,272,61.96954393386841,272,62.07753586769104,272,62.1869683265686,272,62.28716707229614,272,62.394206285476685,272,62.4922890663147,272,62.592655658721924,272,62.6977264881134,272,62.80042815208435,272,62.89793372154236,272,63.029165744781494,272,63.130709409713745,272,63.232423543930054,272,63.330596685409546,272,63.43201947212219,272,63.53278303146362,272,63.636250019073486,272,63.775151014328,272,63.87637376785278,272,63.97575283050537,272,64.08640098571777,272,64.20951724052429,272,64.3146824836731,272,64.41513276100159,272,64.51328134536743,272,64.61425018310547,272,64.73119783401489,272,64.82853055000305,272,64.93351101875305,272,65.03886842727661,272,65.1437566280365,272,65.24154615402222,272,65.3483715057373,272,65.44449782371521,272,65.54236507415771,272,65.64268398284912,272,65.75111770629883,272,65.85303354263306,272,65.99005126953125,272,66.08803367614746,272,66.18919229507446,272,66.2887191772461,272,66.39710855484009,272,66.5015640258789,272,66.59780430793762,272,66.70079898834229,272,66.79834985733032,272,66.91644978523254,272,67.01541376113892,272,67.11458086967468,272,67.21688795089722,272,67.3233847618103,272,67.48055481910706,272,67.58316731452942,272,67.68607091903687,272,67.78654766082764,272,67.88216209411621,272,67.97901177406311,272,68.07862138748169,272,68.19381546974182,272,68.29265189170837,272,68.3916380405426,272,68.48963165283203,272,68.61274790763855,272,68.7047164440155,272,68.79959273338318,272,68.89696216583252,272,69.00002551078796,272,69.09417390823364,272,69.19303250312805,272,69.290522813797,272,69.40068745613098,272,69.507159948349,272,69.60882258415222,272,69.71346807479858,272,69.81465005874634,272,69.91160893440247,272,70.01940274238586,272,70.12953019142151,272,70.24668312072754,272,70.35887169837952,272,70.46101212501526,272,70.56506896018982,272,70.65992069244385,272,70.75410342216492,272,70.86420917510986,272,70.97146582603455,272,71.06728744506836,272,71.17233657836914,272,71.27455711364746,272,71.37271285057068,272,71.47800707817078,272,71.58267903327942,272,71.67908787727356,272,71.78150081634521,272,71.89392352104187,272,71.99772477149963,272,72.09708309173584,272,72.19892287254333,272,72.31344652175903,272,72.43274760246277,272,72.53164792060852,272,72.63117098808289,272,72.73135733604431,272,72.8318190574646,272,73.142662525177,272,73.23786306381226,272,73.33750915527344,272,73.43919682502747,272,73.54641604423523,272,73.66110920906067,272,73.75809955596924,272,73.85546731948853,272,73.96024298667908,272,74.28950786590576,272,74.39310431480408,272,74.49657702445984,272,74.59371876716614,272,74.69495868682861,272,74.80042815208435,272,74.89919853210449,272,75.0164098739624,272,75.13134145736694,272,75.23300051689148,272,75.33434677124023,272,75.43181657791138,272,75.52865433692932,272,75.62816977500916,272,75.72428512573242,272,75.81664729118347,272,75.91639184951782,272,76.00705170631409,272,76.11860680580139,272,76.22017168998718,272,76.31504130363464,272,76.4241054058075,272,76.52288460731506,272,76.62981724739075,272,76.72321152687073,272,76.82030177116394,272,76.91901659965515,272,77.01258158683777,272,77.12213325500488,272,77.22828030586243,272,77.33581948280334,272,77.43093514442444,272,77.58870029449463,272,77.70033740997314,272,77.808114528656,272,77.91119694709778,272,78.0055787563324,272,78.10171675682068,272,78.23582291603088,272,78.33833289146423,272,78.45060539245605,272,78.54878449440002,272,78.65403866767883,272,78.75770497322083,272,78.96601700782776,272,79.06530666351318,272,79.2563738822937,272,79.35660552978516,272,79.45128965377808,272,79.56121754646301,272,79.66265106201172,272,79.75963354110718,272,79.85690355300903,272,79.96189904212952,272,80.06260871887207,272,80.16427445411682,272,80.2634117603302,272,80.36362385749817,272,80.47345066070557,272,80.58734965324402,272,80.68500018119812,272,80.78188753128052,272,80.89036345481873,272,80.99513220787048,272,81.09405970573425,272,81.19311428070068,272,81.33066320419312,272,81.42616534233093,272,81.52906703948975,272,81.62258076667786,272,81.72157645225525,272,81.85940074920654,272,81.96297311782837,272,82.06297659873962,272,82.16015815734863,272,82.25617933273315,272,82.36439514160156,272,82.46433973312378,272,82.56229829788208,272,82.66475534439087,272,82.76632714271545,272,82.97931981086731,272,83.07666826248169,272,83.18759560585022,272,83.28102254867554,272,83.39018654823303,272,83.49638748168945,272,83.59558534622192,272,83.92456150054932,272,84.02021622657776,272,84.12687253952026,272,84.23750925064087,272,84.34141159057617,272,84.43752431869507,272,84.53427815437317,272,84.63673639297485,272,84.73968982696533,272,84.83422327041626,272,84.9337203502655,272,85.03126335144043,272,85.13747048377991,272,85.239417552948,272,85.3475832939148,272,85.44319272041321,272,85.56519198417664,272,85.66154909133911,272,85.75880193710327,272,85.8700008392334,272,85.96782326698303,272,86.08862400054932,272,86.18690752983093,272,86.29308843612671,272,86.39862084388733,272,86.50164318084717,272,86.6259217262268,272,86.73801326751709,272,86.83506274223328,272,86.9748706817627,272,87.07420015335083,272,87.3283486366272,272,87.43965911865234,272,87.54136323928833,272,87.64783120155334,272,87.75861239433289,272,87.86683940887451,272,87.97096347808838,272,88.06830835342407,272,88.16634726524353,272,88.28543400764465,272,88.38575839996338,272,88.49167108535767,272,88.5940580368042,272,88.70026350021362,272,88.80388045310974,272,88.90525388717651,272,89.00430059432983,272,89.11361742019653,272,89.20665454864502,272,89.31272172927856,272,89.41484069824219,272,89.51209497451782,272,89.62010431289673,272,89.71991562843323,272,89.83160662651062,272,89.9396185874939,272,90.03873705863953,272,90.14727115631104,272,90.26625299453735,272,90.36412835121155,272,90.46480584144592,272,90.56911373138428,272,90.67832350730896,272,90.77791428565979,272,90.87948751449585,272,90.98072552680969,272,91.09228992462158,272,91.19299149513245,272,91.29281640052795,272,91.39658093452454,272,91.50287008285522,272,91.59995079040527,272,91.69896459579468,272,91.79449462890625,272,91.90582752227783,272,92.00255703926086,272,92.09952974319458,272,92.19958567619324,272,92.30047702789307,272,92.39692664146423,272,92.49858164787292,272,92.60644721984863,272,92.71458339691162,272,92.81156897544861,272,92.91646599769592,272,93.03450584411621,272,93.13253617286682,272,93.23594236373901,272,93.34405159950256,272,93.4484236240387,272,93.58635330200195,272,93.68231773376465,272,93.78018808364868,272,93.89067244529724,272,94.01320600509644,272,94.11207485198975,272,94.21403408050537,272,94.3126654624939,272,94.4209713935852,272,94.52198100090027,272,94.61467599868774,272,94.70920181274414,272,94.81534504890442,272,94.92691040039062,272,95.02324032783508,272,95.12092471122742,272,95.2155454158783,272,95.31644868850708,272,95.411545753479,272,95.51573324203491,272,95.61599612236023,272,95.71857690811157,272,98.16912269592285,272,98.26504111289978,272,98.3727388381958,272,98.46557116508484,272,98.57483506202698,272,98.68838000297546,272,98.78064608573914,272,98.88669157028198,272,98.98922657966614,272,99.12453007698059,272,99.2320396900177,272,99.33073878288269,272,99.44806146621704,272,99.54893350601196,272,99.6654953956604,272,99.78375339508057,272,99.88572597503662,272,99.98444819450378,272,100.0822741985321,272,100.19977688789368,272,100.29130744934082,272,100.42029523849487,272,100.52435517311096,272,100.6856062412262,272,100.91533064842224,272,101.00951147079468,272,101.11303687095642,272,101.21484065055847,272,101.3164165019989,272,101.41524934768677,272,101.51192569732666,272,101.69909262657166,272,101.80432510375977,272,101.90622329711914,272,102.00684952735901,272,102.10476565361023,272,102.20701384544373,272,102.30229806900024,272,102.39934611320496,272,102.52756476402283,272,102.66491866111755,272,102.78312420845032,272,102.90263032913208,272,103.00199580192566,272,103.09914827346802,272,103.20454788208008,272,103.30318713188171,272,103.46379733085632,272,103.58100748062134,272,103.6771969795227,272,103.77368402481079,272,103.86966681480408,272,104.09411525726318,272,104.18873310089111,272,104.2865355014801,272,104.38621354103088,272,104.49037337303162,272,104.59440040588379,272,104.70136785507202,272,104.81053137779236,272,104.90693163871765,272,105.01518297195435,272,105.14926362037659,272,105.2562141418457,272,105.37501645088196,272,105.47188782691956,272,105.56774139404297,272,105.66313481330872,272,105.75877952575684,272,105.87950444221497,272,105.98446273803711,272,106.0833351612091,272,106.18664693832397,272,106.28182673454285,272,106.37537717819214,272,106.47200655937195,272,106.6041955947876,272,106.7044506072998,272,106.79897117614746,272,106.90103077888489,272,107.00414180755615,272,107.1048936843872,272,107.19858431816101,272,107.35244274139404,272,107.45817279815674,272,107.57821679115295,272,107.684091091156,272,107.78087258338928,272,107.88230180740356,272,107.98068475723267,272,108.08115077018738,272,108.1785945892334,272,108.27510452270508,272,108.37756180763245,272,108.46909213066101,272,108.57088112831116,272,108.67724800109863,272,108.77549815177917,272,108.8827953338623,272,108.9768455028534,272,109.06940531730652,272,109.19135665893555,272,109.30107498168945,272,109.40259623527527,272,109.50798344612122,272,109.60566544532776,272,109.70161032676697,272,109.79828524589539,272,109.89933395385742,272,110.01158952713013,272,110.121746301651,272,110.2278356552124,272,110.33227896690369,272,110.43812680244446,272,110.54432129859924,272,110.6484842300415,272,110.74376773834229,272,110.84822964668274,272,110.96821784973145,272,111.07220196723938,272,111.18129563331604,272,111.27640175819397,272,111.37183618545532,272,111.46896862983704,272,111.57586598396301,272,111.67432856559753,272,111.77173805236816,272,111.86833834648132,272,111.9743423461914,272,112.08417057991028,272,112.21998596191406,272,112.32310581207275,272,112.42536664009094,272,112.53090596199036,272,112.62481546401978,272,112.73468708992004,272,112.834388256073,272,112.92830300331116,272,113.04115223884583,272,113.14331388473511,272,113.24913263320923,272,113.34928011894226,272,113.45773696899414,272,113.55246114730835,272,113.64751148223877,272,113.75543427467346,272,113.8570921421051,272,113.966717004776,272,114.06351232528687,272,114.17043995857239,272,114.28010320663452,272,114.38951301574707,272,114.49049282073975,272,114.59566593170166,272,114.6911826133728,272,114.8042778968811,272,114.911936044693,272,115.02677154541016,272,115.1232590675354,272,115.22670316696167,272,115.3646981716156,272,115.47379326820374,272,115.57167601585388,272,115.6705858707428,272,115.76592540740967,272,115.88892126083374,272,115.98337411880493,272,116.07886362075806,272,116.19210767745972,272,116.2923355102539,272,116.39795112609863,272,116.50272369384766,272,116.60080194473267,272,116.69577836990356,272,116.80033493041992,272,116.89915609359741,272,117.0048930644989,272,117.09942126274109,272,117.19727540016174,272,117.29286003112793,272,117.38622450828552,272,117.53665733337402,272,117.64084053039551,272,117.74374127388,272,117.8473048210144,272,117.94961810112,272,118.05295133590698,272,118.16233134269714,272,118.26607060432434,272,118.3997859954834,272,118.50279641151428,272,118.60602974891663,272,118.71185159683228,272,118.80755591392517,272,118.90806984901428,272,118.99924850463867,272,119.09764504432678,272,119.20586824417114,272,119.32998514175415,272,119.43955540657043,272,119.5350136756897,272,119.62926650047302,272,119.72746014595032,272,119.82860112190247,272,119.9237973690033,272,120.02953386306763,272,120.13327884674072,272,120.22721242904663,272,120.34390687942505,272,120.44638776779175,272,120.54251098632812,272,120.6481819152832,272,120.74820303916931,272,120.84625959396362,272,120.94842529296875,272,121.04498195648193,272,121.14757633209229,272,121.25338554382324,272,121.35736131668091,272,121.4590470790863,272,121.5805196762085,272,121.68736124038696,272,121.78784012794495,272,121.88640928268433,272,122.01189374923706,272,122.11814403533936,272,122.22640490531921,272,122.35151839256287,272,122.44889211654663,272,122.5546133518219,272,122.65626335144043,272,122.75740361213684,272,122.85637402534485,272,122.95990443229675,272,123.07127046585083,272,123.17452836036682,272,123.28720927238464,272,123.40042090415955,272,123.50903987884521,272,123.60644745826721,272,123.7066261768341,272,123.79953813552856,272,123.90366268157959,272,124.00161242485046,272,124.09964227676392,272,124.22235989570618,272,124.31987261772156,272,124.42650651931763,272,124.52372884750366,272,124.62588620185852,272,124.73210191726685,272,124.83047604560852,272,124.93875122070312,272,125.06832456588745,272,125.16326594352722,272,125.26178669929504,272,125.36813497543335,272,125.46404075622559,272,125.55999398231506,272,125.66957759857178,272,125.76842164993286,272,125.8704047203064,272,126.02115750312805,272,126.11972403526306,272,126.2161135673523,272,126.32763862609863,272,126.42653560638428,272,126.52298426628113,272,126.66858100891113,272,126.77246809005737,272,126.88031125068665,272,126.98524045944214,272,127.09385132789612,272,127.1928939819336,272,127.33317065238953,272,127.42810273170471,272,127.5610568523407,272,127.65856456756592,272,127.76168155670166,272,127.86172342300415,272,127.96426677703857,272,128.06239318847656,272,128.1624195575714,272,128.26660084724426,272,128.37610125541687,272,128.48779582977295,272,128.59357070922852,272,128.86530208587646,272,128.95886898040771,272,129.05164217948914,272,129.1525161266327,272,129.26033639907837,272,129.36013007164001,272,129.45850706100464,272,129.5513334274292,272,129.67153692245483,272,129.77917098999023,272,129.87983417510986,272,129.99444007873535,272,130.08753323554993,272,130.19397854804993,272,130.29864692687988,272,130.39268803596497,272,130.5329885482788,272,130.6373131275177,272,130.73968863487244,272,130.8464641571045,272,130.94868206977844,272,131.0560121536255,272,131.1552755832672,272,131.2554576396942,272,131.35260820388794,272,131.4469850063324,272,131.5461220741272,272,131.66587162017822,272,131.7638828754425,272,131.85941576957703,272,131.9823215007782,272,132.08225846290588,272,132.18974041938782,272,132.28785109519958,272,132.43575835227966,272,132.5911180973053,272,132.68881821632385,272,132.7942271232605,272,132.90094304084778,272,132.99976444244385,272,133.10484194755554,272,133.20577144622803,272,133.31854557991028,272,133.42158126831055,272,133.52160668373108,272,133.6406955718994,272,133.73808336257935,272,133.83928537368774,272,133.93757319450378,272,134.0367774963379,272,134.15629696846008,272,134.26380610466003,272,134.36895298957825,272,134.47551131248474,272,134.58019924163818,272,134.67556929588318,272,134.78681993484497,272,134.88555240631104,272,134.98815202713013,272,135.12345576286316,272,135.226380109787,272,135.3245987892151,272,135.4221613407135,272,135.51759600639343,272,135.6177475452423,272,135.71327877044678,272,135.81913352012634,272,135.92541337013245,272,136.02422308921814,272,136.12386274337769,272,136.22331047058105,272,136.31926465034485,272,136.42300939559937,272,136.53163075447083,272,136.62486124038696,272,136.72409296035767,272,136.82081842422485,272,136.91892910003662,272,137.02005815505981,272,137.11820721626282,272,137.3111252784729,272,137.41600823402405,272,137.51370978355408,272,137.60989952087402,272,137.70806121826172,272,137.82649898529053,272,137.92366361618042,272,138.02315592765808,272,138.11878156661987,272,138.22027730941772,272,138.3865988254547,272,138.48669958114624,272,138.61232018470764,272,138.7251033782959,272,138.82741403579712,272,138.92339181900024,272,139.02096581459045,272,139.12453150749207,272,139.2174940109253,272,139.31863474845886,272,139.41461730003357,272,139.52581882476807,272,139.62702202796936,272,139.7303581237793,272,139.83657336235046,272,139.9302272796631,272,140.03560280799866,272,140.13072395324707,272,140.23980975151062,272,140.35070705413818,272,140.45029139518738,272,140.54644799232483,272,140.64874911308289,272,140.7498996257782,272,140.85405468940735,272,140.9516637325287,272,141.06175994873047,272,141.1578347682953,272,141.26777386665344,272,141.36744260787964,272,141.47715520858765,272,141.5766704082489,272,141.68835306167603,272,141.79108905792236,272,141.88734030723572,272,141.98892283439636,272,142.10060739517212,272,142.19941759109497,272,142.3016619682312,272,142.40667605400085,272,142.52670621871948,272,142.63562655448914,272,142.73686242103577,272,142.84451627731323,272,142.94270992279053,272,143.04078030586243,272,143.13666415214539,272,143.24305772781372,272,143.3562295436859,272,143.45845651626587,272,143.56171536445618,272,143.65913343429565,272,143.7605426311493,272,143.8775749206543,272,143.9738268852234,272,144.08413314819336,272,144.19948959350586,272,144.29919934272766,272,144.3972589969635,272,144.49601936340332,272,144.5915470123291,272,144.68642616271973,272,144.7920286655426,272,144.89128756523132,272,145.0022029876709,272,145.1052975654602,272,145.21431136131287,272,145.31599283218384,272,145.43731331825256,272,145.53570008277893,272,145.64836812019348,272,145.76363444328308,272,145.86809253692627,272,145.96274781227112,272,146.0594253540039,272,146.16531682014465,272,146.28107905387878,272,146.3736343383789,272,146.46881222724915,272,146.57087087631226,272,146.67061591148376,272,146.7767848968506,272,146.99509572982788,272,147.09401845932007,272,147.19738578796387,272,147.29188132286072,272,147.40411615371704,272,147.51103734970093,272,147.61141681671143,272,147.72172784805298,272,147.82838797569275,272,147.9402084350586,272,148.03605031967163,272,148.14255166053772,272,148.24427485466003,272,148.34059834480286,272,148.44119262695312,272,148.53901410102844,272,148.63637018203735,272,148.7357747554779,272,148.83409070968628,272,148.9410138130188,272,149.04137897491455,272,149.14898920059204,272,149.2445502281189,272,149.35294938087463,272,149.45047974586487,272,149.5615940093994,272,149.6726152896881,272,149.76864051818848,272,149.88044667243958,272,149.97597527503967,272,150.07175302505493,272,150.16823291778564,272,150.2680675983429,272,150.36850214004517,272,150.46366453170776,272,150.56457114219666,272,150.67454266548157,272,150.7790548801422,272,150.87727785110474,272,150.98098707199097,272,151.07913899421692,272,151.18632864952087,272,151.28272938728333,272,151.38779377937317,272,151.49105858802795,272,151.59218192100525,272,151.6902413368225,272,151.78769087791443,272,151.88249564170837,272,151.97550678253174,272,152.09852480888367,272,152.20350241661072,272,152.30245351791382,272,152.39675760269165,272,152.50840997695923,272,152.60706090927124,272,152.69966459274292,272,152.7990665435791,272,152.89884328842163,272,152.99717164039612,272,153.09462547302246,272,153.19889521598816,272,153.2994236946106,272,153.4526150226593,272,153.54794716835022,272,153.64706015586853,272,153.7424488067627,272,153.84079337120056,272,153.9344198703766,272,154.03714799880981,272,154.1452510356903,272,154.2541389465332,272,154.35274815559387,272,154.4496431350708,272,154.55507636070251,272,154.7100772857666,272,154.80720353126526,272,154.9142713546753,272,155.01291942596436,272,155.10650491714478,272,155.27026987075806,272,155.36139726638794,272,155.4557147026062,272,155.55425691604614,272,155.66268181800842,272,155.76342368125916,272,155.86431908607483,272,155.96076154708862,272,156.06099915504456,272,156.15662002563477,272,156.25596261024475,272,156.3519425392151,272,156.44551467895508,272,156.5519254207611,272,156.65436100959778,272,156.75298953056335,272,156.86592960357666,272,156.9634232521057,272,157.0593900680542,272,157.1563470363617,272,157.2558400630951,272,157.35385179519653,272,157.45256853103638,272,157.56217241287231,272,157.66218042373657,272,157.76243662834167,272,157.8576385974884,272,157.96972703933716,272,158.06710410118103,272,158.1617510318756,272,158.25754380226135,272,158.3769838809967,272,158.47186040878296,272,158.56945991516113,272,158.66592288017273,272,158.76253485679626,272,158.86482954025269,272,158.96474981307983,272,159.06325387954712,272,159.1638946533203,272,159.258159160614,272,159.35333228111267,272,159.45320796966553,272,159.54770946502686,272,159.64181447029114,272,159.73649168014526,272,159.8333179950714,272,159.98088335990906,272,160.07473707199097,272,160.17527890205383,272,160.2760968208313,272,160.37672662734985,272,160.48983240127563,272,160.59620666503906,272,160.71825790405273,272,160.81572890281677,272,160.90865182876587,272,161.00275111198425,272,161.10276913642883,272,161.20121550559998,272,161.30379033088684,272,161.40487122535706,272,161.51938796043396,272,161.62749361991882,272,161.72909355163574,272,161.82681035995483,272,161.926429271698,272,162.02470564842224,272,162.1304395198822,272,162.23087620735168,272,162.34703612327576,272,162.45323753356934,272,162.54854822158813,272,162.64396905899048,272,162.74108791351318,272,162.86843848228455,272,162.9840440750122,272,163.08168935775757,272,163.18878507614136,272,163.2905571460724,272,163.55471348762512,272,163.65336418151855,272,163.75690531730652,272,163.87305641174316,272,163.9825839996338,272,164.07726311683655,272,164.16963982582092,272,164.5548222064972,272,164.6520745754242,272,164.74977779388428,272,164.85202646255493,272,164.97705149650574,272,165.07575464248657,272,165.17261695861816,272,165.27491569519043,272,165.37026929855347,272,165.47498559951782,272,165.58846592903137,272,165.71661353111267,272,165.8147313594818,272,165.92888021469116,272,166.04082417488098,272,166.14872694015503,272,166.24412655830383,272,166.35357666015625,272,166.46045470237732,272,166.5654902458191,272,166.69268107414246,272,166.78871941566467,272,166.90365743637085,272,167.00533246994019,272,167.10563135147095,272,167.20344305038452,272,167.30602502822876,272,167.4043357372284,272,167.49824929237366,272,167.59483981132507,272,167.70449948310852,272,167.80736827850342,272,167.9217300415039,272,168.02197527885437,272,168.12599444389343,272,168.230854511261,272,168.33483266830444,272,168.43620586395264,272,168.5363790988922,272,168.66854548454285,272,168.77262330055237,272,168.8728907108307,272,169.02940917015076,272,169.1384973526001,272,169.2380952835083,272,169.33412623405457,272,169.4292917251587,272,169.53380846977234,272,169.67833423614502,272,169.776540517807,272,169.87855625152588,272,169.97326946258545,272,170.14327120780945,272,170.24427556991577,272,170.3624827861786,272,170.46775889396667,272,170.5742268562317,272,170.67504811286926,272,170.77379035949707,272,170.8771948814392,272,171.15245580673218,272,171.25846672058105,272,171.35643982887268,272,171.4754455089569,272,171.57049989700317,272,171.66769886016846,272,171.76414442062378,272,171.8734588623047,272,172.17925357818604,272,172.27872467041016,272,172.38105607032776,272,172.4754340648651,272,172.57843470573425,272,172.6741635799408,272,172.78395104408264,272,172.89349842071533,272,173.00191020965576,272,173.0993127822876,272,173.19751691818237,272,173.3048026561737,272,173.40635442733765,272,173.51515746116638,272,173.60840821266174,272,173.71089506149292,272,173.81099390983582,272,173.9308795928955,272,174.03163957595825,272,174.14423251152039,272,174.23959493637085,272,174.33744287490845,272,174.4329924583435,272,174.5362868309021,272,174.64773726463318,272,174.76872396469116,272,174.86578726768494,272,174.98173713684082,272,175.07519555091858,272,175.17848324775696,272,175.2722945213318,272,175.38049793243408,272,175.4747018814087,272,175.57568359375,272,175.6836974620819,272,175.7825050354004,272,175.88170337677002,272,175.9848825931549,272,176.08260250091553,272,176.18563151359558,272,176.28119778633118,272,176.40326380729675,272,176.51648879051208,272,176.62343311309814,272,176.72309708595276,272,176.8218035697937,272,176.9174611568451,272,177.019864320755,272,177.12335872650146,272,177.21848058700562,272,177.3175323009491,272,177.4341950416565,272,177.53828382492065,272,177.78379487991333,272,177.88349390029907,272,177.98361372947693,272,178.09003853797913,272,178.19123148918152,272,178.29457092285156,272,178.39791297912598,272,178.52613234519958,272,178.63583898544312,272,178.7425274848938,272,178.85059118270874,272,178.9501130580902,272,179.06357598304749,272,179.17208576202393,272,179.26516675949097,272,179.37109804153442,272,179.4726219177246,272,179.57263040542603,272,179.68078517913818,272,179.7820270061493,272,179.8765947818756,272,179.98099040985107,272,180.07692289352417,272,180.17194747924805,272,180.2754888534546,272,180.38026881217957,272,180.48377180099487,272,180.61642456054688,272,180.73729801177979,272,180.8364839553833,272,180.93581891059875,272,181.0927038192749,272,181.19923067092896,272,181.29606175422668,272,181.39373803138733,272,181.49282336235046,272,181.59133625030518,272,181.71376371383667,272,181.80772256851196,272,181.91458821296692,272,182.0124228000641,272,182.12137269973755,272,182.21881079673767,272,182.32590317726135,272,182.4227373600006,272,182.53310632705688,272,182.6387984752655,272,182.7393171787262,272,182.85013699531555,272,182.9647970199585,272,183.09272694587708,272,183.2028682231903,272,183.34168672561646,272,183.44185590744019,272,183.55035781860352,272,183.6490330696106,272,183.7475287914276,272,183.89823150634766,272,184.01653337478638,272,184.11876773834229,272,184.21645045280457,272,184.3281364440918,272,184.43257594108582,272,184.54744052886963,272,184.65342831611633,272,184.7520351409912,272,184.8585193157196,272,184.96976852416992,272,185.06991529464722,272,185.17609763145447,272,185.27742195129395,272,185.38172149658203,272,185.4879024028778,272,185.59524750709534,272,185.69836807250977,272,185.79241299629211,272,185.8906602859497,272,185.99506163597107,272,186.08861780166626,272,186.19749402999878,272,186.2929368019104,272,186.39087533950806,272,186.49081683158875,272,186.59924244880676,272,186.69699335098267,272,186.81588315963745,272,186.91307878494263,272,187.01571488380432,272,187.10826420783997,272,187.21882009506226,272,187.3432960510254,272,187.45602869987488,272,187.56183791160583,272,187.6761598587036,272,187.77834296226501,272,187.89147281646729,272,187.9885287284851,272,188.08657240867615,272,188.221027135849,272,188.33543825149536,272,188.43624305725098,272,188.53691387176514,272,188.6414475440979,272,188.74499654769897,272,188.85412979125977,272,188.95547223091125,272,189.06343817710876,272,189.17290616035461,272,189.3298044204712,272,189.44068312644958,272,189.53627610206604,272,189.64241671562195,272,189.7427213191986,272,189.83946633338928,272,189.9349009990692,272,190.02932214736938,272,190.13120698928833,272,190.23234844207764,272,190.33619332313538,272,190.45272612571716,272,190.55468130111694,272,190.65122032165527,272,190.76124453544617,272,190.88153386116028,272,190.9751877784729,272,191.08362746238708,272,191.17635822296143,272,191.2875304222107,272,191.4054298400879,272,191.50504732131958,272,191.60248494148254,272,191.71286845207214,272,191.80917620658875,272,191.90349912643433,272,191.99808073043823,272,192.11291885375977,272,192.2097132205963,272,192.30825924873352,272,192.4025194644928,272,192.6700313091278,272,192.7698459625244,272,192.87824964523315,272,193.05649638175964,272,193.15934419631958,272,193.2651903629303,272,193.37489652633667,272,193.47410368919373,272,193.57198452949524,272,193.6939332485199,272,193.79689836502075,272,193.92607855796814,272,194.04011416435242,272,194.1363217830658,272,194.24027156829834,272,194.34188437461853,272,194.44287991523743,272,194.54822850227356,272,194.6450695991516,272,194.74461436271667,272,194.87768483161926,272,195.0590944290161,272,195.15544843673706,272,195.2704999446869,272,195.3731141090393,272,195.4788520336151,272,195.57334518432617,272,195.67798900604248,272,195.77451419830322,272,195.88451552391052,272,195.9860291481018,272,196.08057594299316,272,196.1812391281128,272,196.27467703819275,272,196.38914513587952,272,196.50691986083984,272,196.6198606491089,272,196.7281186580658,272,196.8285768032074,272,196.92679738998413,272,197.02835202217102,272,197.1273114681244,272,197.22122049331665,272,197.31856489181519,272,197.41806054115295,272,197.51641464233398,272,197.60850954055786,272,197.71846842765808,272,197.8138768672943,272,197.92301964759827,272,198.0207815170288,272,198.12821888923645,272,198.22747778892517,272,198.33293294906616,272,198.44420957565308,272,198.54416847229004,272,198.64924430847168,272,198.75819087028503,272,198.85932445526123,272,198.97154688835144,272,199.07671546936035,272,199.19439697265625,272,199.30039262771606,272,199.40438079833984,272,199.5050060749054,272,199.6082944869995,272,199.70442867279053,272,199.80510449409485,272,199.9053511619568,272,199.9990885257721,272,200.10436129570007,272,200.2185161113739,272,200.32378149032593,272,200.41916632652283,272,203.7960832118988,272,203.89363050460815,272,203.99409699440002,272,204.09232306480408,272,204.20562076568604,272,204.3113148212433,272,204.41029620170593,272,204.53225445747375,272,204.63186502456665,272,204.7356822490692,272,204.84686088562012,272,205.16514825820923,272,205.26412272453308,272,205.36537075042725,272,205.47726774215698,272,205.58966827392578,272,205.70664286613464,272,205.8002541065216,272,205.9060196876526,272,206.05021834373474,272,206.14480900764465,272,206.2442569732666,272,206.34947276115417,272,206.4481554031372,272,206.56667637825012,272,206.665598154068,272,206.76667284965515,272,206.86258482933044,272,206.96448254585266,272,207.06063437461853,272,207.16281580924988,272,207.26326894760132,272,207.36009788513184,272,207.45932841300964,272,207.56038546562195,272,207.65683484077454,272,207.7568552494049,272,207.85794806480408,272,207.96036314964294,272,208.0567283630371,272,208.18042731285095,272,208.28925275802612,272,208.39948225021362,272,208.49420309066772,272,208.5998203754425,272,208.69642066955566,272,208.79940485954285,272,208.92447209358215,272,209.02936005592346,272,209.13531613349915,272,209.2412233352661,272,209.3516435623169,272,209.4629693031311,272,209.56323051452637,272,209.66423058509827,272,209.7584183216095,272,209.85402703285217,272,209.95136904716492,272,210.05058598518372,272,210.1493592262268,272,210.2507824897766,272,210.35115814208984,272,210.45459413528442,272,210.55380177497864,272,210.65647649765015,272,210.7708888053894,272,210.86948132514954,272,210.9659867286682,272,211.0635688304901,272,211.16109347343445,272,211.2632520198822,272,211.39164757728577,272,211.48934984207153,272,211.60333490371704,272,211.7159686088562,272,211.81023168563843,272,211.91214895248413,272,212.02005457878113,272,212.12552309036255,272,212.22507548332214,272,212.3191740512848,272,212.4174690246582,272,212.51659965515137,272,212.62545704841614,272,212.7460572719574,272,212.8478879928589,272,212.96105647087097,272,213.05707550048828,272,213.18182802200317,272,213.28260946273804,272,213.38337397575378,272,213.47860884666443,272,213.57389855384827,272,213.66650223731995,272,213.7596344947815,272,213.85433101654053,272,213.96250104904175,272,214.06136846542358,272,214.1565113067627,272,214.2551612854004,272,214.35502576828003,272,214.45852279663086,272,214.56628012657166,272,214.6727259159088,272,214.8354036808014,272,214.92994832992554,272,215.02735948562622,272,215.13267016410828,272,215.23059678077698,272,215.33378267288208,272,215.4397838115692,272,215.5330455303192,272,215.63198351860046,272,215.7425446510315,272,215.83768343925476,272,215.94799041748047,272,216.05886936187744,272,216.28046584129333,272,216.38954615592957,272,216.4862413406372,272,216.59576725959778,272,216.69627928733826,272,216.81158256530762,272,216.9122393131256,272,217.0108358860016,272,217.10326647758484,272,217.2066831588745,272,217.325843334198,272,217.41890144348145,272,217.51415371894836,272,217.61964678764343,272,217.92131853103638,272,218.0255525112152,272,218.12878322601318,272,218.23434853553772,272,218.34018516540527,272,218.43743991851807,272,218.5422487258911,272,218.64269733428955,272,218.7413125038147,272,218.83983659744263,272,218.9428527355194,272,219.16883373260498,272,219.27846693992615,272,219.37033414840698,272,219.47180652618408,272,219.5672640800476,272,219.6745309829712,272,219.82397866249084,272,219.92960715293884,272,220.08573365211487,272,220.17828583717346,272,220.2737672328949,272,220.37753891944885,272,220.476815700531,272,220.57877707481384,272,220.6784815788269,272,220.77605533599854,272,220.87222170829773,272,220.9768030643463,272,221.0791676044464,272,221.1815631389618,272,221.27857375144958,272,221.38336610794067,272,221.48985862731934,272,221.5867898464203,272,221.68135380744934,272,221.78036999702454,272,221.87391066551208,272,221.96601605415344,272,222.10585284233093,272,222.20060896873474,272,222.29809141159058,272,222.40707802772522,272,222.50684070587158,272,222.61299586296082,272,222.71125173568726,272,222.81481862068176,272,222.91253519058228,272,223.01338911056519,272,223.38235187530518,272,223.50435280799866,272,223.61133933067322,272,223.7507200241089,272,223.86111998558044,272,223.95705914497375,272,224.06073570251465,272,224.15349125862122,272,224.25101399421692,272,224.3526587486267,272,224.45554733276367,272,224.55113101005554,272,224.64399099349976,272,224.7843315601349,272,224.89383363723755,272,224.99624228477478,272,225.09473776817322,272,225.2043833732605,272,225.31073451042175,272,225.41196298599243,272,225.50962901115417,272,225.60776901245117,272,225.7126796245575,272,225.81548762321472,272,225.9192852973938,272,226.01233983039856,272,226.12652850151062,272,226.2241268157959,272,226.32847094535828,272,226.42986869812012,272,226.536518573761,272,226.6367301940918,272,226.86368036270142,272,226.96324706077576,272,227.06161522865295,272,227.16958355903625,272,227.2710108757019,272,227.36565566062927,272,227.4669647216797,272,227.56163716316223,272,227.65863847732544,272,227.75419163703918,272,228.07236194610596,272,228.18614196777344,272,228.29185724258423,272,228.40103840827942,272,228.49917674064636,272,228.60110521316528,272,228.8421814441681,272,228.94728136062622,272,229.05096745491028,272,229.14620995521545,272,229.43765878677368,272,229.5471122264862,272,229.65703320503235,272,229.76037096977234,272,229.85873246192932,272,229.97779941558838,272,230.08280539512634,272,230.19472336769104,272,230.29993653297424,272,230.4132218360901,272,230.5117027759552,272,230.60875391960144,272,230.70897245407104,272,230.80294680595398,272,230.8974895477295,272,231.0395007133484,272,231.13662028312683,272,231.23929691314697,272,231.33948349952698,272,231.4434404373169,272,231.55780363082886,272,231.6540493965149,272,231.76451992988586,272,231.86639547348022,272,231.96179366111755,272,232.07507920265198,272,232.17144632339478,272,232.27476572990417,272,232.37354230880737,272,232.47380661964417,272,232.58629941940308,272,232.68532729148865,272,232.78166794776917,272,232.90974712371826,272,233.01221442222595,272,233.11339616775513,272,233.23329138755798,272,233.33848452568054,272,233.44272136688232,272,233.54936385154724,272,233.6465413570404,272,233.7409327030182,272,233.8361954689026,272,233.97133708000183,272,234.0796401500702,272,234.18079829216003,272,234.27631902694702,272,234.3809096813202,272,234.480952501297,272,234.58291935920715,272,234.68577194213867,272,234.89343523979187,272,234.9942045211792,272,235.090656042099,272,235.1965630054474,272,235.29754781723022,272,235.39335322380066,272,235.4939889907837,272,235.61037921905518,272,235.70776772499084,272,235.81111788749695,272,235.9148919582367,272,236.0204951763153,272,236.12710213661194,272,236.2255892753601,272,236.32170462608337,272,236.42812180519104,272,236.5314073562622,272,236.63239359855652,272,236.73867297172546,272,236.84260368347168,272,236.93835353851318,272,237.04116368293762,272,237.1356863975525,272,237.22894263267517,272,237.32465076446533,272,237.42246890068054,272,237.52114582061768,272,237.61842679977417,272,237.71367764472961,272,237.81566190719604,272,237.92850852012634,272,238.02802562713623,272,238.14354944229126,272,238.24682068824768,272,238.34966588020325,272,238.44655537605286,272,238.55166387557983,272,238.6514286994934,272,238.75008368492126,272,238.84902548789978,272,238.94580149650574,272,239.04474520683289,272,239.14713287353516,272,239.29324173927307,272,239.38908433914185,272,239.5019838809967,272,239.59437203407288,272,239.69785284996033,272,239.7945737838745,272,239.89223527908325,272,240.0048475265503,272,240.09876465797424,272,240.1924169063568,272,240.29710125923157,272,240.39419960975647,272,240.49394726753235,272,240.6475727558136,272,240.76214933395386,272,240.86825346946716,272,241.0206639766693,272,241.11657643318176,272,241.22409915924072,272,241.31649136543274,272,241.42537784576416,272,241.5260889530182,272,241.6200830936432,272,241.72331309318542,272,241.8226113319397,272,241.93189334869385,272,242.03268766403198,272,242.12840366363525,272,242.23660707473755,272,242.3435697555542,272,242.44239807128906,272,242.53960728645325,272,242.63684344291687,272,242.74529695510864,272,242.85251927375793,272,242.9609339237213,272,243.06692504882812,272,243.1654806137085,272,243.31186366081238,272,243.42080116271973,272,243.5151891708374,272,243.61054754257202,272,243.7096402645111,272,243.84146332740784,272,243.9373390674591,272,244.03495144844055,272,244.14831686019897,272,244.24753284454346,272,244.35008096694946,272,244.48268914222717,272,244.58022475242615,272,244.67645025253296,272,244.77448630332947,272,244.87692141532898,272,244.97943997383118,272,245.0971622467041,272,245.20222234725952,272,245.31535267829895,272,245.4100697040558,272,245.51392698287964,272,245.61081171035767,272,245.70511507987976,272,245.80047512054443,272,245.89779210090637,272,245.99493861198425,272,246.08736371994019,272,246.1896047592163,272,246.2854290008545,272,246.38350224494934,272,246.4844114780426,272,246.5771827697754,272,246.6840898990631,272,246.79130125045776,272,246.89253902435303,272,246.99071097373962,272,247.0928020477295,272,247.19557571411133,272,247.51792120933533,272,247.6333029270172,272,247.73446917533875,272,247.83603978157043,272,247.96418023109436,272,248.05985236167908,272,248.15293908119202,272,248.25416016578674,272,248.3622498512268,272,248.46128702163696,272,248.56093955039978,272,248.66380214691162,272,248.7680902481079,272,248.8726303577423,272,248.97356748580933,272,249.07002663612366,272,249.17707324028015,272,249.27619767189026,272,249.38267636299133,272,249.48305940628052,272,249.58817052841187,272,249.6816692352295,272,249.80559968948364,272,249.89701795578003,272,250.00432062149048,272,250.10332036018372,272,250.1999363899231,272,250.29509282112122,272,250.4329092502594,272,250.5368845462799,272,250.63897323608398,272,250.74308848381042,272,250.84311866760254,272,250.94590425491333,272,251.04817366600037,272,251.15134239196777,272,251.2474343776703,272,251.34371066093445,272,251.4382529258728,272,251.54376864433289,272,251.64610195159912,272,251.7434070110321,272,251.83718991279602,272,251.9323332309723,272,252.0334644317627,272,252.14448881149292,272,252.26972818374634,272,252.37994623184204,272,252.47591161727905,272,252.57615637779236,272,252.68236184120178,272,252.80285501480103,272,252.9082305431366,272,253.18780303001404,272,253.28966736793518,272,253.39623260498047,272,253.50384616851807,272,253.60521531105042,272,253.70362663269043,272,253.85540914535522,272,253.95426869392395,272,254.052574634552,272,254.16049790382385,272,254.25736284255981,272,254.35667204856873,272,254.45275902748108,272,254.55033135414124,272,254.65789580345154,272,254.75962662696838,272,254.87753915786743,272,254.97442626953125,272,255.0718080997467,272,255.16697001457214,272,255.275390625,272,255.3717920780182,272,255.48038959503174,272,255.57806825637817,272,255.68268942832947,272,255.7825186252594,272,255.8998475074768,272,256.0031886100769,272,256.1006360054016,272,256.2486720085144,272,256.35112500190735,272,256.455118894577,272,256.5685522556305,272,256.66761779785156,272,256.8752360343933,272,256.97465348243713,272,257.07674765586853,272,257.17336678504944,272,257.27480721473694,272,257.37879514694214,272,257.4793381690979,272,257.59153962135315,272,257.7061097621918,272,257.80472135543823,272,257.9018473625183,272,257.9989712238312,272,258.1034779548645,272,258.19938802719116,272,258.29721879959106,272,258.39660930633545,272,258.49244689941406,272,258.59020614624023,272,258.6987519264221,272,258.80148792266846,272,258.89927554130554,272,259.0248076915741,272,259.11878657341003,272,259.22987508773804,272,259.3932647705078,272,259.5002508163452,272,259.65225100517273,272,259.74919509887695,272,259.8511919975281,272,259.9553110599518,272,260.05392622947693,272,260.15839886665344,272,260.25418758392334,272,260.3542311191559,272,260.45086789131165,272,260.550927400589,272,260.65989232063293,272,260.7664108276367,272,260.8767669200897,272,260.97227454185486,272,261.07135486602783,272,261.1704566478729,272,261.26936769485474,272,261.36968898773193,272,261.468665599823,272,261.5721797943115,272,261.67208790779114,272,261.7742426395416,272,261.8816168308258,272,261.98318696022034,272,262.09250950813293,272,262.2081983089447,272,262.30480313301086,272,262.4023382663727,272,262.5040965080261,272,262.5997269153595,272,262.6957323551178,272,262.7927258014679,272,262.888906955719,272,262.9963493347168,272,263.0998718738556,272,263.2067096233368,272,263.30459570884705,272,263.46357011795044,272,263.56828784942627,272,263.6692473888397,272,263.775315284729,272,263.8790440559387,272,263.98168110847473,272,264.08786702156067,272,264.1854979991913,272,264.2889630794525,272,264.3952136039734,272,264.49524116516113,272,264.5987915992737,272,264.6989793777466,272,264.79491782188416,272,264.88957834243774,272,264.98668098449707,272,265.0960056781769,272,265.19419836997986,272,265.3666386604309,272,265.4678764343262,272,265.5683665275574,272,265.66149735450745,272,265.767404794693,272,265.86469650268555,272,265.9620337486267,272,266.05900740623474,272,266.157133102417,272,266.25988268852234,272,266.36149621009827,272,266.4873688220978,272,266.5911419391632,272,266.6953332424164,272,266.79397773742676,272,266.89788603782654,272,266.996488571167,272,267.1046643257141,272,267.2016203403473,272,267.2994432449341,272,267.50610756874084,272,267.59967041015625,272,267.7154710292816,272,267.8209855556488,272,267.9341926574707,272,268.16088104248047,272,268.2664773464203,272,268.3622360229492,272,268.4595024585724,272,268.55537390708923,272,268.64790058135986,272,268.74608993530273,272,268.8560628890991,272,268.96356868743896,272,269.0599684715271,272,269.1853039264679,272,269.302396774292,272,269.4176800251007,272,269.52277302742004,272,269.6273310184479,272,269.74549412727356,272,269.8432865142822,272,269.95926427841187,272,270.05686593055725,272,270.15268325805664,272,270.2492096424103,272,270.3560035228729,272,270.4615161418915,272,270.59584164619446,272,270.7088601589203,272,270.80912733078003,272,270.91789197921753,272,271.0254318714142,272,271.13537669181824,272,271.22954392433167,272,271.320787191391,272,271.41673946380615,272,271.51886200904846,272,271.6174428462982,272,271.7235314846039,272,271.8284673690796,272,271.93653750419617,272,272.0367841720581,272,272.1360013484955,272,272.2395887374878,272,272.34128618240356,272,272.54801869392395,272,272.6392641067505,272,272.75040912628174,272,272.8465578556061,272,272.9420735836029,272,273.046511888504,272,273.17799377441406,272,273.2887017726898,272,273.3954801559448,272,273.5041184425354,272,273.61191487312317,272,273.72029399871826,272,273.8166399002075,272,273.9180951118469,272,274.02084970474243,272,274.12887239456177,272,274.22415041923523,272,274.31889843940735,272,274.412944316864,272,274.51029419898987,272,274.62048411369324,272,274.73186206817627,272,274.82853507995605,272,274.9254746437073,272,275.02037239074707,272,275.11985659599304,272,275.22987842559814,272,275.3780698776245,272,275.47366094589233,272,275.70662808418274,272,275.8015115261078,272,275.9079735279083,272,276.0578429698944,272,276.19006752967834,272,276.286740064621,272,276.3822994232178,272,276.4796802997589,272,276.5874915122986,272,276.6899938583374,272,276.78385186195374,272,276.8815426826477,272,276.9797430038452,272,277.0752704143524,272,277.18404054641724,272,277.2922041416168,272,277.38994669914246,272,277.48685669898987,272,277.5972285270691,272,277.698383808136,272,277.79492831230164,272,277.91483187675476,272,278.01703357696533,272,278.1225674152374,272,278.2187044620514,272,278.3109200000763,272,278.40319442749023,272,278.4974431991577,272,278.5996072292328,272,278.7037465572357,272,278.8130178451538,272,278.9120512008667,272,279.0033345222473,272,279.10837483406067,272,279.20590353012085,272,279.30512142181396,272,279.41297721862793,272,279.5089943408966,272,279.6149935722351,272,279.7205984592438,272,279.82497119903564,272,279.93974566459656,272,280.0515604019165,272,280.1472556591034,272,280.24659061431885,272,280.34556126594543,272,280.4409942626953,272,280.5375738143921,272,280.69157433509827,272,280.79836988449097,272,280.90074849128723,272,281.00421619415283,272,281.10478496551514,272,281.1975462436676,272,281.2948896884918,272,281.39328694343567,272,281.49220299720764,272,281.59055352211,272,281.6878800392151,272,281.79291343688965,272,281.90418553352356,272,282.0066180229187,272,282.09774827957153,272,282.19989252090454,272,282.2991864681244,272,282.5374472141266,272,282.64573192596436,272,282.7471263408661,272,282.8523166179657,272,282.97330236434937,272,283.0716829299927,272,283.16623544692993,272,283.2682194709778,272,283.3618206977844,272,283.4580554962158,272,283.55570888519287,272,283.65155816078186,272,283.74872875213623,272,283.85905742645264,272,283.98149943351746,272,284.08794045448303,272,284.19159722328186,272,284.2968921661377,272,284.40137457847595,272,284.49481177330017,272,284.59161710739136,272,284.6905267238617,272,284.8053991794586,272,284.9116747379303,272,285.0078172683716,272,285.10237884521484,272,285.1942021846771,272,285.2905819416046,272,285.3853950500488,272,285.4864332675934,272,285.58676171302795,272,285.6911630630493,272,285.88186049461365,272,285.9843490123749,272,286.1093213558197,272,286.20149970054626,272,286.2916524410248,272,286.3949387073517,272,286.49977016448975,272,286.5944836139679,272,286.7110562324524,272,286.8121919631958,272,286.92546701431274,272,287.058712720871,272,287.16039657592773,272,287.25685000419617,272,287.4332456588745,272,287.5313446521759,272,287.63581109046936,272,287.74113368988037,272,287.8406207561493,272,287.9400541782379,272,288.055979013443,272,288.1490068435669,272,288.25067138671875,272,288.3507571220398,272,288.44568824768066,272,288.5602650642395,272,288.65451407432556,272,288.7507498264313,272,288.8581871986389,272,288.9562921524048,272,289.06399750709534,272,289.16471099853516,272,289.2629816532135,272,289.3788537979126,272,289.4858627319336,272,289.5801908969879,272,289.68564915657043,272,289.78347516059875,272,289.87857460975647,272,289.97985100746155,272,290.0789692401886,272,290.1741545200348,272,290.2681612968445,272,290.36874437332153,272,290.4716670513153,272,290.56985354423523,272,290.6745352745056,272,290.76913142204285,272,290.89393496513367,272,291.00723338127136,272,291.11007595062256,272,291.2084619998932,272,291.30188179016113,272,291.39872002601624,272,291.50229954719543,272,291.6048164367676,272,291.73051166534424,272,291.83559584617615,272,291.9765682220459,272,292.0748462677002,272,292.175500869751,272,292.2764823436737,272,292.3730249404907,272,292.4756977558136,272,292.58250403404236,272,292.6792674064636,272,292.7759063243866,272,292.8726329803467,272,292.97373270988464,272,293.0732753276825,272,293.1752665042877,272,293.2723231315613,272,293.369660615921,272,293.47020864486694,272,293.5809853076935,272,293.677490234375,272,293.7726695537567,272,293.87098145484924,272,293.9833927154541,272,294.0855960845947,272,294.1885597705841,272,294.288378238678,272,294.384646654129,272,294.48843908309937,272,294.58370208740234,272,294.69350481033325,272,294.78983759880066,272,294.88588523864746,272,294.9830553531647,272,295.0794200897217,272,295.1776134967804,272,295.3212206363678,272,295.42364048957825,272,295.5236134529114,272,295.63537669181824,272,295.75171518325806,272,295.8577618598938,272,295.9605231285095,272,296.0888662338257,272,296.19374108314514,272,296.3366241455078,272,296.4373071193695,272,296.53232288360596,272,296.6305170059204,272,296.7549958229065,272,296.8729124069214,272,296.973281621933,272,297.07279443740845,272,297.1783525943756,272,297.2812900543213,272,297.3867189884186,272,297.4792048931122,272,297.5942323207855,272,297.6893367767334,272,297.7900764942169,272,297.88924288749695,272,297.9863090515137,272,298.0932652950287,272,298.19356179237366,272,298.294930934906,272,298.38943314552307,272,298.4823443889618,272,298.5812187194824,272,298.6935443878174,272,298.79163455963135,272,298.888356924057,272,298.9880402088165,272,299.08732438087463,272,299.196311712265,272,299.29589915275574,272,299.3952639102936,272,299.4990711212158,272,299.5957889556885,272,299.69295144081116,272,299.8015720844269,272,299.9000701904297,272,300.0021436214447,272,300.0473611354828
3,random graphs/triangle/r1.5k18n12/graph3.lgbin,1813,195.60999965667725,256,616,0,537,0.19195151329040527,481,0.4731404781341553,456,0.5841906070709229,434,0.7339622974395752,407,0.9839189052581787,399,1.1296775341033936,388,1.2611749172210693,378,1.3657677173614502,356,1.4947090148925781,352,1.6273326873779297,348,1.7599413394927979,346,1.8836617469787598,342,2.017425537109375,341,2.1526412963867188,317,2.2828145027160645,317,2.3862738609313965,311,2.520421266555786,306,2.922805070877075,303,3.1675591468811035,303,3.4033303260803223,303,3.5112171173095703,303,3.6243457794189453,303,3.741122007369995,302,3.878523349761963,302,3.982604503631592,301,4.088278532028198,297,4.220173120498657,297,4.317838907241821,297,4.42108941078186,297,4.524519443511963,297,4.627940893173218,297,4.724549770355225,297,4.818781614303589,297,4.9208362102508545,296,5.055402994155884,291,5.16457724571228,286,5.297685861587524,285,5.4022603034973145,282,5.542252540588379,281,5.670952796936035,278,5.813479423522949,278,5.917219638824463,278,6.010524272918701,278,6.110803604125977,277,6.222682952880859,277,6.335611820220947,275,6.477312088012695,275,6.582015037536621,275,6.681385040283203,274,6.826963663101196,274,6.930263519287109,274,7.028614282608032,273,7.1275928020477295,273,7.228302001953125,273,7.44099235534668,273,7.549985647201538,272,7.684011697769165,272,7.787638187408447,272,8.00879979133606,272,8.108064651489258,272,8.208168745040894,272,8.359213590621948,272,8.466667652130127,272,8.571446180343628,272,8.679197549819946,272,8.782292127609253,272,8.89040207862854,272,8.994584321975708,271,9.306349277496338,271,9.409894704818726,270,9.5251145362854,270,9.6304612159729,270,9.729514122009277,270,9.826377868652344,270,9.931910991668701,270,10.174532890319824,270,10.290493488311768,270,10.388993978500366,270,10.488760709762573,270,10.589095830917358,270,10.694940567016602,270,10.792139530181885,270,10.889865398406982,270,10.992059469223022,270,11.092886447906494,270,11.18688702583313,270,11.288759469985962,270,11.392346620559692,270,11.508012771606445,270,11.607755661010742,270,11.708313465118408,270,11.812804937362671,270,11.913327693939209,270,12.011816263198853,270,12.134183645248413,269,12.261186122894287,269,12.37656021118164,269,12.474035263061523,269,12.578210830688477,269,12.682261943817139,269,12.783341884613037,269,12.924262046813965,269,13.026620626449585,269,13.125025749206543,269,13.226114511489868,269,13.33017110824585,269,13.422706127166748,269,13.522389650344849,269,13.77918553352356,269,14.025378227233887,269,14.124480724334717,269,14.355953693389893,269,14.45528531074524,269,14.557560920715332,269,14.656599760055542,269,14.755918741226196,269,14.85706615447998,269,14.97050166130066,269,15.081647872924805,269,15.182066679000854,269,15.277200937271118,269,15.37076473236084,269,15.465410470962524,269,15.589248895645142,269,15.68599009513855,269,15.7860848903656,269,15.886159658432007,269,15.987026929855347,269,16.08862614631653,269,16.18555474281311,269,16.291216373443604,269,16.39338707923889,269,16.498117208480835,269,16.600257396697998,269,16.701565504074097,269,16.799587726593018,269,16.899515390396118,269,17.0004460811615,269,17.108403205871582,269,17.20198345184326,269,17.30602192878723,269,17.403088808059692,269,17.50634241104126,269,17.611700534820557,269,17.71016526222229,269,17.808529376983643,269,17.902815341949463,269,18.004342555999756,269,18.121378183364868,269,18.219809770584106,269,18.32644271850586,269,18.445830821990967,269,18.703961849212646,269,18.811972856521606,269,18.913966417312622,269,19.019667863845825,269,19.117326259613037,269,19.218018054962158,269,19.320834398269653,269,19.42035222053528,269,19.53116536140442,269,19.640725135803223,269,19.741609811782837,269,19.839316844940186,269,19.944992780685425,269,20.057116270065308,269,20.158018350601196,269,20.26016068458557,269,20.35540246963501,269,20.598315000534058,269,20.70180368423462,269,20.798622369766235,269,20.896103143692017,269,21.000742435455322,269,21.123491287231445,269,21.22878408432007,269,21.442034482955933,269,21.54807448387146,269,21.64397931098938,269,21.738566398620605,269,21.84730887413025,269,21.99562954902649,269,22.094570636749268,269,22.333963632583618,269,22.43536067008972,269,22.529632806777954,269,22.633432149887085,269,22.733431100845337,269,22.83422827720642,269,22.947262287139893,269,23.064480781555176,269,23.16097903251648,269,23.261314630508423,269,23.3573055267334,269,23.457731246948242,269,23.554405689239502,269,23.66905403137207,269,23.817929983139038,269,23.927489280700684,269,24.10875368118286,269,24.205254554748535,269,24.304667711257935,269,24.407506942749023,269,24.53201651573181,269,24.630457401275635,269,24.73921489715576,269,24.83650493621826,269,24.93015217781067,269,25.034993410110474,269,25.146095275878906,269,25.248117685317993,269,25.35051989555359,269,25.578359603881836,269,25.68622064590454,269,25.785977125167847,269,25.899876356124878,269,26.00306987762451,269,26.109039783477783,269,26.205932140350342,269,28.095110177993774,269,28.196354389190674,269,28.290669918060303,269,28.39264154434204,269,28.490524768829346,269,28.691797494888306,269,28.851967334747314,269,28.952017545700073,269,29.051963806152344,269,29.154383420944214,269,29.255472898483276,269,29.354654788970947,269,29.459519386291504,269,29.571736812591553,269,29.671019554138184,269,29.78078055381775,269,29.880009174346924,269,29.978150844573975,269,30.085731744766235,269,30.18822693824768,269,30.307154655456543,269,30.412325382232666,269,30.509509086608887,268,30.639008045196533,268,30.74311375617981,268,30.852125883102417,268,30.951823949813843,268,31.055618286132812,268,31.159379720687866,268,31.272550106048584,268,31.387513160705566,268,31.49041748046875,268,31.59275984764099,268,31.69411873817444,268,31.79767918586731,268,31.90955138206482,268,32.00760316848755,268,32.11115550994873,268,32.209426164627075,268,32.30876541137695,268,32.42141079902649,268,32.654705286026,268,32.74999809265137,268,32.84702134132385,268,32.995513677597046,268,33.09462642669678,268,33.19145917892456,268,33.312649726867676,268,33.409995317459106,267,35.36536145210266,267,35.46751070022583,267,35.56223130226135,267,35.66163182258606,267,35.77868866920471,267,35.876731872558594,266,36.00135374069214,266,36.114845275878906,266,36.21391773223877,266,36.31747007369995,266,36.41477990150452,266,36.51112341880798,266,36.62298369407654,266,36.71917939186096,266,36.82231640815735,266,36.94238758087158,266,37.044041872024536,266,37.14708638191223,266,37.24426007270813,266,37.36259913444519,266,37.46197819709778,266,37.568501234054565,266,37.70372438430786,266,37.805148124694824,266,37.915268898010254,266,38.011372327804565,266,38.11269426345825,266,38.273837089538574,266,38.37048387527466,266,38.49933218955994,266,38.60314583778381,266,38.71126890182495,266,38.81906008720398,266,38.92586421966553,266,39.027366399765015,266,39.137454986572266,266,39.23770451545715,266,39.33420467376709,266,39.443586587905884,266,39.551050901412964,266,39.787320137023926,266,39.88467049598694,266,39.98381686210632,266,40.08881378173828,266,40.18431854248047,266,40.30229902267456,266,40.41212010383606,266,40.512765407562256,266,40.60981869697571,266,40.71071410179138,266,41.24124884605408,266,41.34011244773865,266,41.43692064285278,266,41.53712725639343,266,41.637062311172485,266,41.73438262939453,266,41.837745666503906,266,41.93700861930847,266,42.033225297927856,266,42.130728006362915,266,42.233250856399536,266,42.38766813278198,266,42.48626136779785,266,42.595866441726685,266,42.70054221153259,266,42.79697608947754,266,42.91088128089905,266,43.01202917098999,266,43.123759269714355,266,43.22168588638306,266,43.31901478767395,266,43.42128586769104,266,43.525851011276245,266,43.62722063064575,266,43.73262166976929,266,43.967873334884644,266,44.08179688453674,266,44.181227922439575,266,44.27859950065613,266,44.49888253211975,266,44.601901054382324,266,44.706279039382935,266,44.802796602249146,266,44.89936637878418,266,44.99708294868469,266,45.11493182182312,266,45.22537589073181,266,45.34600758552551,266,45.44345736503601,266,45.680506229400635,266,45.7853741645813,266,45.883036375045776,266,45.98334240913391,266,46.08028531074524,266,46.295185804367065,266,46.394970655441284,266,46.5415141582489,266,46.6393404006958,266,46.73982787132263,266,46.84086298942566,266,46.945919036865234,266,47.192479848861694,266,47.29920816421509,266,47.39842748641968,266,47.504855155944824,266,47.60635447502136,266,47.696579694747925,266,47.798354148864746,266,47.8965380191803,266,47.99116897583008,266,48.162641763687134,266,48.261417388916016,266,48.371705055236816,266,48.47207474708557,266,48.57261061668396,266,48.680861949920654,266,48.78360891342163,266,48.88222312927246,266,48.991992712020874,266,49.09531831741333,266,49.20556020736694,266,49.3124783039093,266,49.416423320770264,266,49.51324510574341,266,49.629432678222656,266,49.728092432022095,266,49.82943534851074,266,49.92392897605896,266,50.02259397506714,266,50.12385177612305,266,50.22219657897949,266,50.32802700996399,266,50.48051428794861,266,50.5830864906311,266,50.68600821495056,266,50.80858016014099,266,50.93089199066162,266,51.03866624832153,266,51.15065884590149,266,51.254825592041016,266,51.35323715209961,266,51.48756122589111,266,51.58853816986084,266,51.6965012550354,266,51.798216104507446,266,51.896761894226074,266,51.9935142993927,266,52.094730377197266,266,52.19545769691467,266,52.29791498184204,266,52.39867639541626,266,52.49770498275757,266,52.60020923614502,266,52.694486141204834,266,52.78871774673462,266,52.89498257637024,266,53.05746507644653,266,53.15379977226257,266,53.26762509346008,266,53.36675047874451,266,53.46493172645569,266,53.56486916542053,266,53.66556096076965,266,53.77611827850342,266,53.8745059967041,266,53.97237944602966,266,54.07466459274292,266,54.184513568878174,266,54.28193187713623,266,54.392133712768555,266,54.492799282073975,266,54.60824656486511,266,54.70580315589905,266,54.80717635154724,266,54.911656856536865,266,55.00695204734802,266,55.10976982116699,266,55.21874785423279,266,55.36513566970825,266,55.46511101722717,266,55.56637620925903,266,55.66907358169556,266,55.77666449546814,266,55.876643896102905,266,55.97511529922485,266,56.07860326766968,266,56.18923830986023,266,56.29089689254761,266,56.388607025146484,266,56.48967385292053,266,56.600908517837524,266,56.69860219955444,266,56.79547715187073,266,56.90565347671509,266,57.006223917007446,266,57.10068917274475,266,57.20015811920166,266,57.296056270599365,266,57.41278886795044,266,57.52859354019165,266,57.63189721107483,266,57.742806911468506,266,57.847575664520264,266,57.94539189338684,266,58.04644966125488,266,58.16123175621033,266,58.27001237869263,266,58.37223148345947,266,58.474287033081055,266,58.571897745132446,266,58.79040884971619,266,58.8898069858551,266,58.991803884506226,266,59.0877525806427,266,59.188138008117676,266,59.29170227050781,266,59.394572019577026,266,59.50466585159302,266,59.758859634399414,266,59.8608238697052,266,59.96296215057373,266,60.067816495895386,266,60.32134795188904,266,60.4204638004303,266,60.51831912994385,266,60.6198091506958,266,60.71879172325134,266,60.822548389434814,266,60.92190933227539,265,61.088523864746094,265,61.18860173225403,265,61.29441165924072,265,61.38993239402771,265,61.49116897583008,265,61.58725595474243,265,61.690514087677,265,61.78997993469238,263,61.970009565353394,262,62.07583546638489,262,62.17588758468628,262,62.27450609207153,262,62.3760130405426,262,62.480762004852295,262,62.623706340789795,262,62.722240686416626,262,63.04587364196777,262,63.205055236816406,262,63.30243134498596,262,63.40170931816101,262,63.65141797065735,262,63.75294494628906,262,64.03187394142151,262,64.14647698402405,262,64.41185331344604,262,64.51504278182983,262,64.61436939239502,262,64.71293520927429,262,64.8151228427887,262,64.91608047485352,262,65.0217604637146,262,65.25118160247803,262,65.3521032333374,262,65.45278811454773,262,65.54715847969055,262,65.6490409374237,262,65.7598397731781,262,65.86175084114075,262,65.95561599731445,262,66.05072975158691,262,66.23329496383667,262,66.47650790214539,262,66.57756185531616,262,66.6819818019867,262,66.77490139007568,262,66.8793888092041,262,66.97402715682983,262,67.19268155097961,262,67.293137550354,261,67.41790080070496,260,67.51703405380249,257,67.61604976654053,257,67.90115523338318,257,68.0399522781372,256,68.17037677764893,256,68.2782871723175,256,68.38630819320679,256,68.4862105846405,256,68.5861337184906,256,68.68514251708984,256,68.78405356407166,256,68.8785469532013,256,68.98545384407043,256,69.12944293022156,256,69.22529125213623,256,69.32273578643799,256,69.42330312728882,256,69.5292284488678,256,69.64621782302856,256,69.75176405906677,256,69.8538887500763,256,69.95221185684204,256,70.0537703037262,256,70.15664577484131,256,70.26235604286194,256,70.39962244033813,256,70.4985888004303,256,70.72696113586426,256,70.82792472839355,256,70.95033073425293,256,71.05393934249878,256,71.15877604484558,256,71.25765085220337,256,71.36182045936584,256,71.46081829071045,256,71.61310625076294,256,71.71017551422119,256,71.80791020393372,256,71.98808455467224,256,72.08634757995605,256,72.18926191329956,256,72.29169082641602,256,72.39602756500244,256,72.49450778961182,256,72.59584426879883,256,72.69627285003662,256,72.79497861862183,256,72.98805546760559,256,73.0895471572876,256,73.33844184875488,256,73.44297647476196,256,73.5403790473938,256,73.64106583595276,256,73.74358582496643,256,73.84603643417358,256,73.94794225692749,256,74.08282232284546,256,74.18045735359192,256,74.28117942810059,256,74.38368439674377,256,74.48641467094421,256,74.58625364303589,256,74.74405455589294,256,74.8400616645813,256,74.93623423576355,256,75.11747217178345,256,75.21709108352661,256,75.39270305633545,256,75.49403142929077,256,75.65904784202576,256,75.76799273490906,256,75.89715313911438,256,75.99961447715759,256,76.2995855808258,256,78.65016627311707,256,78.75289916992188,256,78.85246801376343,256,78.95123600959778,256,79.04972314834595,256,79.19376635551453,256,79.29383969306946,256,79.40247464179993,256,79.50669980049133,256,79.63647365570068,256,79.74046778678894,256,79.84711408615112,256,79.94807887077332,256,80.05096411705017,256,80.16045641899109,256,80.33385300636292,256,80.4377989768982,256,80.53474545478821,256,80.65153932571411,256,80.7560088634491,256,80.97971606254578,256,81.0823016166687,256,81.18132185935974,256,81.2997658252716,256,81.40574836730957,256,81.50719571113586,256,81.60753011703491,256,81.70604228973389,256,81.80907988548279,256,81.91257834434509,256,82.01748776435852,256,82.12048649787903,256,82.22229194641113,256,82.3239049911499,256,82.42689800262451,256,82.52970814704895,256,82.62824320793152,256,82.72641468048096,256,82.85196137428284,256,82.95384669303894,256,83.10021209716797,256,83.20771026611328,256,83.301762342453,256,83.4371485710144,256,83.53847694396973,256,83.64078736305237,256,83.74349355697632,256,83.8451600074768,256,83.94977927207947,256,84.07631206512451,256,84.17716908454895,256,84.28712892532349,256,84.38647317886353,256,84.48502492904663,256,84.58524656295776,256,84.68470335006714,256,84.81573510169983,256,84.91482448577881,256,85.01906442642212,256,85.11494588851929,256,85.21407008171082,256,85.31719446182251,256,85.47748470306396,256,85.57823944091797,256,85.67981290817261,256,85.78170537948608,256,85.87919044494629,256,85.97734117507935,256,86.0761833190918,256,86.17872214317322,256,86.28285694122314,256,86.38481426239014,256,86.48246455192566,256,86.58136987686157,256,86.67913365364075,256,86.78119993209839,256,86.88911437988281,256,86.98672533035278,256,87.08850622177124,256,87.18443608283997,256,87.2860779762268,256,87.39276719093323,256,87.49491930007935,256,87.59508204460144,256,87.70108890533447,256,87.8304991722107,256,87.93072938919067,256,88.02802395820618,256,88.12781286239624,256,88.23091053962708,256,88.32991170883179,256,88.43654680252075,256,88.54979467391968,256,88.65500950813293,256,88.75971221923828,256,88.85557913780212,256,88.95375871658325,256,89.05098032951355,256,89.15150141716003,256,89.25597262382507,256,89.36100625991821,256,89.46099805831909,256,89.69035959243774,256,89.95743131637573,256,90.04748868942261,256,90.14313292503357,256,90.24507880210876,256,90.34888172149658,256,90.45108222961426,256,90.54806756973267,256,90.65468978881836,256,90.74708461761475,256,90.86107015609741,256,90.96061873435974,256,91.06250238418579,256,91.1617922782898,256,91.26032161712646,256,91.36041474342346,256,91.48494076728821,256,91.63672828674316,256,91.72965955734253,256,91.84465765953064,256,91.94155621528625,256,92.04126286506653,256,92.14536571502686,256,92.24858093261719,256,92.34938263893127,256,92.4509744644165,256,92.55023503303528,256,92.6784737110138,256,92.77911329269409,256,92.880197763443,256,92.97846841812134,256,93.07748484611511,256,93.24074530601501,256,93.34174823760986,256,93.43383431434631,256,93.65174007415771,256,93.75037670135498,256,93.86011505126953,256,93.97414898872375,256,94.09081053733826,256,94.19404458999634,256,94.28985929489136,256,94.39286851882935,256,94.4928674697876,256,94.58955144882202,256,94.68898892402649,256,94.79395508766174,256,94.91594791412354,256,95.01089906692505,256,95.12973928451538,256,95.23140788078308,256,95.33227801322937,256,95.43283176422119,256,95.5334119796753,256,95.63319325447083,256,95.80805802345276,256,95.90169787406921,256,96.06294560432434,256,96.16896343231201,256,96.26665377616882,256,96.36638474464417,256,96.4702742099762,256,96.56580424308777,256,96.67016386985779,256,96.76864981651306,256,96.86823797225952,256,96.96983504295349,256,97.22110390663147,256,97.31757283210754,256,97.4195327758789,256,97.65795278549194,256,97.75742626190186,256,97.85914945602417,256,97.96276330947876,256,98.06203389167786,256,98.16212558746338,256,98.26865983009338,256,98.53017473220825,256,98.62635779380798,256,98.72399997711182,256,98.81972360610962,256,98.93756651878357,256,99.04158210754395,256,99.13901162147522,256,99.23303055763245,256,99.32991051673889,256,99.43438792228699,256,99.53432726860046,256,99.63185477256775,256,99.7329273223877,256,99.82963275909424,256,99.98820209503174,256,100.08979344367981,256,100.18706750869751,256,100.29076957702637,256,100.38971447944641,256,100.48530006408691,256,100.68495345115662,256,100.78504347801208,256,100.87864971160889,256,101.08588171005249,256,101.18788170814514,256,101.29016137123108,256,101.39079999923706,256,101.49106478691101,256,101.59257173538208,256,101.68887686729431,256,101.79110622406006,256,101.89457321166992,256,101.99426603317261,256,102.13513994216919,256,102.23218727111816,256,102.38231992721558,256,102.48263907432556,256,102.5790627002716,256,102.67282271385193,256,102.78422737121582,256,102.99234747886658,256,103.09656715393066,256,103.19614148139954,256,103.30093932151794,256,103.4166567325592,256,103.5157585144043,256,103.61244130134583,256,103.71369791030884,256,103.81035542488098,256,103.90946054458618,256,104.03204989433289,256,104.14116835594177,256,104.24643993377686,256,104.40649628639221,256,104.52293133735657,256,104.64472103118896,256,104.79444360733032,256,104.89843106269836,256,105.00248527526855,256,105.09909462928772,256,105.19754648208618,256,105.29205536842346,256,105.4145987033844,256,105.52424573898315,256,105.69174003601074,256,105.79226636886597,256,105.8896107673645,256,105.99132585525513,256,106.09518909454346,256,106.19549989700317,256,106.29437780380249,256,106.39548349380493,256,106.54965853691101,256,106.6513409614563,256,106.75405526161194,256,106.95893406867981,256,107.0972330570221,256,107.19377970695496,256,107.29132556915283,256,107.4024178981781,256,107.50044345855713,256,107.59626269340515,256,107.70623421669006,256,107.80932402610779,256,107.91477680206299,256,108.01449751853943,256,111.1349709033966,256,111.23854994773865,256,111.34382653236389,256,111.44471049308777,256,111.665447473526,256,111.76457142829895,256,111.86466789245605,256,112.11993265151978,256,112.26930141448975,256,112.3645932674408,256,112.47004127502441,256,112.572824716568,256,112.67235159873962,256,112.7775571346283,256,112.8722231388092,256,112.97906112670898,256,113.07899308204651,256,113.1813292503357,256,113.28482604026794,256,113.43112397193909,256,113.53257131576538,256,113.6426932811737,256,113.7504050731659,256,113.85003757476807,256,113.95274448394775,256,114.05725455284119,256,114.16237115859985,256,114.3226227760315,256,114.5516037940979,256,114.65602397918701,256,114.76175332069397,256,114.85594010353088,256,114.95817923545837,256,115.05581378936768,256,115.16401267051697,256,115.26415777206421,256,115.36593890190125,256,115.46715903282166,256,115.56735634803772,256,115.80823421478271,256,115.90859794616699,256,116.01087403297424,256,116.11166644096375,256,116.21521544456482,256,116.31592559814453,256,116.42100262641907,256,116.52230739593506,256,116.62997198104858,256,116.90023732185364,256,117.00280499458313,256,117.10685849189758,256,117.24568104743958,256,117.34220671653748,256,117.44515895843506,256,117.54211044311523,256,117.64822769165039,256,117.74591827392578,256,117.84481501579285,256,118.09453821182251,256,118.19677758216858,256,118.30460977554321,256,118.40841460227966,256,118.51752972602844,256,118.62111806869507,256,118.72248315811157,256,118.82119655609131,256,118.91442394256592,256,119.031982421875,256,119.13257002830505,256,119.23110914230347,256,119.47093462944031,256,119.58998441696167,256,119.68842077255249,256,119.78717517852783,256,119.88779377937317,256,119.99510288238525,256,120.09928345680237,256,120.19821190834045,256,120.29548954963684,256,120.39470148086548,256,120.49589467048645,256,120.59640192985535,256,120.71457767486572,256,120.85382628440857,256,120.9539749622345,256,121.05413818359375,256,121.1507306098938,256,121.24847388267517,256,121.3478102684021,256,121.44787287712097,256,121.55337023735046,256,121.65460419654846,256,121.75637364387512,256,121.8529326915741,256,121.95613956451416,256,122.05731558799744,256,122.15965342521667,256,122.26135659217834,256,122.35910940170288,256,122.46041893959045,256,122.60761213302612,256,122.7102644443512,256,122.81328892707825,256,122.91127967834473,256,123.01212787628174,256,123.11447215080261,256,123.22175550460815,256,123.32422852516174,256,123.42506504058838,256,123.62681245803833,256,123.71922421455383,256,123.82175493240356,256,123.92230582237244,256,124.02461385726929,256,124.12858819961548,256,124.36420106887817,256,124.46466994285583,256,124.56648874282837,256,124.67128539085388,256,124.77242231369019,256,124.89305758476257,256,125.10849952697754,256,125.36637234687805,256,125.46853876113892,256,125.58830642700195,256,125.68706011772156,256,125.79633378982544,256,125.90060114860535,256,125.99644160270691,256,126.09590911865234,256,126.20297193527222,256,126.29629182815552,256,126.39937925338745,256,126.51588177680969,256,126.6172227859497,256,126.71143364906311,256,126.80755162239075,256,126.9162220954895,256,127.02639079093933,256,127.1290192604065,256,127.23086309432983,256,127.33551597595215,256,127.50989723205566,256,127.6111409664154,256,127.75888919830322,256,127.85898947715759,256,127.96659660339355,256,128.12310314178467,256,128.2891457080841,256,128.3947732448578,256,128.63044381141663,256,128.73723101615906,256,128.8400683403015,256,128.93799233436584,256,129.19203209877014,256,129.29422903060913,256,129.39675116539001,256,129.49405932426453,256,129.61426329612732,256,129.7212209701538,256,129.82048392295837,256,129.9260938167572,256,130.0280945301056,256,130.14585947990417,256,130.24294543266296,256,130.34720969200134,256,130.4536542892456,256,130.5566008090973,256,130.6732201576233,256,130.8209319114685,256,130.91694521903992,256,131.02617192268372,256,131.12547326087952,256,131.2284801006317,256,131.32759881019592,256,131.4310336112976,256,131.5321192741394,256,131.63078832626343,256,131.7393479347229,256,131.86726641654968,256,131.96170091629028,256,132.06215476989746,256,132.16157341003418,256,132.26824021339417,256,132.36491775512695,256,132.54083847999573,256,132.64267110824585,256,132.7420256137848,256,132.89396977424622,256,132.99257969856262,256,133.09363985061646,256,133.33968901634216,256,133.44022607803345,256,133.5406470298767,256,133.64084005355835,256,133.73534870147705,256,133.84346961975098,256,133.94844031333923,256,134.04647779464722,256,134.18259572982788,256,134.36260533332825,256,134.47042155265808,256,134.6188440322876,256,134.720707654953,256,134.8297598361969,256,134.93856549263,256,135.04086065292358,256,135.1823148727417,256,135.294536113739,256,135.39323925971985,256,135.4967520236969,256,135.59129810333252,256,135.69326448440552,256,135.794016122818,256,135.9389612674713,256,136.19812631607056,256,136.30372023582458,256,136.4041290283203,256,136.54602479934692,256,136.64522504806519,256,136.75070309638977,256,136.8482801914215,256,136.94629669189453,256,137.05342555046082,256,137.15587663650513,256,137.2740762233734,256,137.3812758922577,256,137.47712349891663,256,137.58548879623413,256,137.6914393901825,256,137.78950095176697,256,137.8977062702179,256,137.99418258666992,256,138.11959886550903,256,138.22394514083862,256,138.32758688926697,256,138.4314045906067,256,138.53835105895996,256,138.63817167282104,256,138.74664521217346,256,138.8930950164795,256,139.20552492141724,256,139.30676412582397,256,139.40616106987,256,139.50383353233337,256,139.61481714248657,256,139.71745944023132,256,139.82184290885925,256,139.92503118515015,256,140.02386283874512,256,140.1263234615326,256,140.22479820251465,256,140.33123016357422,256,140.4347906112671,256,140.5354301929474,256,140.6394326686859,256,140.75980257987976,256,140.85936784744263,256,140.96376776695251,256,141.1265411376953,256,141.2322714328766,256,141.33004117012024,256,141.47167706489563,256,141.57543992996216,256,141.67345237731934,256,141.77082633972168,256,141.87687397003174,256,141.98124265670776,256,142.0836546421051,256,142.17999815940857,256,142.27396178245544,256,142.37477803230286,256,142.48121070861816,256,142.5855097770691,256,142.68525791168213,256,142.78799510002136,256,142.984534740448,256,143.09038734436035,256,143.19021558761597,256,143.294602394104,256,143.4118447303772,256,143.50911116600037,256,143.6124243736267,256,143.7136960029602,256,143.82497835159302,256,144.06234884262085,256,144.16456627845764,256,144.2702317237854,256,144.3757517337799,256,144.47364926338196,256,144.57713866233826,256,144.67653846740723,256,144.77422070503235,256,144.87924981117249,256,144.98314929008484,256,145.0916817188263,256,145.1959731578827,256,145.31014227867126,256,145.40321564674377,256,145.50568556785583,256,145.62612557411194,256,145.79036808013916,256,145.89249348640442,256,145.99077653884888,256,146.2335615158081,256,146.33805298805237,256,146.43506813049316,256,146.53162622451782,256,146.63162469863892,256,146.73610091209412,256,146.97953963279724,256,147.11001706123352,256,147.20901036262512,256,147.3069109916687,256,147.4047725200653,256,147.50340223312378,256,147.7895383834839,256,147.8888087272644,256,147.98804926872253,256,148.0831174850464,256,148.18518447875977,256,148.2870228290558,256,148.3886022567749,256,148.48833322525024,256,148.5955684185028,256,148.7515459060669,256,148.8564417362213,256,148.9787678718567,256,149.0968906879425,256,149.19911289215088,256,149.30260848999023,256,149.4042992591858,256,149.50503301620483,256,149.60211896896362,256,149.71842622756958,256,149.83091926574707,256,149.9350254535675,256,150.03434538841248,256,150.13494110107422,256,150.24694275856018,256,150.387109041214,256,150.49099922180176,256,150.61025214195251,256,150.71760177612305,256,150.82111525535583,256,150.92516112327576,256,151.02625155448914,256,151.12281227111816,256,151.22158789634705,256,151.333731174469,256,151.46343350410461,256,151.565416097641,256,151.66231560707092,256,151.76349925994873,256,151.865788936615,256,151.96293354034424,256,152.0709011554718,256,152.21945428848267,256,152.31642317771912,256,152.4160280227661,256,152.513530254364,256,152.61402440071106,256,152.7296907901764,256,152.83403515815735,256,152.93124389648438,256,153.02707958221436,256,153.12623858451843,256,153.24322748184204,256,153.51304841041565,256,153.61640691757202,256,153.7156171798706,256,153.80986070632935,256,153.96145868301392,256,154.06447792053223,256,154.18052864074707,256,154.28344297409058,256,154.40360808372498,256,154.50626969337463,256,154.60286951065063,256,154.70623898506165,256,154.8132438659668,256,154.91619229316711,256,155.0232470035553,256,155.12365674972534,256,155.22356414794922,256,155.32299375534058,256,155.41945838928223,256,155.6925401687622,256,155.80101084709167,256,156.03650522232056,256,156.13911890983582,256,156.24390172958374,256,156.3493218421936,256,156.46695017814636,256,156.56858325004578,256,156.86083674430847,256,157.0140299797058,256,157.11352348327637,256,157.2147843837738,256,157.31362652778625,256,157.4151463508606,256,157.51280069351196,256,157.6266050338745,256,157.77208375930786,256,157.87950658798218,256,157.97929167747498,256,158.09442925453186,256,158.2070050239563,256,158.31114268302917,256,158.41342067718506,256,158.56195974349976,256,158.6646168231964,256,158.76460886001587,256,158.86409974098206,256,158.96448683738708,256,159.07781457901,256,159.17647194862366,256,159.33705854415894,256,159.43795537948608,256,159.53405666351318,256,159.6343550682068,256,159.7370457649231,256,159.98228907585144,256,160.0793809890747,256,160.175607919693,256,160.27544522285461,256,160.37786960601807,256,160.60531949996948,256,160.70822763442993,256,160.88774275779724,256,161.02788519859314,256,161.13131737709045,256,161.23623704910278,256,161.34186267852783,256,161.44766235351562,256,161.54637336730957,256,161.64107060432434,256,161.74175238609314,256,161.83968830108643,256,161.93995118141174,256,162.04224491119385,256,162.14438271522522,256,162.26582765579224,256,162.36346793174744,256,162.4643702507019,256,162.5676715373993,256,162.72058582305908,256,162.82642149925232,256,162.9395034313202,256,163.0406630039215,256,163.14055228233337,256,163.23877382278442,256,163.3508050441742,256,163.4614396095276,256,163.56026768684387,256,163.6592059135437,256,163.76219534873962,256,163.86487245559692,256,163.96698117256165,256,164.0775032043457,256,164.18029499053955,256,164.28348755836487,256,164.3866744041443,256,164.48923182487488,256,164.58642983436584,256,164.69333338737488,256,164.79367876052856,256,164.89242577552795,256,164.98904871940613,256,165.09286212921143,256,165.2322165966034,256,165.33815002441406,256,165.576762676239,256,165.67280912399292,256,165.7688057422638,256,165.86573553085327,256,165.96129250526428,256,166.0598771572113,256,166.16421508789062,256,166.26918387413025,256,166.37151265144348,256,166.46814107894897,256,166.58368587493896,256,166.6927924156189,256,166.79168462753296,256,166.886864900589,256,169.7128403186798,256,169.81301403045654,256,169.91575145721436,256,170.03061628341675,256,170.1378526687622,256,170.29250049591064,256,170.39108276367188,256,170.49382972717285,256,170.5923421382904,256,170.69560980796814,256,170.79005432128906,256,170.8913495540619,256,171.00859832763672,256,171.10977983474731,256,171.21606588363647,256,171.3169720172882,256,171.4189648628235,256,171.51689910888672,256,171.61764788627625,256,171.7196455001831,256,171.82331681251526,256,171.92254495620728,256,172.04219794273376,256,172.18206429481506,256,172.28008818626404,256,172.42294311523438,256,172.54726767539978,256,172.65198945999146,256,172.75797176361084,256,172.8573923110962,256,173.0839078426361,256,173.18762230873108,256,173.28914618492126,256,173.39054608345032,256,173.494863986969,256,173.59104442596436,256,173.69405150413513,256,173.7920036315918,256,173.89280200004578,256,173.9972140789032,256,174.0944700241089,256,174.20766472816467,256,174.30954241752625,256,174.5497853755951,256,174.73089981079102,256,174.83414602279663,256,174.93559312820435,256,175.0632185935974,256,175.1641218662262,256,175.26060247421265,256,175.35874009132385,256,175.4572684764862,256,175.56017231941223,256,175.6610565185547,256,175.761878490448,256,175.8717179298401,256,175.9792275428772,256,176.0753264427185,256,176.1744463443756,256,176.27930235862732,256,176.3748276233673,256,176.47380113601685,256,176.77489948272705,256,176.89693927764893,256,176.99891662597656,256,177.10189008712769,256,177.1994616985321,256,177.2975652217865,256,177.39638257026672,256,177.4975552558899,256,177.59786891937256,256,177.6943802833557,256,177.7965865135193,256,177.91294479370117,256,178.03221726417542,256,178.13798308372498,256,178.24218726158142,256,178.34496474266052,256,178.44491338729858,256,178.54895734786987,256,178.64523935317993,256,178.74732398986816,256,178.84614753723145,256,178.95224499702454,256,179.07846307754517,256,179.29697608947754,256,179.44630432128906,256,179.54483008384705,256,179.63930940628052,256,179.76819396018982,256,179.8632435798645,256,179.96346497535706,256,180.0664074420929,256,180.3017966747284,256,180.39882016181946,256,180.50007343292236,256,180.6014301776886,256,180.7022864818573,256,180.80457949638367,256,180.9016785621643,256,181.0028054714203,256,181.110609292984,256,181.2122745513916,256,181.49488043785095,256,181.59545016288757,256,181.70403742790222,256,181.82482361793518,256,181.9188871383667,256,182.02310276031494,256,182.1201684474945,256,182.30170059204102,256,182.57213497161865,256,182.6697940826416,256,182.76740670204163,256,182.86457180976868,256,182.99880981445312,256,183.1029932498932,256,183.23452591896057,256,183.33585596084595,256,183.440110206604,256,183.5531187057495,256,183.65069437026978,256,183.7679567337036,256,183.87153577804565,256,183.9732575416565,256,184.21873807907104,256,184.31566452980042,256,184.4256043434143,256,184.58193945884705,256,184.7028293609619,256,184.80366373062134,256,184.91185331344604,256,185.02473163604736,256,185.12242555618286,256,185.35022449493408,256,185.44903826713562,256,185.55268955230713,256,185.651362657547,256,185.74747967720032,256,185.86414527893066,256,185.973286151886,256,186.0754270553589,256,186.1780824661255,256,186.39890003204346,256,186.49911165237427,256,186.59837436676025,256,186.6980516910553,256,186.79546904563904,256,186.89420008659363,256,186.99280977249146,256,187.09651350975037,256,187.22121047973633,256,187.32077884674072,256,187.46856260299683,256,187.56955409049988,256,187.6797251701355,256,187.78793334960938,256,187.88811326026917,256,187.99093914031982,256,188.0894787311554,256,188.1868975162506,256,188.46313166618347,256,188.58173775672913,256,188.6875660419464,256,188.78184127807617,256,189.03221487998962,256,189.1330463886261,256,189.28963923454285,256,189.38620138168335,256,189.4876549243927,256,189.5971760749817,256,189.7453236579895,256,189.84219193458557,256,189.93882656097412,256,190.03858613967896,256,190.13748836517334,256,190.24704265594482,256,190.4074559211731,256,190.50551319122314,256,190.60588335990906,256,190.72368121147156,256,190.8415584564209,256,190.94317746162415,256,191.04112792015076,256,191.14259886741638,256,191.24195766448975,256,191.34944033622742,256,191.45154285430908,256,191.54488563537598,256,191.64356017112732,256,191.7432107925415,256,191.85007238388062,256,191.9734764099121,256,192.0725269317627,256,192.29664874076843,256,192.3996798992157,256,192.50665163993835,256,192.62751626968384,256,192.73081827163696,256,192.83401322364807,256,192.9311158657074,256,193.0291290283203,256,193.13272547721863,256,193.23536777496338,256,193.3375551700592,256,193.43678832054138,256,193.53786301612854,256,193.63895058631897,256,193.74353790283203,256,193.84130811691284,256,193.93613457679749,256,194.03364872932434,256,194.13430094718933,256,194.28248405456543,256,194.38380360603333,256,194.48140859603882,256,194.59914636611938,256,194.70541977882385,256,194.94585871696472,256,195.0464789867401,256,195.14127707481384,256,195.260267496109,256,195.36347484588623,256,195.46536684036255,256,195.57799553871155,256,195.69690537452698,256,195.79531955718994,256,195.91050457954407,256,196.00642251968384,256,196.12016892433167,256,196.22321438789368,256,196.3226957321167,256,196.43141055107117,256,196.57368350028992,256,196.68118166923523,256,196.86861181259155,256,197.01761484146118,256,197.125732421875,256,197.42548966407776,256,197.53169679641724,256,197.6320676803589,256,197.73158264160156,256,197.83403944969177,256,197.93305134773254,256,198.0319962501526,256,198.19286179542542,256,198.2932870388031,256,198.56420850753784,256,198.66533136367798,256,198.76551032066345,256,198.87289881706238,256,198.97329092025757,256,199.06582260131836,256,199.17466831207275,256,199.2815444469452,256,199.38812065124512,256,199.5146803855896,256,199.6234347820282,256,199.72041201591492,256,199.85067296028137,256,199.95509576797485,256,200.05518102645874,256,200.1523060798645,256,200.28467893600464,256,200.3837366104126,256,200.4784278869629,256,200.57645773887634,256,200.67747902870178,256,200.7805323600769,256,200.87882614135742,256,200.9798481464386,256,201.08020663261414,256,201.18040823936462,256,201.27641010284424,256,201.53031039237976,256,201.7691957950592,256,201.97778391838074,256,202.0752112865448,256,202.17106413841248,256,202.2682273387909,256,202.37051486968994,256,202.4733202457428,256,202.57557654380798,256,202.7276349067688,256,202.82869696617126,256,202.93264985084534,256,203.03306007385254,256,203.12881755828857,256,203.224182844162,256,203.38090133666992,256,203.48369216918945,256,203.58767437934875,256,203.69988775253296,256,203.79874205589294,256,203.90481519699097,256,204.00756859779358,256,204.10926580429077,256,204.24284195899963,256,204.34203457832336,256,204.44905948638916,256,204.57391333580017,256,204.67842173576355,256,204.7761595249176,256,204.89200568199158,256,205.00148630142212,256,205.10292029380798,256,205.20594668388367,256,205.4882628917694,256,205.64576816558838,256,205.74534916877747,256,205.87392807006836,256,206.02791452407837,256,206.13501000404358,256,206.2312934398651,256,206.33177137374878,256,206.43558311462402,256,206.54352593421936,256,206.64477801322937,256,206.7461278438568,256,206.84455752372742,256,206.9618365764618,256,207.11293363571167,256,207.21506214141846,256,207.31079626083374,256,207.40734004974365,256,207.51504111289978,256,207.61466312408447,256,207.77918934822083,256,207.97717833518982,256,208.07829928398132,256,208.18449544906616,256,208.28684616088867,256,208.3854615688324,256,208.4846532344818,256,208.5804042816162,256,208.68164348602295,256,208.78606939315796,256,208.88386702537537,256,208.98605704307556,256,209.08154225349426,256,209.17931246757507,256,209.27812814712524,256,209.41620516777039,256,209.5122230052948,256,209.61031293869019,256,209.71413350105286,256,209.85985946655273,256,209.96412324905396,256,210.06269669532776,256,210.15691542625427,256,210.2587070465088,256,210.3646366596222,256,210.4594283103943,256,210.56198048591614,256,210.66026139259338,256,210.76005792617798,256,210.879896402359,256,210.9804093837738,256,211.21746301651,256,211.31217622756958,256,211.41374945640564,256,211.52894854545593,256,211.67948722839355,256,211.77519750595093,256,211.87576937675476,256,211.9755358695984,256,212.12422585487366,256,212.2281687259674,256,212.32595682144165,256,212.44265222549438,256,212.54071831703186,256,212.65215468406677,256,212.77016282081604,256,212.87432527542114,256,212.9747133255005,256,213.07677578926086,256,213.1783263683319,256,213.32058763504028,256,213.42122220993042,256,213.5578956604004,256,213.70964169502258,256,213.8116283416748,256,213.91279554367065,256,214.00781273841858,256,214.11082458496094,256,214.21450352668762,256,214.44665050506592,256,214.54547929763794,256,214.65179419517517,256,214.75421500205994,256,214.98103642463684,256,215.1326766014099,256,215.2326374053955,256,215.3334572315216,256,215.43713879585266,256,215.53886914253235,256,215.63459968566895,256,215.7488670349121,256,215.84556245803833,256,215.9378399848938,256,216.07052063941956,256,216.18686985969543,256,216.32454991340637,256,216.42311644554138,256,216.52741622924805,256,216.63542008399963,256,216.73199915885925,256,216.8318247795105,256,216.9587059020996,256,217.0602626800537,256,217.16835165023804,256,217.27202367782593,256,217.37481832504272,256,217.4730064868927,256,217.56962060928345,256,217.6693639755249,256,217.7768623828888,256,217.8824872970581,256,217.982839345932,256,218.08474493026733,256,218.18575811386108,256,218.280859708786,256,218.3812747001648,256,218.48451161384583,256,218.5831298828125,256,218.68928241729736,256,218.7939636707306,256,218.8919448852539,256,218.99733090400696,256,219.1027534008026,256,219.20307397842407,256,219.30317950248718,256,219.53841471672058,256,219.6567268371582,256,219.7568643093109,256,219.8628442287445,256,219.96369767189026,256,220.07766819000244,256,220.1705985069275,256,220.26868867874146,256,220.367502450943,256,220.4681510925293,256,220.56632661819458,256,220.68291187286377,256,220.78425121307373,256,220.88581538200378,256,220.9881796836853,256,221.08360290527344,256,221.1847324371338,256,221.28879594802856,256,221.39263010025024,256,221.56592106819153,256,221.66574549674988,256,221.7666711807251,256,221.8710582256317,256,221.9833207130432,256,222.08505511283875,256,222.35511803627014,256,222.46117448806763,256,222.5689971446991,256,222.6662654876709,256,222.94081902503967,256,223.04227018356323,256,223.14273476600647,256,223.24471259117126,256,223.34221696853638,256,223.44585037231445,256,223.549950838089,256,223.6493079662323,256,223.75536346435547,256,223.85981464385986,256,223.96117329597473,256,224.0596206188202,256,224.16270279884338,256,224.2623372077942,256,224.36207270622253,256,224.46085739135742,256,224.5576560497284,256,224.65766501426697,256,224.91481232643127,256,225.01169395446777,256,225.117849111557,256,225.2189655303955,256,225.3206272125244,256,225.4258852005005,256,225.53472924232483,256,225.6325080394745,256,225.73583054542542,256,225.8328320980072,256,225.9344027042389,256,226.03081893920898,256,226.12981963157654,256,226.24082207679749,256,226.37485527992249,256,226.47659063339233,256,226.57828307151794,256,226.675137758255,256,226.77228236198425,256,226.8740963935852,256,226.97265028953552,256,227.2098309993744,256,227.32149624824524,256,227.42719793319702,256,227.5248727798462,256,227.64730620384216,256,227.90378284454346,256,228.00414156913757,256,228.1015100479126,256,228.1975703239441,256,228.3006088733673,256,228.40021777153015,256,228.54611134529114,256,228.64455604553223,256,228.7512640953064,256,228.85482573509216,256,228.955712556839,256,229.05847907066345,256,229.15519618988037,256,229.259596824646,256,229.36517572402954,256,229.4681043624878,256,229.57568264007568,256,229.67576694488525,256,229.7864556312561,256,229.88368463516235,256,229.97790241241455,256,230.07365822792053,256,230.1736752986908,256,230.27406764030457,256,230.3749897480011,256,230.53195643424988,256,230.63900661468506,256,230.7429714202881,256,230.86214518547058,256,230.96779465675354,256,231.06673121452332,256,231.15986132621765,256,231.25680422782898,256,231.35912537574768,256,231.47316026687622,256,231.5729274749756,256,231.66974067687988,256,231.76848530769348,256,231.86721515655518,256,232.01001024246216,256,232.12925696372986,256,232.23226165771484,256,232.33963823318481,256,232.43403792381287,256,232.58969402313232,256,232.69064950942993,256,232.79458951950073,256,232.89641094207764,256,232.993577003479,256,233.09185552597046,256,233.1989185810089,256,233.42648458480835,256,233.53699898719788,256,233.63915014266968,256,233.73745155334473,256,233.83537316322327,256,233.93688201904297,256,234.03482151031494,256,234.13847875595093,256,234.23083901405334,256,234.3306107521057,256,234.44252252578735,256,234.56120586395264,256,234.6608738899231,256,234.9820966720581,256,235.08374691009521,256,235.34246563911438,256,235.44201564788818,256,235.54164624214172,256,235.71379351615906,256,235.8077414035797,256,235.9077377319336,256,236.00979948043823,256,236.1118848323822,256,236.22803711891174,256,236.3279275894165,256,236.42971110343933,256,236.53293657302856,256,238.93688821792603,256,239.03784012794495,256,239.14147472381592,256,239.24068522453308,256,239.3336079120636,256,239.43494868278503,256,239.5524799823761,256,239.7073528766632,256,239.8451428413391,256,239.95148825645447,256,240.0689287185669,256,240.16677618026733,256,240.38903403282166,256,240.48938751220703,256,240.5960729122162,256,240.6997332572937,256,240.79624247550964,256,240.89653491973877,256,241.01199412345886,256,241.1170094013214,256,241.21700620651245,256,241.46019744873047,256,241.56285500526428,256,241.65998935699463,256,241.76709580421448,256,241.86215090751648,256,241.95804119110107,256,242.06129550933838,256,242.15852093696594,256,242.25308966636658,256,242.35245823860168,256,242.45313167572021,256,242.55450248718262,256,242.65433621406555,256,242.7545347213745,256,242.85805225372314,256,242.95768117904663,256,243.07634830474854,256,243.1777582168579,256,243.2782759666443,256,243.3759355545044,256,243.47599458694458,256,243.579265832901,256,243.68124675750732,256,243.7856388092041,256,243.882098197937,256,243.97998070716858,256,244.0734989643097,256,244.30662655830383,256,244.407062292099,256,244.5080442428589,256,244.606769323349,256,244.8905029296875,256,245.01308965682983,256,245.11172342300415,256,245.34953689575195,256,245.44768643379211,256,245.54378581047058,256,245.64432740211487,256,245.7433168888092,256,245.84527373313904,256,245.93883967399597,256,246.04601883888245,256,246.14944338798523,256,246.25127458572388,256,246.3512065410614,256,246.4510736465454,256,246.6807403564453,256,246.78995180130005,256,246.91086792945862,256,247.0093834400177,256,247.1097276210785,256,247.21160864830017,256,247.31590723991394,256,247.41336512565613,256,247.5158932209015,256,247.6156632900238,256,247.72508692741394,256,247.83782267570496,256,247.94759607315063,256,248.04472517967224,256,248.1820261478424,256,248.28380393981934,256,248.40005326271057,256,248.4986846446991,256,248.61046862602234,256,248.7117052078247,256,248.8133544921875,256,248.91038179397583,256,249.01163864135742,256,249.1099362373352,256,249.21023893356323,256,249.30758476257324,256,249.43612003326416,256,249.5319573879242,256,249.6307351589203,256,249.7346203327179,256,249.83626627922058,256,249.93388056755066,256,250.03128862380981,256,250.12959742546082,256,250.23271870613098,256,250.33760929107666,256,250.44641852378845,256,250.54737448692322,256,250.66567540168762,256,250.761244058609,256,250.86425256729126,256,251.01485395431519,256,251.1173541545868,256,251.2701141834259,256,251.37772679328918,256,251.4801664352417,256,251.58237504959106,256,251.72194075584412,256,251.82023763656616,256,251.92249059677124,256,252.02259349822998,256,252.12626695632935,256,252.22308135032654,256,252.32318782806396,256,252.42471408843994,256,252.5245018005371,256,252.6267466545105,256,252.72867035865784,256,252.82466506958008,256,252.92703080177307,256,253.02327823638916,256,253.12432384490967,256,253.23414063453674,256,253.33474469184875,256,253.43082213401794,256,253.52678656578064,256,253.63050651550293,256,253.72967052459717,256,253.82738757133484,256,253.93115758895874,256,254.20244359970093,256,254.43179941177368,256,254.6753101348877,256,254.77673077583313,256,254.87118411064148,256,254.9735460281372,256,255.07195782661438,256,255.1692509651184,256,255.30784368515015,256,255.40874981880188,256,255.53263568878174,256,255.69398045539856,256,255.78783297538757,256,255.88278532028198,256,255.9847228527069,256,256.0811438560486,256,256.18315148353577,256,256.4123659133911,256,256.51277112960815,256,256.60754346847534,256,256.70430636405945,256,256.80474281311035,256,257.05340814590454,256,257.15312123298645,256,257.2445447444916,256,257.3381989002228,256,257.43798565864563,256,257.5371310710907,256,257.6398136615753,256,257.7367744445801,256,257.8369970321655,256,257.9342608451843,256,258.03437852859497,256,258.16293716430664,256,258.27059149742126,256,258.36880826950073,256,258.4705169200897,256,258.5663363933563,256,258.6623067855835,256,258.76009798049927,256,258.86181354522705,256,258.9635286331177,256,259.07129311561584,256,259.16995191574097,256,259.4065134525299,256,259.50476694107056,256,259.60508966445923,256,259.7038140296936,256,259.8016662597656,256,259.9065771102905,256,260.0089168548584,256,260.11043310165405,256,260.2443027496338,256,260.34534096717834,256,260.4427969455719,256,260.55072593688965,256,260.6478087902069,256,260.7503056526184,256,260.8634994029999,256,260.9802815914154,256,261.10533452033997,256,261.20662808418274,256,261.3067615032196,256,261.4094560146332,256,261.5272958278656,256,261.6337218284607,256,261.7347800731659,256,261.8356738090515,256,261.98881101608276,256,262.0884635448456,256,262.1840224266052,256,262.28336334228516,256,262.3824722766876,256,262.50256609916687,256,262.621604681015,256,262.7839844226837,256,262.88414478302,256,262.98158621788025,256,263.0750412940979,256,263.17937421798706,256,263.2795960903168,256,263.38345432281494,256,263.4779796600342,256,263.5759291648865,256,263.6738212108612,256,263.7696838378906,256,263.864155292511,256,263.96185278892517,256,264.0608832836151,256,264.1594822406769,256,264.2544016838074,256,264.3513488769531,256,264.4518756866455,256,264.5488154888153,256,264.64774084091187,256,264.74306321144104,256,264.84397149086,256,264.94303369522095,256,265.0454170703888,256,265.15188455581665,256,265.2492036819458,256,265.350337266922,256,265.5621519088745,256,265.6650335788727,256,265.7629051208496,256,265.8819544315338,256,265.9836347103119,256,266.08018946647644,256,266.30091643333435,256,266.414338350296,256,266.5125937461853,256,266.61612820625305,256,266.7153513431549,256,266.81485080718994,256,266.91258692741394,256,267.0148777961731,256,267.1212408542633,256,267.2610123157501,256,267.4043650627136,256,267.5032787322998,256,267.606276512146,256,267.70829010009766,256,267.8075432777405,256,267.91136956214905,256,268.068208694458,256,268.16534090042114,256,268.264399766922,256,268.3631501197815,256,268.4713840484619,256,268.5657207965851,256,268.664737701416,256,268.7646336555481,256,268.8597500324249,256,268.96026372909546,256,269.057808637619,256,269.1564109325409,256,269.24883246421814,256,269.395468711853,256,269.4976785182953,256,269.6476049423218,256,269.7432336807251,256,269.84959077835083,256,269.9677758216858,256,270.0678741931915,256,270.1658310890198,256,270.2657997608185,256,270.3651225566864,256,270.4663758277893,256,270.57384181022644,256,270.6714379787445,256,270.7832341194153,256,270.8807911872864,256,270.9758117198944,256,271.0749011039734,256,271.17644476890564,256,271.27544832229614,256,271.3842706680298,256,271.4827563762665,256,271.5834879875183,256,271.6872704029083,256,271.78825545310974,256,271.89346742630005,256,271.99235796928406,256,272.10909962654114,256,272.2206461429596,256,272.326868057251,256,272.4281780719757,256,272.5564751625061,256,272.6547284126282,256,272.8003635406494,256,272.9188766479492,256,273.01948714256287,256,273.1836953163147,256,273.32204723358154,256,273.5497441291809,256,273.6499526500702,256,273.7455222606659,256,273.88481736183167,256,273.9814188480377,256,274.08209252357483,256,274.184157371521,256,274.2811505794525,256,274.3790907859802,256,274.4842472076416,256,274.58679485321045,256,274.68287444114685,256,274.7894239425659,256,274.8893508911133,256,274.98961758613586,256,275.0896258354187,256,275.32536149024963,256,275.42532992362976,256,275.5247130393982,256,275.62433314323425,256,275.72246384620667,256,275.8230974674225,256,275.9241769313812,256,276.023033618927,256,276.11965131759644,256,276.2259888648987,256,276.3243432044983,256,276.4302954673767,256,276.52619338035583,256,276.6268148422241,256,276.73145723342896,256,276.85272121429443,256,276.95445561408997,256,277.2076995372772,256,277.31147289276123,256,277.4078600406647,256,277.514630317688,256,277.61631512641907,256,277.71566677093506,256,277.80898547172546,256,277.9025831222534,256,277.9981873035431,256,278.09722876548767,256,278.1958472728729,256,278.29789304733276,256,278.5015790462494,256,278.60647773742676,256,278.7067663669586,256,278.8022847175598,256,278.9045250415802,256,279.001793384552,256,279.09861159324646,256,279.1938786506653,256,279.2916715145111,256,279.3949360847473,256,279.49973154067993,256,279.59893560409546,256,279.82306027412415,256,279.9217936992645,256,280.06244254112244,256,280.1629340648651,256,280.27667760849,256,280.37686252593994,256,280.5124487876892,256,280.6117663383484,256,280.7125177383423,256,280.81833386421204,256,280.9158978462219,256,281.00906014442444,256,281.1053717136383,256,281.20291471481323,256,281.30602073669434,256,281.5437159538269,256,281.6473581790924,256,281.7498731613159,256,281.85020661354065,256,281.9511148929596,256,282.05413269996643,256,282.15372371673584,256,282.25725197792053,256,282.35308265686035,256,282.44677448272705,256,282.54660081863403,256,282.64730429649353,256,282.7467861175537,256,282.8409903049469,256,282.94032430648804,256,283.0355613231659,256,283.13504099845886,256,283.2351505756378,256,283.3371829986572,256,283.44063425064087,256,283.5399372577667,256,283.64511036872864,256,283.7448127269745,256,284.061945438385,256,284.16116428375244,256,284.25529170036316,256,284.35525155067444,256,284.45237827301025,256,284.57594990730286,256,284.6929061412811,256,284.7911982536316,256,284.8991060256958,256,284.9966297149658,256,285.24735617637634,256,285.350501537323,256,285.4497606754303,256,285.5482997894287,256,285.65095114707947,256,285.74960017204285,256,285.8485894203186,256,285.9474437236786,256,286.04536151885986,256,286.15128779411316,256,286.2510025501251,256,286.3503260612488,256,286.44723176956177,256,286.54110860824585,256,286.6385426521301,256,286.7376947402954,256,286.83836913108826,256,286.94252705574036,256,287.0432424545288,256,287.13610911369324,256,287.23429894447327,256,287.3336272239685,256,287.43194913864136,256,287.5425350666046,256,287.64254999160767,256,287.7478926181793,256,287.8445944786072,256,287.9442584514618,256,288.0562014579773,256,288.20509004592896,256,288.30363750457764,256,288.40089106559753,256,288.5046000480652,256,288.60894417762756,256,288.7087423801422,256,288.8076682090759,256,288.9396233558655,256,289.0390737056732,256,289.1356375217438,256,289.2345759868622,256,289.32954835891724,256,289.43073868751526,256,289.65758419036865,256,289.7610373497009,256,290.0295457839966,256,290.13489866256714,256,290.2327642440796,256,290.3318028450012,256,290.43198704719543,256,290.5340692996979,256,290.6349494457245,256,290.7316200733185,256,290.83031272888184,256,290.93021631240845,256,291.0312225818634,256,291.13020968437195,256,291.2291338443756,256,291.3281738758087,256,291.44001269340515,256,291.59353137016296,256,291.69503235816956,256,291.7923638820648,256,291.8882942199707,256,291.9845960140228,256,292.08586287498474,256,292.1793200969696,256,292.2785270214081,256,292.3789236545563,256,292.47897577285767,256,292.57600021362305,256,292.67634177207947,256,292.7751488685608,256,292.8678848743439,256,292.9810345172882,256,293.0913097858429,256,293.18848061561584,256,293.28998351097107,256,293.38458919525146,256,293.5281844139099,256,293.628365278244,256,293.7276701927185,256,293.824364900589,256,293.92462372779846,256,294.0317265987396,256,294.13846230506897,256,294.23706817626953,256,294.3359925746918,256,294.4491856098175,256,294.54723381996155,256,294.6432566642761,256,294.77581095695496,256,294.8727490901947,256,294.97591042518616,256,295.13798928260803,256,295.23421692848206,256,295.3308644294739,256,295.5724332332611,256,295.6738784313202,256,295.76981925964355,256,295.8903868198395,256,295.9892911911011,256,296.0908000469208,256,296.21248149871826,256,296.3094596862793,256,296.40480399131775,256,296.5036253929138,256,296.5959074497223,256,296.69148659706116,256,296.80518794059753,256,296.89708375930786,256,296.99585604667664,256,297.1084716320038,256,297.2022714614868,256,297.30280327796936,256,297.39919447898865,256,297.49409770965576,256,297.58716773986816,256,297.6853656768799,256,297.78374218940735,256,297.88594675064087,256,297.9815742969513,256,298.0794973373413,256,298.1813292503357,256,298.4085853099823,256,298.53415179252625,256,298.63924741744995,256,298.7394771575928,256,298.8378415107727,256,298.9336721897125,256,299.03081822395325,256,299.12718892097473,256,299.24195766448975,256,299.33557653427124,256,299.42795729637146,256,299.52400183677673,256,299.61895394325256,256,299.7710666656494,256,299.86759543418884,256,299.96753096580505,256,300.0454876422882
4,random graphs/triangle/r1.5k18n12/graph4.lgbin,1813,233.20309209823608,255,692,0,600,0.2605264186859131,525,0.4143509864807129,510,0.8115167617797852,441,1.0207102298736572,398,1.1687769889831543,396,1.289020299911499,364,1.4385995864868164,353,1.5795667171478271,344,1.822629690170288,341,2.149231433868408,338,2.285909414291382,332,2.420140027999878,331,2.632096290588379,324,2.820268392562866,320,2.9314916133880615,317,3.1497676372528076,313,3.406822919845581,310,3.662125587463379,310,3.7747371196746826,308,3.9818191528320312,308,4.085010051727295,308,4.241888999938965,306,4.365969896316528,306,4.507559537887573,306,4.725966215133667,305,5.0035719871521,305,5.137218952178955,305,5.290162086486816,305,5.535949945449829,305,5.672968149185181,305,5.834460496902466,305,6.003056526184082,304,6.273438930511475,304,6.388188123703003,304,6.653184652328491,304,6.809993267059326,304,6.975027322769165,304,7.463079214096069,304,7.573149681091309,304,7.6803879737854,304,7.900050163269043,304,8.04278302192688,304,8.181687831878662,304,8.287766456604004,304,8.490766048431396,304,8.63379693031311,304,8.773486614227295,304,8.993592977523804,304,9.136713981628418,304,9.273794174194336,304,9.385680675506592,304,9.530547618865967,304,9.651068925857544,304,9.757682800292969,304,9.902875185012817,304,10.051499843597412,304,10.267216444015503,304,10.369081735610962,304,10.482454776763916,304,10.588415384292603,304,10.737420320510864,304,10.917166709899902,304,11.116652727127075,304,11.330318927764893,304,11.502706289291382,304,11.60992980003357,304,11.7222421169281,304,11.970048427581787,304,12.210556030273438,304,12.328266382217407,304,12.458452701568604,304,12.614948987960815,304,12.71593976020813,304,12.823357105255127,304,12.98397970199585,304,13.122379302978516,304,13.315985441207886,304,13.557096481323242,304,13.70318603515625,303,13.913756847381592,303,14.184586763381958,303,14.42970609664917,300,14.636634588241577,299,14.87603235244751,297,15.023945331573486,297,15.16097903251648,297,15.315155029296875,297,15.583400249481201,296,15.727197647094727,296,15.87120246887207,296,16.146045207977295,296,16.36933183670044,296,16.70980429649353,296,16.852553367614746,296,16.993414640426636,296,17.140774250030518,296,17.25248956680298,296,17.515926837921143,296,17.639726400375366,296,17.760608911514282,296,17.868355989456177,296,18.00449824333191,296,18.157089710235596,296,18.379750967025757,296,18.52910280227661,296,18.97298574447632,295,19.44717240333557,295,19.611913442611694,295,19.809707403182983,295,20.032097101211548,295,20.132912158966064,295,20.237266778945923,295,20.378930807113647,295,20.652904987335205,295,20.800793647766113,295,21.011005401611328,295,21.22394585609436,295,21.355298280715942,295,21.550522327423096,295,21.74180316925049,295,21.903987169265747,295,22.033416986465454,295,22.13365411758423,295,22.24082064628601,295,22.345492601394653,295,22.571534395217896,295,22.683648109436035,295,22.78827452659607,295,22.996450424194336,295,23.134552478790283,295,23.378002405166626,295,23.486143112182617,295,23.68234610557556,295,23.78753137588501,295,23.902374982833862,295,24.019848346710205,295,24.246132373809814,295,24.354220867156982,295,24.45478320121765,295,24.714829921722412,295,24.940582275390625,295,25.11021137237549,295,25.22353196144104,295,25.661766529083252,295,25.76374316215515,295,26.00682830810547,295,26.1963312625885,295,26.403798580169678,295,26.55650043487549,295,26.66786217689514,295,26.95677900314331,295,27.213680505752563,295,27.417452096939087,295,27.546000003814697,295,27.79091763496399,295,28.00813102722168,295,28.115353107452393,295,28.216907739639282,295,28.37608504295349,295,28.552115201950073,295,28.783215284347534,295,31.110211849212646,295,31.25504755973816,295,31.367069005966187,295,31.480000495910645,295,31.738231658935547,295,31.847874402999878,295,31.982887744903564,295,32.36261248588562,295,32.46961832046509,295,32.69025945663452,295,32.952767848968506,295,33.061835289001465,295,33.4307861328125,295,33.679744243621826,295,33.787848711013794,295,33.89284133911133,295,34.00844764709473,295,34.25784993171692,295,34.41985106468201,295,34.80661964416504,295,35.046411991119385,295,35.44110131263733,295,35.595417737960815,295,35.824636459350586,295,35.989492893218994,295,36.223814725875854,295,36.32781505584717,295,36.469292640686035,295,36.77268362045288,295,36.91101002693176,295,37.14887833595276,295,37.612730503082275,295,37.76081562042236,295,37.91643500328064,295,40.28178548812866,295,40.42591452598572,295,40.574217319488525,295,40.68874645233154,295,40.85801601409912,295,41.105135917663574,295,41.26355266571045,295,41.36451554298401,295,41.54063391685486,295,41.70314860343933,295,41.97726488113403,295,42.18932247161865,295,42.36791920661926,295,42.52281069755554,295,42.63459277153015,295,42.74816083908081,295,42.906943559646606,295,43.020938873291016,295,43.21094012260437,295,43.322096824645996,295,43.470577239990234,295,43.611639738082886,295,43.76275825500488,295,44.01078271865845,295,44.22914171218872,295,44.342222929000854,295,44.58527231216431,295,44.71168351173401,295,44.987215757369995,295,45.24284863471985,295,45.39112687110901,295,45.50699234008789,295,45.712093353271484,295,45.890784740448,295,45.99687314033508,295,46.11667227745056,295,46.22771453857422,295,46.37326002120972,295,46.60283374786377,295,46.740495443344116,295,46.84939193725586,295,47.10381007194519,295,47.351749420166016,295,47.46920585632324,295,47.58978223800659,295,47.72674560546875,295,48.224326372146606,295,48.36604595184326,295,48.58597946166992,295,48.82373666763306,295,49.11437773704529,295,49.270110845565796,295,49.518357038497925,295,49.627269983291626,295,49.87148380279541,295,49.97986316680908,295,50.121763706207275,295,50.22870492935181,295,50.41940951347351,295,50.62530159950256,295,50.88767170906067,295,51.034788608551025,295,51.560322284698486,295,51.70712399482727,295,51.85297083854675,295,51.95998978614807,295,52.12228488922119,295,52.361510276794434,295,52.50586271286011,295,52.75310516357422,295,52.90761137008667,295,53.022868394851685,295,53.19114136695862,295,53.30363893508911,295,53.557480812072754,295,53.66879224777222,295,53.77107381820679,295,54.086461544036865,295,54.35033178329468,295,54.61333084106445,295,54.76113271713257,295,54.954771757125854,295,55.193310022354126,295,55.316040992736816,295,55.456291913986206,295,55.598052978515625,295,55.73674249649048,295,55.976584911346436,295,56.26389479637146,295,56.48001408576965,295,56.6937894821167,295,56.79814076423645,295,56.901161909103394,295,57.03062725067139,295,57.329429388046265,295,57.55610942840576,295,57.66357898712158,295,57.77842402458191,295,57.902695417404175,295,58.02678608894348,295,58.172924518585205,295,58.3449821472168,295,58.452441692352295,295,58.61133313179016,295,58.72863459587097,295,58.83364152908325,295,58.99715828895569,295,59.11067342758179,295,59.33838772773743,295,59.555930852890015,295,59.69400215148926,295,59.91446542739868,295,60.02483034133911,295,60.13528537750244,295,60.282960414886475,295,60.393675327301025,294,60.64435958862305,294,60.85404181480408,292,61.089253187179565,291,61.31935977935791,291,61.782668352127075,291,61.93498945236206,291,62.206514835357666,291,62.31092286109924,291,62.41992807388306,291,62.526504039764404,291,62.785760164260864,291,62.98729920387268,291,63.14893198013306,290,63.35555577278137,290,63.62081956863403,290,63.854461669921875,289,64.09545660018921,289,64.2654299736023,289,64.38268160820007,289,64.49156260490417,286,64.71098470687866,286,64.84516406059265,286,64.95018100738525,286,65.06154441833496,286,65.16564464569092,286,65.41349840164185,285,65.6639928817749,285,65.90431308746338,285,66.01726746559143,285,66.1523642539978,285,66.296067237854,285,66.39764046669006,285,66.53937029838562,285,66.77101755142212,285,66.88177275657654,285,67.12352800369263,285,67.27406239509583,285,67.50008487701416,285,67.61743807792664,285,67.96442198753357,285,68.17139077186584,285,68.32714653015137,285,68.54762864112854,285,68.67815613746643,285,68.81925058364868,285,69.27003240585327,285,69.3869297504425,285,69.52672982215881,285,69.66582202911377,285,69.76924419403076,285,70.10715818405151,285,70.36209487915039,285,70.82328367233276,285,70.93464350700378,284,71.16996169090271,284,71.36692810058594,284,71.60102653503418,284,71.74383807182312,284,71.9751787185669,284,72.079998254776,284,72.31991624832153,284,72.42900204658508,284,72.53398036956787,284,72.64538264274597,284,73.14096355438232,284,73.31890344619751,284,73.43468976020813,284,73.54283404350281,284,73.66303205490112,284,73.97343015670776,284,74.07887744903564,284,74.69363045692444,284,74.95553827285767,284,75.06360054016113,284,75.16412687301636,284,75.27093839645386,284,75.37183356285095,284,75.57148885726929,284,75.68201088905334,284,75.90693163871765,284,76.14159822463989,284,76.24488973617554,284,76.35405158996582,284,76.47183084487915,284,76.58124732971191,284,76.82484364509583,284,76.9400281906128,284,77.04558801651001,284,77.18925213813782,284,77.46589541435242,284,77.56618070602417,284,77.68089818954468,284,77.81899380683899,284,78.05622792243958,284,78.4288010597229,284,78.53538846969604,284,78.68723368644714,284,78.83597040176392,284,81.17018842697144,284,81.27131867408752,284,81.41132855415344,284,81.54262900352478,284,81.72057867050171,284,81.84377264976501,284,81.98292541503906,284,82.15125179290771,284,82.43430542945862,284,82.8287603855133,284,84.88152527809143,284,84.98958492279053,284,85.11407423019409,284,85.22199964523315,284,85.36164379119873,284,85.46593117713928,284,85.61035895347595,284,85.77106046676636,284,85.88119578361511,284,86.02781391143799,284,86.1358482837677,284,86.24538660049438,284,86.48591804504395,284,86.63682913780212,284,86.76121163368225,284,86.91101694107056,284,87.04573726654053,284,87.1602373123169,284,87.35217833518982,284,87.58668065071106,284,87.69696426391602,284,88.03392386436462,284,88.27510571479797,284,88.41095471382141,284,88.69319081306458,284,88.84126353263855,284,89.04598927497864,284,89.18973302841187,284,89.33018088340759,284,89.44065523147583,284,89.64465713500977,284,89.78700017929077,284,89.93075561523438,284,90.04531359672546,284,90.16505408287048,284,90.30965256690979,284,90.45397710800171,284,90.58387160301208,284,90.80124068260193,284,90.91052317619324,284,91.11900734901428,284,91.25504612922668,284,91.44834518432617,284,91.55662178993225,284,91.70395064353943,284,91.8270206451416,283,92.02187776565552,282,92.27805519104004,282,92.39579892158508,282,92.5419933795929,282,92.78647470474243,282,92.93150424957275,282,95.27203702926636,282,95.3827178478241,282,95.48837685585022,282,95.59074115753174,282,95.84558939933777,282,96.04132795333862,282,96.15144872665405,282,96.30426025390625,282,96.44166707992554,282,96.54530429840088,282,96.65064191818237,282,96.76310443878174,282,97.01620388031006,282,97.36058020591736,282,97.4710533618927,282,97.705069065094,282,97.84939312934875,282,97.99542450904846,282,98.2350025177002,282,98.4328932762146,282,98.56776189804077,282,98.70225405693054,282,98.92082214355469,282,99.07122492790222,282,99.26586294174194,282,99.5663709640503,282,99.82503581047058,282,100.21540594100952,282,100.33758449554443,282,100.44568514823914,282,100.55090498924255,282,100.80411863327026,282,100.92036437988281,282,101.03551983833313,282,101.14676856994629,282,101.25972580909729,282,101.37284135818481,282,101.59837341308594,282,101.71246409416199,282,101.93059301376343,282,102.04205632209778,282,102.17851853370667,282,102.28551864624023,282,102.54537630081177,282,102.65259528160095,282,102.88548493385315,282,103.15642380714417,282,103.38094210624695,282,103.4907648563385,282,103.71476483345032,282,103.82787156105042,282,104.09450340270996,282,104.2412588596344,282,104.51440739631653,282,104.62779211997986,282,104.74006581306458,282,104.84990453720093,282,105.08019804954529,282,107.94741821289062,282,108.06076383590698,282,108.16812229156494,282,108.27846646308899,282,108.51308917999268,282,108.6215591430664,282,108.85513949394226,282,109.2972526550293,282,109.39704298973083,282,109.50287580490112,282,109.61294770240784,282,109.75380206108093,282,109.98678255081177,282,110.23280620574951,282,110.47636342048645,282,110.73989486694336,282,110.90783905982971,282,111.05938792228699,282,111.16894674301147,282,111.36832809448242,282,111.49401116371155,282,111.59838891029358,282,111.72058343887329,282,111.94099116325378,282,112.17560887336731,282,112.31851434707642,282,112.429368019104,282,112.57877445220947,282,112.75011920928955,282,112.93768358230591,282,113.20646739006042,282,113.31496620178223,282,113.42129802703857,282,113.68114113807678,282,113.79221796989441,282,114.04777956008911,282,114.1848418712616,282,114.38877367973328,282,114.55001163482666,282,114.65305161476135,282,114.79932832717896,282,114.9076874256134,282,115.17500686645508,282,115.45858812332153,282,115.59492897987366,282,115.73044300079346,282,115.99885654449463,282,116.27498316764832,282,116.49393200874329,282,116.65258455276489,282,116.75860905647278,282,117.24082231521606,282,117.34350371360779,282,117.47715067863464,282,117.73224067687988,282,117.88424515724182,282,118.0069649219513,282,118.15292811393738,282,118.2664430141449,282,118.52799344062805,282,118.63326144218445,282,118.88610005378723,282,118.98948121070862,282,119.1358335018158,282,119.26569247245789,282,119.46727061271667,282,119.58621168136597,282,119.72964763641357,282,119.87023973464966,282,119.99343061447144,282,120.10411405563354,282,120.2085690498352,282,120.60416507720947,282,120.79987716674805,282,121.00608158111572,282,121.12153959274292,282,121.22946858406067,282,121.3326530456543,282,121.613778591156,282,121.724937915802,282,121.89462018013,282,122.21879696846008,282,122.33520889282227,282,122.46059107780457,282,122.58549499511719,282,122.71823453903198,282,122.83182072639465,282,122.9421067237854,282,123.05318212509155,282,123.29180431365967,282,123.4004123210907,282,123.50998735427856,282,123.61298704147339,282,123.88423585891724,282,124.20627975463867,282,124.45910692214966,282,124.567697763443,282,125.05140519142151,282,125.24175643920898,282,125.35117721557617,282,125.55390644073486,282,125.69591617584229,282,125.8529303073883,282,126.09235286712646,282,126.24564862251282,282,126.38882899284363,282,126.4916033744812,282,126.70009636878967,282,126.80428528785706,282,126.9906895160675,282,127.23595094680786,282,127.50648593902588,282,127.61818480491638,282,127.82263517379761,282,127.930419921875,282,128.1555609703064,282,128.26820850372314,282,128.43064379692078,282,128.5376842021942,282,128.6916127204895,282,128.8030490875244,282,128.93532156944275,282,129.04622650146484,282,129.19824266433716,282,129.30258011817932,282,129.41803455352783,282,129.52595162391663,282,129.63606524467468,282,129.8614718914032,282,129.96811413764954,282,130.2194709777832,282,130.36758279800415,282,130.5837025642395,282,130.73579812049866,282,130.84786891937256,282,130.9561676979065,282,131.0568037033081,282,131.16061782836914,282,131.30580139160156,282,131.61472845077515,282,131.72939085960388,282,131.87836289405823,282,132.0234730243683,282,132.14942598342896,282,134.68222427368164,282,134.87462759017944,282,135.01954412460327,282,135.40568208694458,282,135.67380785942078,282,135.81131529808044,282,135.91699028015137,282,136.021324634552,282,136.17371702194214,282,136.42611837387085,282,136.56528067588806,282,136.703763961792,282,136.92949795722961,282,137.19951581954956,282,137.30722188949585,282,137.57206058502197,282,137.68291401863098,282,137.87797045707703,282,138.09893536567688,282,138.3415083885193,282,138.45464158058167,282,138.5790753364563,282,138.6868999004364,282,138.89953422546387,282,139.02886271476746,282,139.1414177417755,282,139.25813579559326,282,139.36358904838562,282,139.64526104927063,282,139.7585527896881,282,139.8689422607422,282,139.98590111732483,282,140.1192605495453,282,140.27644777297974,282,140.39084887504578,282,140.66095614433289,282,140.7819492816925,282,140.89279913902283,282,140.99586534500122,282,141.11210370063782,282,141.25374221801758,282,141.48068189620972,282,141.75925970077515,282,141.92796874046326,282,144.04717183113098,282,144.1567304134369,282,144.35153675079346,282,144.49262523651123,282,144.78236031532288,282,144.91896796226501,282,145.0369746685028,282,145.20072603225708,282,145.4009530544281,282,145.5088415145874,282,145.6240508556366,282,145.88604521751404,282,146.14723110198975,282,146.40649461746216,282,146.64457511901855,282,146.7613923549652,282,146.86956548690796,281,147.14002776145935,277,147.40116262435913,276,147.67068886756897,276,147.77514791488647,276,147.8909695148468,276,148.05901169776917,274,148.29445099830627,272,148.42512392997742,271,148.6218101978302,271,148.78240847587585,271,148.9137454032898,271,149.05074095726013,271,149.2439694404602,271,149.46507263183594,271,149.57508540153503,271,149.84546756744385,271,149.9590368270874,271,150.06227087974548,271,150.1696434020996,271,150.35778427124023,271,150.57554650306702,271,150.67834615707397,271,150.78284573554993,271,150.92511367797852,271,151.03091049194336,271,151.16353344917297,271,151.4093942642212,271,151.60114812850952,271,151.71181321144104,271,151.82175278663635,271,151.94536709785461,271,152.16881728172302,271,152.33602380752563,271,152.56501173973083,271,153.04882764816284,271,153.15218138694763,271,153.38289380073547,271,153.4854598045349,271,153.59051632881165,271,153.69620370864868,271,154.08332228660583,271,154.21673846244812,271,154.32720565795898,271,154.47807574272156,270,154.6173870563507,269,154.90487837791443,269,155.0392074584961,268,155.21499133110046,267,155.49390983581543,267,155.59049820899963,264,155.83635425567627,264,155.94428873062134,263,156.20445132255554,263,156.31706380844116,260,156.4482343196869,260,156.64289712905884,260,156.7781858444214,259,156.96607971191406,259,157.09388995170593,259,157.3568241596222,259,157.78659582138062,258,157.95678615570068,258,158.4352159500122,258,158.5411205291748,258,158.74448800086975,258,158.85369777679443,258,158.99524903297424,258,159.12484407424927,258,159.3718421459198,258,159.63051223754883,258,159.88938355445862,258,160.01137518882751,258,160.12917184829712,258,160.24729299545288,258,160.34970450401306,258,160.4953236579895,258,160.60525226593018,258,160.71231651306152,258,160.84627985954285,258,160.98821711540222,258,161.1071262359619,256,161.24686360359192,256,161.64602279663086,256,161.78206181526184,256,161.8924539089203,256,162.00441765785217,256,162.26246786117554,256,162.7571201324463,256,162.8578019142151,256,163.098562002182,256,163.24374747276306,256,163.3543038368225,256,163.50112104415894,256,163.61279201507568,256,163.71504473686218,256,163.82388734817505,256,163.92831110954285,256,164.03707671165466,256,164.14336681365967,256,164.24448227882385,256,164.47508358955383,256,164.6977255344391,256,164.80514788627625,256,164.91220545768738,256,165.1165852546692,256,165.21907305717468,256,165.3346335887909,256,165.56515216827393,256,165.6730055809021,256,165.88043355941772,256,166.09758639335632,256,166.19923758506775,256,166.46431469917297,256,166.61131143569946,256,166.71738624572754,256,166.82229828834534,256,166.92571473121643,256,167.03492069244385,256,167.17301726341248,256,167.42406105995178,256,167.67392349243164,256,167.8109335899353,256,167.97651314735413,256,168.1131329536438,256,168.26743936538696,256,168.3706021308899,256,168.4817497730255,256,168.77954196929932,256,168.97549748420715,256,169.20518970489502,256,169.32459378242493,256,169.57563734054565,256,169.68143153190613,256,169.8326177597046,256,170.22639656066895,256,170.53603291511536,256,170.6764416694641,256,170.77938175201416,256,170.91564083099365,256,171.15241479873657,256,171.2700662612915,256,171.4110391139984,256,171.61820197105408,256,171.83221316337585,256,171.95003628730774,256,172.05304098129272,256,172.16156148910522,256,172.2686252593994,256,172.38113641738892,256,172.50774335861206,256,172.67036151885986,256,172.7899308204651,256,172.9441623687744,256,173.04623889923096,256,173.18131184577942,256,173.32178711891174,256,173.42293763160706,256,173.53051805496216,256,173.63767337799072,256,173.85604286193848,256,174.01260352134705,256,174.2329123020172,256,174.36833119392395,256,174.47328805923462,256,174.58574843406677,256,174.69481205940247,256,174.88917231559753,256,175.10857248306274,256,175.33871054649353,256,175.47120118141174,256,175.57518100738525,256,175.8079173564911,256,175.91005778312683,256,176.0298433303833,256,176.29778671264648,256,176.53935980796814,256,176.77467346191406,256,176.87784624099731,256,177.42420506477356,256,177.58105731010437,256,177.68973183631897,256,177.85480213165283,256,178.1125204563141,256,178.21565747261047,256,178.41423273086548,256,178.51544427871704,256,178.6256422996521,256,178.90056228637695,256,179.4950315952301,256,179.60181307792664,256,179.70547342300415,256,179.84671902656555,256,179.95381712913513,256,180.20887398719788,256,180.36737728118896,256,180.47275257110596,256,180.60786724090576,256,180.86811661720276,256,181.0015037059784,256,181.1402449607849,256,181.25319170951843,256,181.3646855354309,256,181.5776822566986,256,181.68001413345337,256,181.91024589538574,256,182.0277636051178,256,182.28925466537476,256,182.5453896522522,256,182.69368767738342,256,182.84736251831055,256,182.99186539649963,256,183.10151052474976,256,183.24603748321533,256,183.34770488739014,256,183.63229250907898,256,183.87294578552246,256,186.08812832832336,256,186.5663983821869,256,186.984050989151,256,187.17789578437805,256,187.33534002304077,256,187.54077196121216,256,188.0194640159607,256,188.23820805549622,256,188.3471302986145,256,188.45122289657593,256,188.65980577468872,256,188.76435232162476,256,188.87259030342102,256,190.8279640674591,256,190.97094774246216,256,191.5007712841034,256,191.60722088813782,256,191.84800791740417,256,191.9625825881958,256,192.07074427604675,256,192.1768696308136,256,192.30906796455383,256,192.6189742088318,256,192.75349640846252,256,193.01073026657104,256,193.20903873443604,256,193.4126889705658,256,193.62785410881042,256,193.77002024650574,256,194.03795099258423,256,194.1488049030304,256,194.3381004333496,256,194.45328211784363,256,194.641450881958,256,194.74104976654053,256,194.8670301437378,256,194.9721121788025,256,195.10922050476074,256,195.49357056617737,256,195.65184354782104,256,195.91808414459229,256,196.05625534057617,256,196.1930046081543,256,196.33518838882446,256,196.58281588554382,256,196.68553233146667,256,196.83361291885376,256,196.97814297676086,256,197.22304344177246,256,197.57022261619568,256,197.68402862548828,256,197.7906014919281,256,197.89386081695557,256,197.9957354068756,256,198.11488795280457,256,198.33838057518005,256,198.44271659851074,256,198.5968840122223,256,198.8001790046692,256,198.91044545173645,256,199.02594089508057,256,199.134667634964,256,199.24867391586304,256,199.45751285552979,256,199.56417679786682,256,199.67150497436523,256,199.79770612716675,256,199.89834761619568,256,200.00858974456787,256,200.1172125339508,256,200.21638011932373,256,200.4181478023529,256,200.52979135513306,256,200.64154887199402,256,200.74366164207458,256,201.03907203674316,256,201.1890778541565,256,201.2953314781189,256,201.6070475578308,256,201.81587672233582,256,202.0612349510193,256,202.28199124336243,256,202.54046773910522,256,202.64329600334167,256,202.79003143310547,256,203.21241283416748,256,203.36949729919434,256,203.51245403289795,256,203.6203052997589,256,203.90923070907593,256,204.0426950454712,256,204.16632986068726,256,204.44285035133362,256,204.59356546401978,256,204.80379581451416,256,204.9525260925293,256,205.20286655426025,256,205.30767107009888,256,205.4123866558075,256,205.61272764205933,256,205.71707844734192,256,205.85694289207458,256,208.1295051574707,256,208.23555088043213,256,208.6571683883667,256,208.7950758934021,256,208.9911985397339,256,209.37353777885437,256,209.47542142868042,256,209.6728856563568,256,209.8006706237793,256,210.03262877464294,256,210.16915702819824,256,210.2748942375183,256,210.38536643981934,256,210.5353183746338,256,210.6774456501007,256,210.83503985404968,256,211.09680676460266,256,211.34637665748596,256,211.45434641838074,256,211.70273756980896,256,211.94986963272095,256,212.0962827205658,256,212.25955939292908,256,212.52247023582458,256,212.64229035377502,256,212.75921940803528,256,212.86543202400208,256,212.97416234016418,256,213.13053560256958,256,213.26825070381165,256,213.78002214431763,256,213.92276406288147,256,214.02706146240234,256,214.13991451263428,256,214.24884223937988,256,214.47805881500244,256,214.8027698993683,256,214.94244623184204,255,215.1536853313446,255,215.40021634101868,255,215.6513328552246,255,215.91573238372803,255,216.06299781799316,255,216.24895310401917,255,216.4034333229065,255,216.51988530158997,255,216.61968278884888,255,216.72691798210144,255,216.94751358032227,255,217.08008003234863,255,217.34565377235413,255,217.91345858573914,255,218.0232379436493,255,218.32277536392212,255,218.43051600456238,255,218.55298590660095,255,218.67340683937073,255,219.01322889328003,255,219.27242636680603,255,219.53152465820312,255,219.6709713935852,255,220.05745792388916,255,220.16817045211792,255,220.31255555152893,255,220.43517303466797,255,220.5486273765564,255,220.8493525981903,255,221.3114092350006,255,221.46292543411255,255,221.57363057136536,255,221.8094573020935,255,221.92459511756897,255,222.0944049358368,255,222.20212030410767,255,222.30568718910217,255,222.51461172103882,255,222.70169115066528,255,223.1137719154358,255,223.22097277641296,255,223.33222007751465,255,223.4377794265747,255,223.54051232337952,255,223.81815028190613,255,223.93652486801147,255,224.04384398460388,255,224.1491026878357,255,224.54859614372253,255,224.65172481536865,255,224.9197540283203,255,225.0221893787384,255,225.14493060112,255,225.25076842308044,255,225.3599557876587,255,225.58346223831177,255,225.78560614585876,255,225.89188385009766,255,226.0268304347992,255,226.13019180297852,255,226.35802268981934,255,226.56458973884583,255,226.66893815994263,255,226.81471514701843,255,226.9167447090149,255,227.32746005058289,255,227.4747076034546,255,227.8177170753479,255,227.93396925926208,255,228.08012580871582,255,228.29583311080933,255,228.39839339256287,255,228.66941833496094,255,228.90961384773254,255,229.05870604515076,255,229.295560836792,255,229.39999079704285,255,229.63240146636963,255,229.74101614952087,255,229.84209966659546,255,229.94883394241333,255,230.0546042919159,255,230.45265865325928,255,230.65040063858032,255,230.75695300102234,255,230.86006999015808,255,230.96491765975952,255,231.06771802902222,255,231.17018818855286,255,231.3239598274231,255,231.56519865989685,255,231.7077169418335,255,231.81736063957214,255,231.964262008667,255,232.06776809692383,255,232.30909776687622,255,232.41690111160278,255,232.5317199230194,255,232.6419005393982,255,232.82213973999023,255,232.9212567806244,255,233.08509969711304,255,233.19174695014954,255,233.2968499660492,255,233.4094922542572,255,233.7633879184723,255,233.9919238090515,255,234.09420919418335,255,234.2075002193451,255,234.3166868686676,255,234.60816836357117,255,234.7137153148651,255,234.81920528411865,255,234.9339439868927,255,235.16027784347534,255,235.29499125480652,255,235.5572693347931,255,235.66302728652954,255,236.22813439369202,255,236.33332633972168,255,236.58274388313293,255,236.69708395004272,255,236.80192947387695,255,236.91032767295837,255,239.77588391304016,255,240.0398988723755,255,240.24540448188782,255,240.57823300361633,255,240.80350804328918,255,240.90871620178223,255,241.02247762680054,255,241.13104963302612,255,241.24307250976562,255,241.35329174995422,255,241.45970702171326,255,241.5637755393982,255,241.80019617080688,255,241.95281076431274,255,242.06080317497253,255,242.16739964485168,255,242.27505707740784,255,242.3889718055725,255,242.49456143379211,255,242.7210991382599,255,243.10260939598083,255,243.36905121803284,255,243.48021054267883,255,243.59035849571228,255,243.76073837280273,255,243.8801965713501,255,243.98497414588928,255,244.14159870147705,255,244.34379720687866,255,244.45005822181702,255,244.65768146514893,255,245.00942420959473,255,245.11872243881226,255,245.2255892753601,255,245.4643783569336,255,245.61236238479614,255,245.72709822654724,255,245.84341168403625,255,246.00723147392273,255,246.24543690681458,255,246.3532099723816,255,246.81821751594543,255,246.92406725883484,255,247.03697156906128,255,247.14695644378662,255,247.25411701202393,255,247.35402059555054,255,247.4610939025879,255,247.77421402931213,255,247.95709800720215,255,248.21985125541687,255,248.35652565956116,255,248.50006818771362,255,249.05716824531555,255,249.21573185920715,255,249.35259866714478,255,249.49081468582153,255,249.59825205802917,255,249.70925998687744,255,249.9638533592224,255,250.38136744499207,255,250.49163913726807,255,250.7076599597931,255,250.8147587776184,255,251.03590154647827,255,251.60720539093018,255,251.7127137184143,255,251.93638253211975,255,252.09151101112366,255,252.30050563812256,255,252.56293725967407,255,252.66943049430847,255,253.13228702545166,255,253.24006748199463,255,253.3422622680664,255,253.45637273788452,255,253.84910798072815,255,253.95649647712708,255,254.16427993774414,255,254.4156675338745,255,254.5262393951416,255,254.76013112068176,255,254.9827275276184,255,255.22513604164124,255,255.37080097198486,255,255.57694363594055,255,255.73742985725403,255,255.84852981567383,255,255.96295738220215,255,256.06930780410767,255,256.17507004737854,255,256.31243991851807,255,256.42415952682495,255,256.57003235816956,255,257.06620621681213,255,257.17772340774536,255,257.2888517379761,255,257.4011778831482,255,257.5130889415741,255,257.6498839855194,255,257.7565143108368,255,257.8715512752533,255,258.17927598953247,255,258.40523767471313,255,258.6410982608795,255,258.83862042427063,255,259.00136947631836,255,259.1188337802887,255,259.43168091773987,255,259.5567328929901,255,259.6660361289978,255,260.1226809024811,255,260.379611492157,255,260.5241804122925,255,263.4310736656189,255,263.6992983818054,255,263.84386920928955,255,263.98605585098267,255,264.08768010139465,255,265.9567041397095,255,266.06720542907715,255,266.2090003490448,255,266.3202223777771,255,266.5567092895508,255,266.68723464012146,255,266.7947552204132,255,267.0631899833679,255,267.1992440223694,255,267.39359641075134,255,267.5122196674347,255,267.71288323402405,255,267.9090256690979,255,268.00981187820435,255,268.13599491119385,255,270.5908043384552,255,273.62798738479614,255,273.77654576301575,255,273.88058829307556,255,274.122891664505,255,274.6243579387665,255,274.72573709487915,255,274.83235359191895,255,275.2354738712311,255,275.3418126106262,255,275.6228153705597,255,275.72891426086426,255,275.99463629722595,255,276.1116142272949,255,276.2457437515259,255,276.35621452331543,255,276.46274304389954,255,276.6722238063812,255,276.9432830810547,255,277.05032300949097,255,277.30659580230713,255,277.8058967590332,255,277.91208696365356,255,278.0194914340973,255,278.12260723114014,255,278.2324516773224,255,278.34508991241455,255,278.5055718421936,255,278.61331486701965,255,280.77565336227417,255,281.00795006752014,255,281.2599813938141,255,281.3633282184601,255,281.4776201248169,255,281.6769046783447,255,281.97493982315063,255,282.1107437610626,255,282.2676467895508,255,282.49044370651245,255,282.70608282089233,255,282.8598964214325,255,283.06583547592163,255,283.2130732536316,255,283.44048166275024,255,283.5451328754425,255,283.79597067832947,255,284.30600476264954,255,284.470370054245,255,286.5244731903076,255,286.7955186367035,255,286.9432806968689,255,287.0517680644989,255,287.1546702384949,255,287.2622036933899,255,287.3757972717285,255,287.4918358325958,255,287.73617577552795,255,287.8871178627014,255,288.00496912002563,255,288.1124839782715,255,288.22160267829895,255,288.33057856559753,255,290.6687729358673,255,290.7723014354706,255,290.885112285614,255,290.9938688278198,255,291.24248218536377,255,291.3888261318207,255,291.491352558136,255,291.5999538898468,255,291.83892035484314,255,291.94857811927795,255,292.0562288761139,255,292.16508746147156,255,292.33063983917236,255,292.43798780441284,255,292.54877853393555,255,292.7516543865204,255,292.97250413894653,255,293.1783330440521,255,293.2808814048767,255,293.38342571258545,255,293.7501394748688,255,293.8588457107544,255,294.1112778186798,255,294.50930643081665,255,294.72681307792664,255,294.8384027481079,255,294.9462242126465,255,295.184298992157,255,295.2915315628052,255,295.5397310256958,255,295.7881600856781,255,296.0166871547699,255,296.22563004493713,255,296.4300365447998,255,296.65734457969666,255,296.8549666404724,255,296.9646518230438,255,297.0706009864807,255,297.2745854854584,255,297.38343381881714,255,297.4966149330139,255,297.6945264339447,255,297.95843172073364,255,298.3901472091675,255,298.4986047744751,255,300.1114573478699
0,random graphs/triangle/r1.5k18n12/graph0.lgbin,2613,260.69523310661316,314,688,0,531,0.5538291931152344,452,0.7660458087921143,436,0.9992649555206299,387,1.3629646301269531,368,1.6183586120605469,360,1.8767099380493164,357,2.1813552379608154,347,2.43735408782959,347,2.659241199493408,343,2.805272102355957,336,3.1339662075042725,332,3.4549338817596436,332,3.7534029483795166,330,3.9557676315307617,329,4.308608055114746,327,7.185436487197876,325,8.121130228042603,323,8.40253496170044,323,11.218292951583862,323,11.562218189239502,323,11.909097671508789,323,12.161160945892334,323,12.573785781860352,323,12.968660116195679,323,13.239938497543335,323,13.572230577468872,322,13.801619529724121,321,14.107850551605225,321,16.542376279830933,321,16.833782196044922,320,17.669283628463745,320,18.022040843963623,320,18.323397397994995,320,18.584213733673096,320,18.88133978843689,320,19.224883794784546,320,20.660685062408447,320,21.328939199447632,320,21.61110019683838,320,21.88854694366455,320,22.21001148223877,320,22.393139600753784,320,22.763994932174683,320,23.017556190490723,320,23.369158029556274,320,23.657759189605713,320,24.027167558670044,320,24.183022260665894,320,24.502322912216187,320,24.78431749343872,320,25.046115159988403,320,25.156808137893677,320,25.54263734817505,320,25.8126277923584,320,26.1206533908844,320,26.26748776435852,320,26.598308563232422,320,26.8746075630188,320,27.207218885421753,320,27.317694902420044,320,27.775115966796875,320,28.077569723129272,320,30.39123845100403,320,30.606769800186157,320,30.856014728546143,320,31.13621497154236,320,31.51781153678894,320,33.679598569869995,320,33.99596285820007,320,34.32255744934082,320,34.61717176437378,320,34.87648415565491,320,35.190104246139526,320,35.49992394447327,320,35.7939453125,320,36.091426372528076,320,36.40024971961975,320,36.51428294181824,320,36.77338194847107,320,37.05807542800903,320,37.34052538871765,320,37.619529485702515,320,38.05025291442871,320,38.33498215675354,320,38.76505398750305,320,39.09552240371704,320,39.4336462020874,320,39.76463174819946,320,40.060190200805664,320,40.420934438705444,320,40.83876633644104,320,40.95401930809021,320,41.26242160797119,318,41.577550411224365,318,41.80939078330994,318,42.108614444732666,318,42.55695152282715,318,42.86292123794556,318,44.82873225212097,318,45.154744148254395,318,45.28352427482605,318,45.384883642196655,318,45.66722321510315,318,46.035587549209595,318,46.309080600738525,318,46.57284426689148,318,46.67811560630798,318,46.928192138671875,318,47.1405086517334,318,47.39408755302429,317,47.68803811073303,316,47.97297286987305,316,48.27306056022644,316,48.622761249542236,315,48.87667894363403,315,49.095471143722534,315,49.37158679962158,315,49.57153820991516,315,49.784461975097656,315,50.0389461517334,315,52.041115283966064,315,52.246302127838135,315,52.571067333221436,315,52.94575524330139,315,53.14206051826477,315,53.36628723144531,315,53.64819073677063,315,53.74541473388672,315,53.901453495025635,315,54.31237745285034,315,54.47384691238403,315,54.740861654281616,315,55.123687505722046,315,55.446476221084595,315,55.72045016288757,315,55.91609597206116,315,56.344141244888306,315,56.7047119140625,315,57.02095437049866,315,57.34686636924744,315,57.54408574104309,315,58.20664119720459,315,58.310819149017334,315,58.587761640548706,315,58.893479347229004,315,59.27414584159851,315,59.577704191207886,315,59.91890597343445,315,60.17006039619446,315,60.49844145774841,315,60.83271551132202,315,61.1336190700531,315,61.31813621520996,315,61.539883613586426,315,61.81218147277832,315,62.12770628929138,315,62.410147190093994,315,62.70955038070679,315,63.0456178188324,315,63.36929893493652,315,63.61669063568115,315,63.724836111068726,315,63.9951171875,315,64.29806089401245,315,64.55837655067444,315,64.91137409210205,315,65.21229648590088,315,65.54086494445801,315,65.8861494064331,315,66.18922853469849,315,67.59594774246216,315,67.88347578048706,315,67.99543762207031,315,68.28208112716675,315,68.51836133003235,315,70.62869262695312,315,70.89889073371887,315,71.16001605987549,315,71.45997452735901,315,71.90956616401672,315,72.01967978477478,315,72.12557530403137,315,72.387122631073,315,72.69488739967346,315,72.98631167411804,315,73.25151205062866,315,73.51706194877625,315,73.81006908416748,315,74.04620742797852,315,74.27386426925659,315,74.46640253067017,315,74.6798644065857,315,74.93911957740784,315,75.20891380310059,315,75.40427494049072,315,75.65887713432312,315,76.00969123840332,315,76.30771327018738,315,76.66902041435242,315,76.99193835258484,315,77.15121817588806,315,77.53998756408691,315,77.84759283065796,315,78.21600079536438,315,78.53191256523132,315,78.85235595703125,315,78.99422645568848,315,79.23488712310791,315,79.3454749584198,315,79.74958539009094,315,79.96964764595032,315,80.27678871154785,315,80.52967166900635,315,80.81542086601257,315,81.06606650352478,315,81.39007711410522,315,81.67906761169434,315,81.88586401939392,315,82.33336400985718,315,82.52610492706299,315,82.66483688354492,315,82.85800814628601,315,83.10472369194031,315,83.34986639022827,315,83.6535894870758,315,83.79291701316833,315,84.14250755310059,315,84.38138508796692,315,84.68284773826599,315,85.06485342979431,315,85.39475893974304,315,85.61060738563538,315,85.82685780525208,315,86.1474506855011,315,86.67715692520142,315,86.88760161399841,315,87.34118103981018,315,87.99631524085999,315,88.3112428188324,315,88.60615468025208,315,88.8503155708313,315,89.24680876731873,315,89.45016551017761,315,89.55909538269043,315,89.77865290641785,315,90.12504959106445,315,90.32420706748962,315,90.61606097221375,315,90.98705673217773,315,91.17815828323364,315,91.45578289031982,315,91.74946999549866,315,92.07116436958313,315,92.37178039550781,315,92.48642802238464,315,93.9401342868805,315,94.08403015136719,315,94.20842337608337,315,94.51159954071045,315,94.62815594673157,315,94.81696486473083,315,95.11192750930786,315,95.40313076972961,315,95.74461269378662,315,96.13314080238342,315,96.34509992599487,315,96.4477641582489,315,96.68804907798767,315,96.84239053726196,315,97.19659495353699,315,97.40688872337341,315,97.68242120742798,315,97.97214579582214,315,98.30750465393066,315,98.41060996055603,315,98.67190384864807,315,100.80511164665222,315,101.13948130607605,315,101.44831776618958,315,101.73394227027893,315,102.06588983535767,315,102.17702603340149,315,102.50504612922668,315,102.79929709434509,315,103.15045547485352,315,103.44533681869507,315,103.65611910820007,315,104.2247908115387,315,104.56696009635925,315,104.85699653625488,315,105.13808798789978,315,105.40171575546265,315,105.72287344932556,315,105.99820733070374,315,106.25839281082153,315,106.58395457267761,315,106.71525835990906,315,106.97918844223022,315,107.20653343200684,315,107.52088928222656,315,108.95338726043701,315,109.28686952590942,315,109.6755633354187,315,109.97721648216248,315,110.31729745864868,315,111.91854929924011,315,112.20912957191467,315,112.58288979530334,315,112.79541397094727,315,113.08585262298584,315,113.49597549438477,315,113.87388968467712,315,114.09512662887573,315,114.25716614723206,315,114.55242133140564,315,117.35022211074829,315,117.71250891685486,315,118.10876774787903,315,118.2060194015503,315,118.4665892124176,315,118.82787442207336,315,119.11667108535767,315,119.36327576637268,315,119.65227246284485,315,119.94957995414734,315,120.07204103469849,315,120.28251791000366,315,120.43844962120056,315,120.68310499191284,315,121.1247181892395,315,121.41135144233704,315,121.7243959903717,315,121.9823694229126,315,122.30296754837036,315,122.50230956077576,315,122.76286125183105,315,123.17042636871338,315,123.4745626449585,315,123.76714301109314,315,124.10049772262573,315,124.42821931838989,315,124.77497792243958,315,125.05111122131348,315,125.4645323753357,315,125.73818612098694,314,126.25021290779114,314,126.61257410049438,314,126.97145199775696,314,127.3622817993164,314,127.67383003234863,314,127.96307015419006,314,128.30241131782532,314,128.54749536514282,314,128.8913950920105,314,129.14931797981262,314,129.57583355903625,314,129.77618885040283,314,129.88794088363647,314,130.16337323188782,314,130.47162079811096,314,130.73125195503235,314,130.99303126335144,314,131.14367365837097,314,131.42384910583496,314,131.56438755989075,314,131.87971091270447,314,132.17332005500793,314,132.27927470207214,314,132.61132645606995,314,132.9831347465515,314,133.21192455291748,314,133.41608119010925,314,133.7590675354004,314,134.0023217201233,314,134.31005597114563,314,134.53525185585022,314,134.808696269989,314,135.08180165290833,314,135.38668942451477,314,135.6803548336029,314,136.028657913208,314,136.28218245506287,314,136.41498160362244,314,136.52471661567688,314,136.85786485671997,314,137.14720153808594,314,137.37794613838196,314,137.7020492553711,314,138.00663661956787,314,138.33520007133484,314,138.64798712730408,314,138.92904376983643,314,139.2655680179596,314,139.5649926662445,314,139.82932996749878,314,140.17202472686768,314,140.49510145187378,314,140.63991403579712,314,140.7515995502472,314,141.05472230911255,314,141.400860786438,314,141.75078082084656,314,141.9697539806366,314,142.23532390594482,314,142.49051427841187,314,142.811101436615,314,143.15029430389404,314,143.3848123550415,314,143.95929670333862,314,144.22838759422302,314,144.57092595100403,314,144.9080069065094,314,145.2978813648224,314,145.5030014514923,314,145.70701050758362,314,145.91326141357422,314,146.13830614089966,314,146.40135741233826,314,146.67748093605042,314,146.92309093475342,314,147.03467798233032,314,147.3153645992279,314,147.60023713111877,314,147.76165533065796,314,148.0381247997284,314,148.2597336769104,314,148.6659219264984,314,148.8740096092224,314,149.0982539653778,314,149.33998012542725,314,149.62228202819824,314,149.9029541015625,314,150.14737176895142,314,150.50846886634827,314,150.71961379051208,314,150.84716296195984,314,151.14883255958557,314,151.36473035812378,314,151.6784701347351,314,151.89830708503723,314,152.22786808013916,314,152.49702835083008,314,152.7095410823822,314,153.0501856803894,314,153.41309881210327,314,153.76713681221008,314,153.9862596988678,314,154.26234340667725,314,154.5632357597351,314,154.87885665893555,314,155.20025515556335,314,155.5786452293396,314,155.85664987564087,314,156.13704252243042,314,156.35694527626038,314,156.66943550109863,314,156.97404837608337,314,157.30770206451416,314,157.45909523963928,314,157.7345564365387,314,157.86781096458435,314,158.21747469902039,314,158.62238001823425,314,158.99847078323364,314,159.2164237499237,314,159.36762619018555,314,159.66221261024475,314,160.0045759677887,314,160.31301641464233,314,160.59713912010193,314,160.91717219352722,314,161.1969976425171,314,161.32760000228882,314,161.70897150039673,314,162.02668738365173,314,162.4387366771698,314,162.76525974273682,314,163.11059427261353,314,163.41012144088745,314,163.70958495140076,314,163.99819469451904,314,164.22676467895508,314,164.56734347343445,314,164.79313945770264,314,165.07833623886108,314,165.37694597244263,314,165.65594840049744,314,165.9452772140503,314,166.0873408317566,314,167.52368760108948,314,167.67081928253174,314,167.88991498947144,314,168.1606321334839,314,168.39594721794128,314,168.6458225250244,314,168.75233674049377,314,169.0463194847107,314,169.1542456150055,314,169.25948810577393,314,169.55697393417358,314,169.85621786117554,314,170.19550728797913,314,170.52455759048462,314,170.86558294296265,314,171.20737600326538,314,171.38003039360046,314,171.70596313476562,314,172.00994610786438,314,172.37254571914673,314,172.65110301971436,314,173.00169920921326,314,173.31610560417175,314,173.62426781654358,314,173.9273190498352,314,174.24582195281982,314,174.56542587280273,314,174.85642385482788,314,175.1436378955841,314,175.24180483818054,314,175.57166385650635,314,175.88815641403198,314,176.24950218200684,314,176.48691391944885,314,176.7099368572235,314,176.96240043640137,314,177.29862117767334,314,177.5225043296814,314,177.8640959262848,314,178.23478388786316,314,178.53664636611938,314,178.76949977874756,314,179.07610392570496,314,179.40961289405823,314,179.80807781219482,314,180.14886593818665,314,180.4356586933136,314,180.7058026790619,314,180.81005215644836,314,180.93705081939697,314,181.2102472782135,314,181.5103075504303,314,181.816730260849,314,182.13987350463867,314,182.39286422729492,314,182.64914560317993,314,183.24842810630798,314,183.5309934616089,314,184.01288390159607,314,184.35506963729858,314,184.62229681015015,314,184.91162061691284,314,185.1724452972412,314,186.60367798805237,314,186.91864800453186,314,187.14667916297913,314,187.44282364845276,314,187.73128175735474,314,188.07739758491516,314,188.3681445121765,314,188.66700887680054,314,188.88916420936584,314,189.1734962463379,314,189.49727940559387,314,189.82389640808105,314,189.93708276748657,314,190.09265899658203,314,190.1967363357544,314,190.30004167556763,314,190.556871175766,314,190.87591099739075,314,191.1911392211914,314,191.59552693367004,314,191.7392773628235,314,191.9697768688202,314,192.2302896976471,314,192.5927176475525,314,192.9108316898346,314,193.1037266254425,314,193.4582552909851,314,193.8418824672699,314,194.14505243301392,314,194.4473147392273,314,194.55391192436218,314,194.68495059013367,314,194.98574471473694,314,195.41984105110168,314,195.6198127269745,314,195.8485279083252,314,196.09566140174866,314,196.4387993812561,314,196.54551076889038,314,196.88553714752197,314,197.21114253997803,314,197.43087124824524,314,197.7272446155548,314,198.07616543769836,314,198.3817262649536,314,198.58570528030396,314,198.90827441215515,314,199.0459849834442,314,199.36752653121948,314,199.6750454902649,314,200.0062975883484,314,200.31304907798767,314,200.5926423072815,314,200.7092490196228,314,200.92324995994568,314,201.11940574645996,314,201.45170044898987,314,201.5573034286499,314,201.87126469612122,314,202.1523449420929,314,202.49084496498108,314,202.70925402641296,314,202.99318075180054,314,203.33346271514893,314,203.66551780700684,314,203.90413451194763,314,204.36630988121033,314,205.00701522827148,314,205.2524015903473,314,205.47751426696777,314,205.75222516059875,314,206.0152144432068,314,206.3885476589203,314,206.60610508918762,314,206.94892859458923,314,207.64253115653992,314,207.8757963180542,314,207.98556542396545,314,208.40584254264832,314,208.805508852005,314,209.09035849571228,314,209.44236254692078,314,209.60584473609924,314,209.90922594070435,314,210.17243432998657,314,210.47079300880432,314,210.74232292175293,314,211.0693485736847,314,211.41466331481934,314,211.5465829372406,314,211.8185305595398,314,212.11753153800964,314,212.39810156822205,314,212.61134243011475,314,212.91173267364502,314,213.17669224739075,314,213.49401450157166,314,213.79154706001282,314,214.08161211013794,314,214.40251922607422,314,214.7878065109253,314,215.05681657791138,314,215.41452622413635,314,215.6930923461914,314,216.03600645065308,314,216.32168459892273,314,216.5854208469391,314,216.84655380249023,314,217.21557068824768,314,217.41808915138245,314,217.7517614364624,314,218.14342403411865,314,218.25788044929504,314,218.48415970802307,314,218.74106860160828,314,218.99520587921143,314,219.34142351150513,314,219.67571640014648,314,219.94069910049438,314,220.07493495941162,314,220.34945821762085,314,220.6537220478058,314,220.97496819496155,314,221.18553519248962,314,221.48278045654297,314,221.86105251312256,314,222.22968077659607,314,222.50913333892822,314,222.88015031814575,314,223.23352146148682,314,223.57855916023254,314,223.67770075798035,314,223.94884848594666,314,225.40875720977783,314,225.6864356994629,314,226.05196142196655,314,226.3410096168518,314,226.6719777584076,314,227.02570223808289,314,227.3396966457367,314,227.6458535194397,314,227.89090967178345,314,228.1541588306427,314,228.48593163490295,314,228.83948397636414,314,229.12552547454834,314,229.43854880332947,314,229.63683080673218,314,229.9568362236023,314,230.16843461990356,314,230.55509185791016,314,230.96155619621277,314,231.22336411476135,314,231.53379273414612,314,231.8623492717743,314,232.22114753723145,314,232.53685760498047,314,232.8523097038269,314,233.10565996170044,314,233.3186137676239,314,233.59062600135803,314,233.704913854599,314,234.0123188495636,314,234.40518641471863,314,234.61517477035522,314,234.90455842018127,314,235.04910135269165,314,235.39767980575562,314,235.66690492630005,314,236.02419328689575,314,236.36683106422424,314,236.67426347732544,314,236.9289755821228,314,237.18764400482178,314,237.4655785560608,314,237.79926300048828,314,238.1143457889557,314,238.26621007919312,314,238.6185781955719,314,238.82290172576904,314,239.16515493392944,314,239.47197651863098,314,239.7469882965088,314,240.09594917297363,314,240.20833206176758,314,240.55611300468445,314,240.76698851585388,314,241.013170003891,314,241.2214720249176,314,241.53280353546143,314,241.9954628944397,314,242.30166172981262,314,242.63156962394714,314,242.99539184570312,314,243.31861233711243,314,243.50456547737122,314,243.73330330848694,314,244.00397992134094,314,244.3016848564148,314,244.52828001976013,314,244.76194047927856,314,245.07218599319458,314,245.42172622680664,314,245.73035597801208,314,246.00743198394775,314,246.40999126434326,314,246.82877779006958,314,247.268479347229,314,247.69075989723206,314,247.9012770652771,314,248.24091744422913,314,248.54121017456055,314,248.768981218338,314,249.11258339881897,314,249.4466941356659,314,249.79505467414856,314,250.10230660438538,314,250.62863326072693,314,250.91877365112305,314,251.22065377235413,314,251.52306151390076,314,251.82044887542725,314,252.23253178596497,314,252.5156135559082,314,252.81220936775208,314,253.07526326179504,314,253.37405490875244,314,253.66773772239685,314,253.87607550621033,314,254.06728410720825,314,254.3732373714447,314,254.67624402046204,314,254.94858479499817,314,255.09835648536682,314,255.42936992645264,314,255.5539746284485,314,255.87599635124207,314,256.0925962924957,314,256.2012519836426,314,256.53780221939087,314,256.83833289146423,314,257.1434078216553,314,257.41630005836487,314,257.70751547813416,314,257.9971616268158,314,258.252592086792,314,258.47453713417053,314,258.7547905445099,314,258.9715666770935,314,259.27156376838684,314,259.4803545475006,314,259.7517397403717,314,260.0484116077423,314,260.15378522872925,314,260.4972505569458,314,260.72450256347656,314,260.9843955039978,314,261.31604528427124,314,261.68975162506104,314,262.0048530101776,314,262.3008484840393,314,262.4055161476135,314,262.7823610305786,314,263.0501356124878,314,263.3042542934418,314,263.5577049255371,314,263.85033535957336,314,263.9800453186035,314,264.09162974357605,314,264.30483078956604,314,264.5847599506378,314,264.8834445476532,314,265.19027829170227,314,265.29632782936096,314,265.58984088897705,314,265.8620717525482,314,265.9664568901062,314,266.2719991207123,314,266.57211923599243,314,266.71488189697266,314,267.0714638233185,314,267.3957097530365,314,267.664826631546,314,267.9508502483368,314,268.24090218544006,314,268.45507645606995,314,268.5546164512634,314,268.7415144443512,314,269.0923902988434,314,269.52425384521484,314,269.83200311660767,314,270.202401638031,314,270.32946491241455,314,270.47107100486755,314,270.7607445716858,314,271.07179594039917,314,271.3785924911499,314,271.741619348526,314,272.2458121776581,314,272.6273853778839,314,272.9133903980255,314,273.2273886203766,314,273.44710874557495,314,273.6744050979614,314,273.9475636482239,314,274.2217767238617,314,274.5449478626251,314,274.81954526901245,314,275.08688282966614,314,275.40734815597534,314,275.664968252182,314,276.02807450294495,314,276.33584928512573,314,276.66242814064026,314,277.0061421394348,314,277.24841499328613,314,277.6204311847687,314,278.41397356987,314,278.6946687698364,314,279.00499868392944,314,279.22048258781433,314,279.5733525753021,314,279.831547498703,314,280.09033131599426,314,280.4139971733093,314,280.7961709499359,314,280.98526072502136,314,281.3218080997467,314,281.7085711956024,314,281.8795573711395,314,282.1692123413086,314,282.28219628334045,314,282.50698471069336,314,282.68976855278015,314,282.94546842575073,314,283.292316198349,314,283.58356952667236,314,283.8632342815399,314,284.187109708786,314,284.5337529182434,314,284.7882261276245,314,285.09800577163696,314,285.40445709228516,314,285.5077826976776,314,285.8275077342987,314,285.9882001876831,314,286.30594873428345,314,286.8244595527649,314,287.0613648891449,314,287.1640193462372,314,287.43231892585754,314,287.5716700553894,314,287.91276454925537,314,288.34362149238586,314,288.7482793331146,314,289.0684230327606,314,289.21168279647827,314,289.4594376087189,314,289.7753539085388,314,290.0144131183624,314,290.2981963157654,314,290.69223833084106,314,291.07144021987915,314,291.21597051620483,314,291.52210450172424,314,291.7919397354126,314,292.0921950340271,314,292.4264602661133,314,292.72621607780457,314,293.1413674354553,314,293.26690769195557,314,293.5426924228668,314,293.863404750824,314,294.15882682800293,314,294.47927832603455,314,294.58467745780945,314,294.96379137039185,314,295.27099227905273,314,295.49242663383484,314,295.87466645240784,314,296.2170379161835,314,296.52121925354004,314,296.85018396377563,314,296.95080852508545,314,297.2890386581421,314,297.56381487846375,314,297.8699245452881,314,298.1889765262604,314,298.4259467124939,314,298.73513650894165,314,299.01311445236206,314,299.2787535190582,314,299.5403163433075,314,299.82711386680603,314,300.03145599365234
1,random graphs/triangle/r1.5k18n12/graph1.lgbin,2613,249.40550899505615,301,715,0,593,1.6689283847808838,540,4.159086227416992,451,4.605915307998657,430,5.185521602630615,416,5.343978404998779,402,5.816287517547607,400,6.021769285202026,374,6.174663782119751,363,6.452304363250732,361,6.929057359695435,349,7.191712141036987,343,7.5714335441589355,343,8.052319288253784,339,8.464788913726807,335,8.857678413391113,330,9.004971027374268,327,9.362255573272705,324,9.508185625076294,318,9.666504144668579,318,9.865938901901245,318,10.203772068023682,318,10.570043563842773,318,10.685344696044922,318,11.063051462173462,317,11.469171047210693,317,11.969113826751709,317,12.387709379196167,317,12.777101993560791,317,13.11986255645752,317,13.531982898712158,316,13.900119543075562,316,14.234252214431763,315,14.407855033874512,312,14.536941289901733,312,14.649361848831177,312,14.943333625793457,312,15.3811776638031,311,15.691412210464478,311,15.826217889785767,311,16.186662673950195,311,16.406309127807617,311,16.84813404083252,311,17.262531042099,311,17.83194589614868,310,18.287699937820435,310,18.66796636581421,310,18.79170060157776,310,18.905413389205933,310,19.417762517929077,310,19.919920921325684,310,20.040778398513794,310,20.39854097366333,310,20.797712564468384,310,20.92223048210144,310,21.11628246307373,310,21.233266592025757,310,21.568190336227417,310,22.011164665222168,310,22.417009592056274,310,22.805781841278076,310,22.933067321777344,310,23.047330141067505,310,23.3932683467865,310,23.7691490650177,310,24.177040815353394,310,24.52098536491394,310,24.69674801826477,310,24.808103561401367,310,25.443737030029297,310,25.83471369743347,310,26.253533363342285,310,26.626087188720703,310,27.041280031204224,310,27.183435440063477,309,27.50479507446289,309,27.819045066833496,309,28.32234287261963,309,28.4699923992157,308,28.781872034072876,308,28.904252767562866,308,29.23791480064392,308,29.405380487442017,308,29.517656564712524,308,29.988794803619385,308,30.269410133361816,308,30.396294593811035,308,31.006996154785156,308,31.190779447555542,308,31.31595802307129,308,31.475353479385376,308,31.91029381752014,308,32.039740800857544,308,32.586997747421265,308,33.06293773651123,308,33.18255686759949,308,33.64961862564087,308,33.77379393577576,308,33.88524508476257,308,34.070651054382324,308,34.42499041557312,308,34.590083360672,306,34.92406868934631,306,35.41824698448181,304,35.983126401901245,304,36.36629390716553,304,36.50736379623413,304,36.87645721435547,304,37.23500847816467,304,37.6746039390564,304,38.12477684020996,304,38.579105615615845,304,38.98455572128296,304,39.130441188812256,304,39.53107714653015,304,39.98332619667053,304,40.0916006565094,304,40.51251935958862,304,40.9008367061615,304,41.02683162689209,304,41.38142967224121,304,41.48574209213257,304,41.786437034606934,304,42.14211964607239,304,42.58193826675415,304,42.95595359802246,304,43.326658964157104,304,43.70022463798523,304,44.031193017959595,304,44.169458627700806,304,44.58169722557068,304,44.70878553390503,304,44.823347330093384,304,45.268893003463745,304,45.38155794143677,304,45.756452322006226,304,45.88105010986328,304,46.002601623535156,304,46.45155191421509,304,46.56498885154724,304,46.938844442367554,304,47.04972720146179,304,47.17421078681946,304,47.60178756713867,304,48.187331199645996,304,48.692023515701294,304,48.839330196380615,304,49.13060998916626,304,49.65662479400635,304,49.924577713012695,304,50.26043725013733,304,50.67599582672119,304,51.28634476661682,304,51.721895694732666,304,52.019726514816284,304,52.13865804672241,304,52.4480242729187,304,52.76740598678589,304,53.16033697128296,304,53.28355383872986,304,53.42712688446045,304,53.546647787094116,304,54.28459143638611,304,54.612735986709595,304,54.75879740715027,304,55.08011484146118,304,55.183112144470215,304,55.30450630187988,304,55.71881604194641,304,56.04270315170288,304,56.44593286514282,304,56.83893060684204,304,57.27029275894165,304,57.37179255485535,304,57.4899263381958,304,57.60547471046448,304,57.963616132736206,304,58.3858277797699,304,58.7354576587677,304,59.03994393348694,304,59.53343200683594,304,59.64826250076294,304,59.838345766067505,304,59.96430516242981,304,60.39030146598816,304,60.51571345329285,304,60.878580808639526,304,61.01991605758667,304,61.35059571266174,304,61.71402835845947,304,62.19662308692932,304,62.666882038116455,304,62.797794342041016,304,63.18973970413208,304,63.59752297401428,304,63.92718172073364,304,64.2327311038971,304,64.65464377403259,304,64.77606964111328,304,65.33622288703918,304,65.72738337516785,304,65.85968232154846,304,66.53181982040405,304,66.87260699272156,304,67.00540804862976,304,67.72569680213928,304,68.19953417778015,304,68.6119658946991,302,68.93316221237183,302,69.04868650436401,302,69.2248945236206,302,69.55132246017456,302,70.2459065914154,301,70.38658738136292,301,70.67809772491455,301,70.78637099266052,301,70.89777374267578,301,71.22721838951111,301,71.33791708946228,301,71.44363379478455,301,71.54600477218628,301,71.65330243110657,301,71.76414203643799,301,72.03946948051453,301,72.13919878005981,301,72.52160382270813,301,72.64992547035217,301,73.01581692695618,301,73.33935022354126,301,73.69146180152893,301,73.79103565216064,301,74.2808165550232,301,74.38995003700256,301,74.72803115844727,301,74.84594106674194,301,74.94690132141113,301,75.0711579322815,301,75.45947217941284,301,75.59161686897278,301,75.73834657669067,301,76.04608058929443,301,76.17525100708008,301,76.29742121696472,301,76.40578770637512,301,76.70554232597351,301,76.8251621723175,301,76.95253801345825,301,77.06270337104797,301,77.16165232658386,301,77.46160244941711,301,77.84098792076111,301,77.94766306877136,301,78.34387969970703,301,78.4630196094513,301,78.58040308952332,301,78.71862387657166,301,78.84860157966614,301,79.27753758430481,301,79.5726547241211,301,79.68341064453125,301,80.26653409004211,301,80.39947032928467,301,80.50835156440735,301,80.63250970840454,301,80.79548144340515,301,80.91312193870544,301,81.02381801605225,301,81.13383507728577,301,81.24654841423035,301,81.5397834777832,301,81.64136552810669,301,82.0253233909607,301,82.49044871330261,301,82.82003664970398,301,83.19210195541382,301,83.48618268966675,301,83.60136556625366,301,83.9932632446289,301,84.19613313674927,301,84.31290221214294,301,84.42434048652649,301,84.54774570465088,301,84.65776348114014,301,84.99763107299805,301,85.11025857925415,301,85.50500559806824,301,85.61062264442444,301,85.71353244781494,301,86.21604299545288,301,86.51025748252869,301,86.66314005851746,301,87.07020854949951,301,87.1924889087677,301,87.30127000808716,301,87.41208505630493,301,87.82239961624146,301,88.21352028846741,301,88.3464868068695,301,88.47259974479675,301,88.76905107498169,301,89.02665758132935,301,89.13816261291504,301,89.24471592903137,301,89.35816597938538,301,89.66181445121765,301,89.84153985977173,301,89.96042442321777,301,90.10415267944336,301,90.27825856208801,301,90.39467811584473,301,90.66554760932922,301,90.78490948677063,301,90.90521192550659,301,91.23067140579224,301,91.33436703681946,301,91.69485974311829,301,91.80206251144409,301,91.90222263336182,301,92.00994777679443,301,92.12490630149841,301,92.25961089134216,301,92.36476612091064,301,92.52918457984924,301,92.64077687263489,301,92.74754667282104,301,92.93186950683594,301,93.23750925064087,301,93.58051037788391,301,93.71733021736145,301,93.83910870552063,301,93.95196747779846,301,94.05299472808838,301,94.16951012611389,301,94.27554988861084,301,94.46909046173096,301,94.59876489639282,301,94.91326189041138,301,95.01350235939026,301,95.50670409202576,301,95.61118650436401,301,95.87275242805481,301,96.00482988357544,301,96.13156342506409,301,96.4011595249176,301,96.80170130729675,301,96.94431829452515,301,97.06056189537048,301,97.16845703125,301,97.28631067276001,301,97.39407873153687,301,97.51481652259827,301,97.6168143749237,301,97.90315866470337,301,98.0160117149353,301,98.68635153770447,301,98.94481062889099,301,99.32205009460449,301,99.43483257293701,301,99.87836694717407,301,99.98376655578613,301,100.17590761184692,301,100.5095603466034,301,100.69304513931274,301,100.81554555892944,301,100.91597747802734,301,101.02066159248352,301,101.13744449615479,301,101.25503301620483,301,101.47281885147095,301,101.5873019695282,301,101.89882850646973,301,102.01304173469543,301,102.13223242759705,301,102.23978543281555,301,102.36302781105042,301,102.47116756439209,301,102.57156205177307,301,102.70045328140259,301,103.20865225791931,301,103.32945585250854,301,103.74799132347107,301,104.12389922142029,301,104.22895455360413,301,104.57536435127258,301,104.68315052986145,301,104.79569411277771,301,104.91760635375977,301,105.03561878204346,301,105.15001797676086,301,105.26338815689087,301,105.53705024719238,301,105.71663546562195,301,105.82403516769409,301,105.93754959106445,301,106.04646635055542,301,106.43856024742126,301,106.77584624290466,301,107.21602582931519,301,107.53536438941956,301,107.6590428352356,301,107.79366326332092,301,107.89681839942932,301,108.08021330833435,301,108.18723440170288,301,108.29188251495361,301,108.41467714309692,301,108.79240274429321,301,109.15479397773743,301,109.54077863693237,301,109.65362310409546,301,109.7618842124939,301,110.24229621887207,301,110.35093116760254,301,110.4677083492279,301,110.98291444778442,301,111.1077024936676,301,111.24995946884155,301,111.39257836341858,301,111.52997159957886,301,111.65766787528992,301,111.76665592193604,301,111.8848717212677,301,112.0086977481842,301,112.20826625823975,301,112.32116222381592,301,112.62568759918213,301,112.73081588745117,301,113.17432951927185,301,113.47549176216125,301,113.60562467575073,301,113.71294164657593,301,114.05576133728027,301,114.18612170219421,301,114.31389927864075,301,114.74623250961304,301,115.01140069961548,301,115.56218099594116,301,115.91606783866882,301,116.0295798778534,301,116.2228307723999,301,116.54749250411987,301,116.78897786140442,301,117.03645324707031,301,117.14493823051453,301,117.25313663482666,301,117.54439449310303,301,117.71709704399109,301,117.99938011169434,301,118.52631568908691,301,118.8792028427124,301,119.1763801574707,301,119.30318689346313,301,119.42638754844666,301,119.53047823905945,301,119.80320501327515,301,120.16672015190125,301,120.29583287239075,301,120.39698600769043,301,120.6845633983612,301,120.89969825744629,301,121.05677437782288,301,121.33587384223938,301,121.44905090332031,301,121.91010665893555,301,122.09958720207214,301,122.22142291069031,301,122.49268746376038,301,122.62578320503235,301,122.74173378944397,301,122.85757088661194,301,122.97255373001099,301,123.42811131477356,301,123.53418922424316,301,123.87648582458496,301,124.29081058502197,301,124.61350750923157,301,124.7781093120575,301,125.1116578578949,301,125.23587322235107,301,125.3400809764862,301,125.67097163200378,301,125.81284356117249,301,125.91641521453857,301,126.03517127037048,301,126.15514039993286,301,126.26619052886963,301,126.75209021568298,301,126.87513494491577,301,126.98850274085999,301,127.10412430763245,301,127.22017192840576,301,127.35256934165955,301,127.7573413848877,301,127.87683248519897,301,127.99996662139893,301,128.11570382118225,301,128.2457151412964,301,128.59682321548462,301,128.88757920265198,301,128.98880815505981,301,129.0993092060089,301,129.36329245567322,301,129.4786660671234,301,129.58581042289734,301,129.72293519973755,301,130.05602645874023,301,130.19238233566284,301,130.50796723365784,301,130.62554574012756,301,130.72882533073425,301,130.85209107398987,301,131.18943309783936,301,131.30350637435913,301,131.6033411026001,301,131.71835780143738,301,131.853990316391,301,131.9735186100006,301,132.28079319000244,301,132.57301712036133,301,133.00669145584106,301,133.3033423423767,301,133.41756558418274,301,133.8181507587433,301,133.93309712409973,301,134.05123019218445,301,134.23715782165527,301,134.64280343055725,301,134.76819944381714,301,134.88115334510803,301,135.00306177139282,301,135.11484599113464,301,135.2319574356079,301,135.34863018989563,301,135.4618637561798,301,135.65845227241516,301,136.17614006996155,301,136.29417395591736,301,136.5778558254242,301,136.6990668773651,301,137.05804872512817,301,137.19234132766724,301,137.5400390625,301,137.89564442634583,301,138.26025342941284,301,138.41732215881348,301,138.5319492816925,301,138.63993215560913,301,138.76573252677917,301,139.24254870414734,301,139.3539605140686,301,139.8016119003296,301,139.92908596992493,301,140.03917336463928,301,140.1775517463684,301,140.29861903190613,301,140.42473030090332,301,140.54011750221252,301,140.67074394226074,301,140.78043746948242,301,140.9855124950409,301,141.10288405418396,301,141.47534489631653,301,141.58687543869019,301,141.71819925308228,301,141.83193588256836,301,142.12354254722595,301,142.4493727684021,301,142.57661199569702,301,142.6902048587799,301,142.81444239616394,301,142.92310500144958,301,143.03261995315552,301,143.1493239402771,301,143.26202487945557,301,143.7040503025055,301,143.81361413002014,301,144.00350260734558,301,144.36871552467346,301,144.47617411613464,301,144.94832301139832,301,145.0540008544922,301,145.17228770256042,301,145.27781534194946,301,145.4061677455902,301,145.52176475524902,301,145.63362646102905,301,145.74503898620605,301,145.85718774795532,301,145.97413086891174,301,146.09788608551025,301,146.226820230484,301,146.6008746623993,301,146.71551632881165,301,146.84292340278625,301,147.05997157096863,301,147.35315871238708,301,147.49951076507568,301,147.6670458316803,301,147.93677973747253,301,148.21734166145325,301,148.37621760368347,301,148.7100429534912,301,148.82177305221558,301,148.93837785720825,301,149.24218368530273,301,149.54523086547852,301,149.66790056228638,301,149.9529106616974,301,150.2298879623413,301,150.3442668914795,301,150.4494969844818,301,150.58555912971497,301,150.71579575538635,301,151.0683376789093,301,151.18932223320007,301,151.48653554916382,301,151.81881856918335,301,152.00758409500122,301,152.1279935836792,301,152.2459216117859,301,152.37106251716614,301,152.49736332893372,301,152.61822748184204,301,152.900226354599,301,153.08535075187683,301,153.46910285949707,301,153.80010318756104,301,153.9155032634735,301,154.032785654068,301,154.15723133087158,301,154.5527422428131,301,154.66131258010864,301,155.09374976158142,301,155.1990294456482,301,155.31108975410461,301,155.77913665771484,301,156.2483525276184,301,156.36103510856628,301,156.46965098381042,301,156.95622086524963,301,157.48129773139954,301,157.59268498420715,301,157.71602845191956,301,157.8467411994934,301,158.2167534828186,301,158.3286280632019,301,158.5849952697754,301,158.69312381744385,301,158.79935097694397,301,158.91768288612366,301,159.49029278755188,301,159.8324272632599,301,159.94364285469055,301,160.10698819160461,301,160.2288339138031,301,160.36203169822693,301,160.4762864112854,301,160.58188390731812,301,160.78085088729858,301,160.90647530555725,301,161.029376745224,301,161.33410382270813,301,161.4460792541504,301,161.5556411743164,301,161.68579030036926,301,161.79860711097717,301,162.22433161735535,301,162.57588148117065,301,162.7062919139862,301,162.81800317764282,301,163.16923260688782,301,163.53608798980713,301,163.6411371231079,301,163.90990376472473,301,164.2538776397705,301,164.38179302215576,301,164.48967456817627,301,164.59262990951538,301,164.91909980773926,301,165.02372336387634,301,165.18799829483032,301,165.4952356815338,301,165.81415915489197,301,166.2065441608429,301,166.5113022327423,301,166.64187335968018,301,166.77221155166626,301,167.10645961761475,301,167.23007225990295,301,167.35582995414734,301,167.7872166633606,301,167.97371673583984,301,171.83533024787903,301,171.96409845352173,301,172.10261702537537,301,172.22345399856567,301,172.63362336158752,301,172.76861786842346,301,172.89071416854858,301,173.14117121696472,301,173.33657693862915,301,173.45212817192078,301,173.71531987190247,301,173.8153097629547,301,173.93011951446533,301,174.04393100738525,301,174.15900707244873,301,174.35886406898499,301,174.75819969177246,301,174.86704921722412,301,175.243665933609,301,175.6752269268036,301,175.78360891342163,301,175.90275502204895,301,176.2145447731018,301,176.8305745124817,301,176.94262170791626,301,177.04732394218445,301,177.1700930595398,301,177.60586786270142,301,177.73887419700623,301,178.00716352462769,301,178.11742210388184,301,178.2433624267578,301,178.3474986553192,301,178.46532320976257,301,178.57326102256775,301,178.67889761924744,301,179.17218017578125,301,179.2805473804474,301,179.3892936706543,301,179.77129292488098,301,179.8882565498352,301,180.0079264640808,301,180.1125910282135,301,180.29909110069275,301,180.45111274719238,301,180.60708808898926,301,180.72383427619934,301,180.83579230308533,301,180.9551646709442,301,181.07504892349243,301,181.20282125473022,301,181.32408833503723,301,181.5099697113037,301,181.62513279914856,301,181.99819827079773,301,182.33184003829956,301,182.44389510154724,301,182.85995841026306,301,182.96585655212402,301,183.1509404182434,301,183.2923665046692,301,183.40195965766907,301,183.52715730667114,301,183.63530158996582,301,183.73905611038208,301,183.84583163261414,301,184.1779007911682,301,184.51925134658813,301,184.63238430023193,301,184.76434350013733,301,184.89939093589783,301,185.00754714012146,301,185.11351203918457,301,185.23149919509888,301,185.35100603103638,301,185.85962772369385,301,186.15741086006165,301,186.47204399108887,301,186.58844804763794,301,186.70205187797546,301,187.02464962005615,301,187.1414074897766,301,187.2503695487976,301,187.35804653167725,301,187.63200068473816,301,187.75036525726318,301,187.85873222351074,301,187.9746072292328,301,188.41901850700378,301,188.53673243522644,301,188.6645781993866,301,189.00260472297668,301,189.12328577041626,301,189.2666687965393,301,189.62379598617554,301,189.75084614753723,301,189.86825895309448,301,190.16574215888977,301,190.28982043266296,301,190.69586896896362,301,190.8170039653778,301,190.9390687942505,301,191.33455109596252,301,191.53760194778442,301,191.70952224731445,301,191.83384943008423,301,191.94637489318848,301,192.05353379249573,301,192.16384935379028,301,192.58389735221863,301,192.69669103622437,301,192.79848194122314,301,192.9123477935791,301,193.02139925956726,301,193.13903522491455,301,193.5478732585907,301,193.69177341461182,301,193.81872868537903,301,193.93747448921204,301,194.04401993751526,301,194.459166765213,301,194.57284307479858,301,194.69169664382935,301,194.86862564086914,301,194.9843020439148,301,195.09060215950012,301,195.2191858291626,301,195.35484147071838,301,195.482679605484,301,195.7693967819214,301,196.03224444389343,301,196.14557671546936,301,196.2557442188263,301,196.5932333469391,301,196.9819450378418,301,197.09363675117493,301,197.20900893211365,301,197.50884199142456,301,197.63736534118652,301,197.76299452781677,301,198.08336424827576,301,198.23834443092346,301,198.38966512680054,301,198.52004194259644,301,198.63236212730408,301,198.75072121620178,301,199.05812907218933,301,199.19729161262512,301,199.57678246498108,301,199.94214606285095,301,200.053316116333,301,200.51287984848022,301,200.61380195617676,301,200.7464292049408,301,200.90456914901733,301,201.30032968521118,301,201.6163694858551,301,201.99808859825134,301,202.2548167705536,301,202.3666684627533,301,202.49730038642883,301,202.85216689109802,301,202.98042178153992,301,203.10261368751526,301,203.3660364151001,301,203.67969918251038,301,203.78349781036377,301,203.89561915397644,301,204.17646861076355,301,204.295392036438,301,204.4049072265625,301,204.73279762268066,301,204.84132742881775,301,205.17745804786682,301,205.3223910331726,301,205.4299488067627,301,205.74772810935974,301,205.85880327224731,301,205.97163939476013,301,206.11923003196716,301,206.2254674434662,301,206.51234555244446,301,206.6952052116394,301,206.8903546333313,301,207.19725036621094,301,207.32026529312134,301,207.51821756362915,301,207.87293076515198,301,208.2561161518097,301,208.5003125667572,301,208.6126458644867,301,208.98553729057312,301,209.1012146472931,301,209.22335410118103,301,209.32595491409302,301,209.45278453826904,301,209.56756019592285,301,209.73121738433838,301,210.03267240524292,301,210.16704535484314,301,210.27507424354553,301,210.7648799419403,301,211.07262206077576,301,211.25033450126648,301,211.9911448955536,301,212.11510682106018,301,212.40798687934875,301,212.83677864074707,301,213.1457121372223,301,213.3389596939087,301,213.7366919517517,301,213.846577167511,301,213.9541790485382,301,214.39805698394775,301,214.8526110649109,301,215.49718976020813,301,215.62671542167664,301,215.92141914367676,301,216.18040013313293,301,216.301372051239,301,216.40467405319214,301,216.645503282547,301,216.76847529411316,301,217.01455688476562,301,217.1445014476776,301,217.32397317886353,301,217.68400239944458,301,218.01878690719604,301,218.42825937271118,301,218.53518056869507,301,218.72353839874268,301,219.0034053325653,301,219.1172058582306,301,219.2442660331726,301,219.54262828826904,301,219.65778255462646,301,219.78395056724548,301,219.89620065689087,301,220.01524710655212,301,220.13707995414734,301,220.5334198474884,301,220.6645529270172,301,220.78922605514526,301,220.89991974830627,301,221.02827835083008,301,221.13948726654053,301,221.3172357082367,301,221.42410326004028,301,221.78632164001465,301,221.92267775535583,301,222.044282913208,301,222.17308497428894,301,222.48115801811218,301,222.59116077423096,301,222.72185230255127,301,222.85917496681213,301,223.12701606750488,301,223.47551560401917,301,223.59411549568176,301,223.6947672367096,301,224.16508984565735,301,224.2791450023651,301,224.41409730911255,301,224.7072310447693,301,225.10791778564453,301,225.4843292236328,301,225.60426664352417,301,225.73226308822632,301,225.85986638069153,301,225.9910864830017,301,226.47707748413086,301,226.60887598991394,301,226.72536301612854,301,227.03499126434326,301,227.19746351242065,301,227.31187295913696,301,227.42549085617065,301,227.78228092193604,301,227.91532826423645,301,228.03933882713318,301,228.14619517326355,301,228.48090624809265,301,228.58784365653992,301,229.01256227493286,301,229.1238067150116,301,229.23936080932617,301,229.36947417259216,301,229.79772329330444,301,229.90481877326965,301,230.73043370246887,301,231.24860429763794,301,231.40037417411804,301,231.51557683944702,301,231.8314163684845,301,232.00972175598145,301,232.1201777458191,301,232.24891090393066,301,232.98233151435852,301,237.2977511882782,301,237.424476146698,301,237.5510983467102,301,237.6812882423401,301,237.96863865852356,301,238.36892795562744,301,238.47183084487915,301,238.892822265625,301,239.01019024848938,301,239.4409544467926,301,239.55469274520874,301,239.67567014694214,301,239.77818965911865,301,240.15151405334473,301,240.43487787246704,301,240.5692548751831,301,240.9927020072937,301,241.3447711467743,301,241.4533815383911,301,241.55225348472595,301,241.65396308898926,301,242.17088723182678,301,242.67957186698914,301,242.97520685195923,301,243.1004548072815,301,243.20974898338318,301,243.3984215259552,301,243.54277896881104,301,243.93189525604248,301,244.28097581863403,301,244.62854099273682,301,244.76949048042297,301,244.87397575378418,301,244.9868061542511,301,245.1333363056183,301,245.3513000011444,301,245.47040152549744,301,245.60172414779663,301,245.7623472213745,301,246.0998673439026,301,246.21504712104797,301,246.34804391860962,301,246.4666450023651,301,246.86102199554443,301,247.20761704444885,301,247.32523036003113,301,247.43176794052124,301,247.61836910247803,301,247.73298358917236,301,252.68775725364685,301,252.81284928321838,301,252.9453547000885,301,253.06788182258606,301,253.4293873310089,301,253.55376505851746,301,253.6568727493286,301,253.9162049293518,301,254.3290011882782,301,254.4403417110443,301,254.7370376586914,301,254.90108156204224,301,255.01223301887512,301,255.46113324165344,301,255.82397079467773,301,256.22282218933105,301,256.33212542533875,301,256.44109535217285,301,256.5712568759918,301,256.85157585144043,301,256.9657006263733,301,257.07656502723694,301,257.4602494239807,301,257.5708930492401,301,257.6983759403229,301,257.80741333961487,301,257.9557857513428,301,258.4560754299164,301,258.57591462135315,301,258.95420122146606,301,259.068825006485,301,259.1768455505371,301,259.28685688972473,301,259.4120602607727,301,259.5162830352783,301,259.63725662231445,301,260.0246002674103,301,260.31079506874084,301,260.68146872520447,301,260.78291177749634,301,260.8937849998474,301,261.0063045024872,301,261.143958568573,301,261.4438045024872,301,265.37974977493286,301,265.6637010574341,301,265.84209537506104,301,265.96451473236084,301,266.08760142326355,301,266.34046030044556,301,266.47686767578125,301,266.8448624610901,301,267.30359745025635,301,267.41836953163147,301,267.95015835762024,301,268.06435084342957,301,268.36480593681335,301,268.49264645576477,301,268.63598370552063,301,268.92045497894287,301,269.4768486022949,301,269.5908215045929,301,269.70783591270447,301,269.8225893974304,301,269.93233132362366,301,270.3022611141205,301,270.41859221458435,301,270.70031237602234,301,271.12047266960144,301,271.5123038291931,301,271.8574228286743,301,271.97758507728577,301,272.089058637619,301,272.19196796417236,301,272.80778431892395,301,273.17783212661743,301,273.28899335861206,301,273.39952659606934,301,273.73485350608826,301,273.8618392944336,301,273.9648473262787,301,274.0675251483917,301,274.4641664028168,301,274.8889148235321,301,275.1425280570984,301,275.57042598724365,301,275.6838185787201,301,275.79006338119507,301,276.4082489013672,301,276.8425872325897,301,276.9518804550171,301,277.0784258842468,301,277.55800890922546,301,277.95188879966736,301,278.06903982162476,301,278.2576539516449,301,278.43290996551514,301,278.72773456573486,301,278.86173820495605,301,278.96546149253845,301,279.0897285938263,301,279.40049719810486,301,279.77230644226074,301,279.8975648880005,301,280.0000333786011,301,280.1775562763214,301,280.8091814517975,301,281.1079158782959,301,281.759774684906,301,281.8658344745636,301,282.32629442214966,301,282.50030732154846,301,282.62313079833984,301,282.7399322986603,301,283.13939452171326,301,283.26438999176025,301,283.5708181858063,301,283.72015833854675,301,283.8342671394348,301,283.9514126777649,301,284.0683288574219,301,284.1804130077362,301,284.29509115219116,301,284.4744634628296,301,284.5997633934021,301,284.92099261283875,301,285.31439900398254,301,285.4301507472992,301,285.56316208839417,301,285.7074558734894,301,285.83200669288635,301,285.96571016311646,301,286.2939341068268,301,286.69760060310364,301,286.8061013221741,301,286.9061424732208,301,287.0121068954468,301,287.1393971443176,301,287.255410194397,301,287.44199085235596,301,287.5665638446808,301,287.67750239372253,301,287.788006067276,301,287.894492149353,301,288.3546702861786,301,288.7165105342865,301,288.84392285346985,301,288.9513268470764,301,289.26853132247925,301,289.749715089798,301,289.85174036026,301,290.2044425010681,301,290.3851089477539,301,290.50253677368164,301,290.6236515045166,301,290.84215474128723,301,290.9515368938446,301,291.05195474624634,301,292.5612642765045,301,292.69926500320435,301,292.80121755599976,301,293.3215181827545,301,293.831093788147,301,293.989134311676,301,294.10270166397095,301,294.3499426841736,301,294.46565437316895,301,294.5931396484375,301,294.70211029052734,301,294.8087537288666,301,294.9111626148224,301,295.4273762702942,301,295.54611587524414,301,295.6776170730591,301,295.7750828266144,301,296.15414452552795,301,296.35149693489075,301,296.9327280521393,301,297.12870168685913,301,297.2398064136505,301,297.35512471199036,301,297.70982241630554,301,298.1465311050415,301,298.25662875175476,301,298.3729362487793,301,298.6642918586731,301,298.78201055526733,301,298.8841497898102,301,298.9987053871155,301,299.4476807117462,301,299.5567009449005,301,299.70752334594727,301,300.0474908351898
2,random graphs/triangle/r1.5k18n12/graph2.lgbin,2613,229.80700135231018,262,556,0,481,0.8156225681304932,357,1.3076469898223877,323,1.806302547454834,309,1.9576094150543213,302,2.2377610206604004,284,2.6634881496429443,279,2.799330234527588,279,2.9284210205078125,279,3.0484490394592285,277,3.2019009590148926,277,3.3640830516815186,277,3.767388105392456,273,4.104292631149292,273,4.470491409301758,269,4.613065242767334,267,4.744062423706055,264,5.058582782745361,263,5.396845102310181,263,5.520497798919678,263,5.637842893600464,263,5.757288455963135,263,6.062362194061279,263,6.198266506195068,263,6.523282527923584,263,6.640761137008667,263,6.878023386001587,263,7.289366245269775,263,7.3993518352508545,263,7.652604341506958,263,8.034595966339111,263,8.46938157081604,263,8.58047080039978,263,8.704180240631104,263,8.82345700263977,263,8.946587562561035,263,9.055015087127686,263,9.287891149520874,263,9.421577215194702,263,9.599871397018433,263,9.707372665405273,263,9.967524766921997,263,10.087342739105225,263,10.212225675582886,263,10.603808403015137,263,10.7584547996521,263,10.885370016098022,263,11.069796085357666,263,11.191600561141968,263,11.448188781738281,263,11.583335638046265,263,11.688315153121948,263,11.80701470375061,263,12.004230737686157,263,12.134005784988403,263,12.386160612106323,263,12.499225854873657,263,12.632526874542236,263,12.753851175308228,263,12.865089416503906,263,12.972781658172607,263,13.402536869049072,263,13.720925331115723,263,13.840353965759277,263,13.96419095993042,263,14.081462383270264,263,14.218980312347412,263,14.33554196357727,263,14.657953262329102,263,14.773821353912354,263,14.887476205825806,263,15.168501853942871,263,15.430545330047607,263,15.548098802566528,263,15.675574779510498,263,15.80630111694336,263,15.951561212539673,263,16.07469367980957,263,16.200032949447632,263,16.316165447235107,263,16.6117582321167,263,16.731117010116577,263,17.098405122756958,263,17.203359365463257,263,17.31706738471985,263,17.436740398406982,263,17.566508531570435,263,17.680634021759033,263,17.79081106185913,263,17.923889875411987,263,18.062670469284058,263,18.1747624874115,263,18.30850911140442,263,18.432392597198486,263,18.610137939453125,263,18.728845834732056,263,19.073622465133667,263,19.18838143348694,263,19.297008514404297,263,19.62606716156006,263,19.743428707122803,263,19.931516647338867,262,20.075984477996826,262,20.17992115020752,262,20.300852298736572,262,20.411746501922607,262,20.673131942749023,262,20.781411170959473,262,20.89097762107849,262,20.99819302558899,262,21.115131855010986,262,21.222874641418457,262,21.468825817108154,262,21.586060523986816,262,21.85822606086731,262,21.964470863342285,262,22.084035396575928,262,22.39160466194153,262,22.50826096534729,262,22.647849798202515,262,22.80011796951294,262,22.915143728256226,262,23.067899227142334,262,23.20084500312805,262,23.635722398757935,262,23.965560913085938,262,24.299147605895996,262,24.67401361465454,262,24.84016489982605,262,24.948676824569702,262,25.32049012184143,262,25.602635860443115,262,25.71034288406372,262,25.83518624305725,262,25.954379081726074,262,26.059937000274658,262,26.402013301849365,262,26.514575004577637,262,26.638631582260132,262,26.7633113861084,262,27.11647057533264,262,27.227899312973022,262,27.35151767730713,262,27.466248989105225,262,27.604504585266113,262,27.71243977546692,262,27.82044816017151,262,27.93743062019348,262,28.124825954437256,262,28.251425743103027,262,28.364792108535767,262,28.516606092453003,262,28.86838698387146,262,29.117812156677246,262,29.29962396621704,262,29.419689893722534,262,29.541481494903564,262,29.6475932598114,262,29.943018436431885,262,30.072778940200806,262,30.190726041793823,262,30.299009799957275,262,30.78024458885193,262,30.954964637756348,262,31.08338236808777,262,31.448636293411255,262,31.5590500831604,262,31.66385245323181,262,31.774769067764282,262,32.12797832489014,262,32.275903940200806,262,32.380611181259155,262,32.49681377410889,262,32.62509322166443,262,33.01787281036377,262,33.146212577819824,262,33.47306847572327,262,33.582154512405396,262,33.69406199455261,262,33.80762243270874,262,33.917436361312866,262,34.03524732589722,262,34.14896202087402,262,34.27817440032959,262,34.39769244194031,262,34.71376919746399,262,34.836355209350586,262,35.11248207092285,262,35.22135925292969,262,35.34292435646057,262,35.451242446899414,262,35.57705354690552,262,35.91678476333618,262,36.29755902290344,262,36.416483879089355,262,36.843555212020874,262,36.958465814590454,262,37.0884644985199,262,37.36945295333862,262,37.496302366256714,262,37.60522413253784,262,37.72222304344177,262,37.83467102050781,262,37.966713666915894,262,38.21329069137573,262,38.340641021728516,262,38.4598171710968,262,38.62795948982239,262,38.934200286865234,262,39.040799617767334,262,39.290834188461304,262,39.395506858825684,262,39.515018939971924,262,39.63550424575806,262,39.739967346191406,262,39.998926877975464,262,40.32638692855835,262,40.476542234420776,262,40.59953236579895,262,40.71595358848572,262,41.04574131965637,262,41.1542284488678,262,41.2606680393219,262,41.40430998802185,262,41.74162435531616,262,41.84673500061035,262,42.25176215171814,262,42.585033655166626,262,42.695831298828125,262,42.80383539199829,262,42.93016743659973,262,43.03421902656555,262,43.35063982009888,262,43.75361371040344,262,43.86363482475281,262,44.16655516624451,262,44.28516411781311,262,44.41319990158081,262,44.536057472229004,262,44.645580530166626,262,45.02722787857056,262,45.13997149467468,262,45.3210391998291,262,45.72085165977478,262,45.8580436706543,262,45.99242973327637,262,46.10327935218811,262,46.22584009170532,262,46.33142447471619,262,46.45614552497864,262,46.566882371902466,262,46.887723207473755,262,46.99753141403198,262,47.11018419265747,262,47.46359205245972,262,47.785982847213745,262,47.89677047729492,262,48.047239780426025,262,48.16699481010437,262,48.47796154022217,262,48.60349655151367,262,48.88982367515564,262,49.00551080703735,262,49.13052749633789,262,49.446213245391846,262,49.56332564353943,262,49.96949744224548,262,50.07570934295654,262,50.259042501449585,262,50.39523935317993,262,50.518455505371094,262,50.63420224189758,262,50.81575298309326,262,50.966169595718384,262,51.08807945251465,262,51.20605993270874,262,51.57770371437073,262,51.70228457450867,262,52.01731729507446,262,52.41018199920654,262,52.80488967895508,262,53.06119918823242,262,53.17923283576965,262,53.55006241798401,262,53.90956521034241,262,54.034539222717285,262,54.14428186416626,262,54.267377853393555,262,54.39582395553589,262,54.49989938735962,262,54.603800773620605,262,54.717631578445435,262,54.83132719993591,262,54.94304966926575,262,55.2894492149353,262,55.397632122039795,262,55.64800143241882,262,55.76947283744812,262,55.89389395713806,262,56.017043352127075,262,56.12583589553833,262,56.399795055389404,262,56.50804114341736,262,56.82080936431885,262,56.928611755371094,262,57.08735752105713,262,57.4679057598114,262,57.576863050460815,262,57.949427366256714,262,58.11107921600342,262,58.580015659332275,262,58.89900255203247,262,59.030691623687744,262,59.314815521240234,262,59.443032026290894,262,59.56280732154846,262,59.88572835922241,262,60.00123715400696,262,60.11361122131348,262,60.23306941986084,262,60.56570363044739,262,60.67117619514465,262,60.81392741203308,262,61.16960000991821,262,61.284952878952026,262,61.39210081100464,262,61.509950399398804,262,61.6253616809845,262,61.747503995895386,262,61.88175010681152,262,62.20679974555969,262,62.55843472480774,262,62.66434836387634,262,62.776535987854004,262,62.9615752696991,262,63.07825756072998,262,63.19662165641785,262,63.3130669593811,262,63.43000602722168,262,63.60083770751953,262,63.72016477584839,262,64.15066504478455,262,64.48084926605225,262,64.64239144325256,262,64.75872898101807,262,64.92631578445435,262,65.0318055152893,262,65.14532995223999,262,65.2572500705719,262,65.37969326972961,262,65.5525758266449,262,65.66882348060608,262,65.79387784004211,262,65.9076886177063,262,66.01997756958008,262,66.14834332466125,262,66.5516049861908,262,67.05432987213135,262,67.43269419670105,262,67.5410647392273,262,67.65595746040344,262,67.7745041847229,262,67.89467453956604,262,68.02119541168213,262,68.12929201126099,262,68.24497628211975,262,68.42098116874695,262,68.54204893112183,262,68.84309887886047,262,69.17005491256714,262,69.28199672698975,262,69.38930916786194,262,69.50098633766174,262,69.63378691673279,262,69.92749071121216,262,70.04753065109253,262,70.18257737159729,262,70.30060815811157,262,70.45907998085022,262,70.59705972671509,262,70.98238968849182,262,71.09712648391724,262,71.21347212791443,262,71.3341155052185,262,71.44855761528015,262,71.79792785644531,262,71.96484899520874,262,72.13913893699646,262,72.2520546913147,262,72.3580961227417,262,72.47754573822021,262,72.58772444725037,262,72.69083070755005,262,72.80308771133423,262,72.90663313865662,262,73.02113699913025,262,73.14251518249512,262,73.45703554153442,262,73.62744426727295,262,74.152263879776,262,74.33513689041138,262,74.44355511665344,262,74.55133295059204,262,74.67614245414734,262,74.98600912094116,262,75.16110038757324,262,75.29220604896545,262,75.41155815124512,262,75.54329895973206,262,75.71801233291626,262,75.88186764717102,262,76.0457878112793,262,76.15794849395752,262,76.2779860496521,262,76.40516519546509,262,76.52143335342407,262,76.64294862747192,262,76.88117361068726,262,77.01020884513855,262,77.12968921661377,262,77.25029277801514,262,77.36778616905212,262,77.47053837776184,262,77.75599527359009,262,77.87163877487183,262,78.19405937194824,262,78.3175630569458,262,78.43126392364502,262,78.53909134864807,262,78.66659665107727,262,79.12329936027527,262,79.46293830871582,262,79.75456166267395,262,79.88556790351868,262,80.22980642318726,262,80.704425573349,262,80.8344714641571,262,81.31162881851196,262,81.43050980567932,262,81.54911136627197,262,81.72435212135315,262,81.85946941375732,262,82.19829058647156,262,82.5518012046814,262,82.66203880310059,262,82.79914021492004,262,82.90413498878479,262,83.0301604270935,262,83.41602945327759,262,83.53675293922424,262,83.65352988243103,262,83.76480412483215,262,83.88376307487488,262,84.01270389556885,262,84.3192811012268,262,84.74229431152344,262,84.8626139163971,262,84.97595453262329,262,85.37666654586792,262,85.74826335906982,262,85.86960887908936,262,86.01351594924927,262,86.33338522911072,262,86.46339178085327,262,86.58650660514832,262,86.7033212184906,262,86.825119972229,262,86.94530606269836,262,87.06595706939697,262,87.19563674926758,262,87.30564165115356,262,87.62206244468689,262,87.72565960884094,262,87.83149576187134,262,87.95904660224915,262,88.37967324256897,262,88.63847160339355,262,88.80664896965027,262,89.20465588569641,262,89.31787991523743,262,89.43292593955994,262,89.56095552444458,262,89.67625308036804,262,89.80759954452515,262,89.92389822006226,262,90.36841440200806,262,90.4816026687622,262,90.7465569972992,262,90.8527500629425,262,90.96885943412781,262,91.07844686508179,262,91.19788765907288,262,91.55588960647583,262,91.68043208122253,262,91.79869627952576,262,91.90792775154114,262,92.08148503303528,262,92.47667646408081,262,92.585764169693,262,92.69654488563538,262,92.83359837532043,262,92.99717497825623,262,93.11089062690735,262,93.2420105934143,262,93.50357508659363,262,93.79370498657227,262,93.93117594718933,262,94.21458530426025,262,94.38835406303406,262,94.50409078598022,262,94.79728412628174,262,94.90415406227112,262,95.23286557197571,262,95.50346207618713,262,95.67158889770508,262,95.79206275939941,262,95.918297290802,262,96.03796696662903,262,96.16587042808533,262,96.49210810661316,262,96.65715670585632,262,96.768963098526,262,96.9188711643219,262,97.18165159225464,262,97.30080199241638,262,97.41369676589966,262,97.78514790534973,262,97.89074945449829,262,98.01303958892822,262,98.25681710243225,262,98.63433814048767,262,98.75167798995972,262,98.88470697402954,262,98.99708819389343,262,99.11738300323486,262,99.29383039474487,262,99.4029266834259,262,99.51314878463745,262,99.62051391601562,262,99.7261734008789,262,99.82571744918823,262,99.94168043136597,262,100.11613965034485,262,100.22708439826965,262,100.55552744865417,262,100.72852540016174,262,100.95834445953369,262,101.0819799900055,262,101.19786167144775,262,101.3162853717804,262,101.43056559562683,262,101.54649996757507,262,101.66938662528992,262,101.98534488677979,262,102.09270071983337,262,102.41982793807983,262,102.53822541236877,262,102.65081286430359,262,102.75790333747864,262,103.04803562164307,262,103.1628520488739,262,103.59609007835388,262,103.70326089859009,262,103.98184895515442,262,104.3308413028717,262,104.43916177749634,262,104.56731867790222,262,104.69411754608154,262,105.07118058204651,262,105.17961406707764,262,105.31211757659912,262,105.5985860824585,262,105.70682954788208,262,105.87326622009277,262,105.9911196231842,262,106.10229659080505,262,106.38017320632935,262,106.68204927444458,262,106.79434728622437,262,106.91795706748962,262,107.06892108917236,262,107.38644909858704,262,107.82092928886414,262,107.95521545410156,262,108.07220077514648,262,108.44277548789978,262,108.54981923103333,262,108.89103865623474,262,109.00923109054565,262,109.12475776672363,262,109.23830437660217,262,109.35441851615906,262,109.48107361793518,262,109.65928959846497,262,109.77990889549255,262,109.89711451530457,262,110.34475255012512,262,110.51162362098694,262,110.63701105117798,262,110.74330735206604,262,111.16512560844421,262,111.29071021080017,262,111.40602087974548,262,111.53119254112244,262,111.63858342170715,262,111.76884889602661,262,111.8820288181305,262,111.99743485450745,262,112.12874674797058,262,112.24256157875061,262,112.51013374328613,262,112.79459834098816,262,112.92178058624268,262,113.05261206626892,262,113.17838883399963,262,113.2846302986145,262,113.39583802223206,262,113.55905342102051,262,113.67732214927673,262,113.78834581375122,262,113.89226150512695,262,114.0059084892273,262,114.12175798416138,262,114.41087865829468,262,114.73484206199646,262,114.86638259887695,262,115.15385842323303,262,115.27554607391357,262,115.56863069534302,262,115.6921169757843,262,115.8098521232605,262,115.92879056930542,262,116.0363028049469,262,116.15022993087769,262,116.26489925384521,262,116.37494540214539,262,116.48971772193909,262,116.59909844398499,262,116.88499093055725,262,116.99358892440796,262,117.34000277519226,262,117.61150217056274,262,117.94057869911194,262,118.05606627464294,262,118.35877323150635,262,118.47296977043152,262,118.59333968162537,262,118.84951066970825,262,119.04907584190369,262,119.16606736183167,262,119.41054964065552,262,119.52074861526489,262,119.85290431976318,262,120.00989532470703,262,120.11797761917114,262,120.24448370933533,262,120.35287165641785,262,120.50675988197327,262,120.63694453239441,262,120.76904153823853,262,120.88343358039856,262,121.00226640701294,262,121.2626211643219,262,121.6743552684784,262,121.80102396011353,262,121.91832065582275,262,122.02104878425598,262,122.29554152488708,262,122.40630769729614,262,122.523362159729,262,122.95552039146423,262,123.07849550247192,262,123.19996666908264,262,123.31924366950989,262,123.42826056480408,262,123.53705978393555,262,123.92948889732361,262,124.31971478462219,262,124.65693616867065,262,124.76091718673706,262,124.8797333240509,262,125.07174110412598,262,125.1867995262146,262,125.32101464271545,262,125.4248616695404,262,125.5457112789154,262,125.66660976409912,262,125.93823742866516,262,126.04401731491089,262,126.16168904304504,262,126.27642679214478,262,126.386803150177,262,126.50964021682739,262,126.94385123252869,262,127.10810899734497,262,127.24056506156921,262,127.35689949989319,262,127.48539280891418,262,127.6187846660614,262,127.7421395778656,262,127.87986850738525,262,128.28623127937317,262,128.39976477622986,262,128.52016854286194,262,128.62962293624878,262,128.7549524307251,262,128.8792862892151,262,129.05290293693542,262,129.18256425857544,262,129.50386261940002,262,129.621808052063,262,129.7377953529358,262,129.8629448413849,262,129.97369956970215,262,130.0807101726532,262,130.20872855186462,262,130.32044553756714,262,130.43256855010986,262,130.54452848434448,262,130.6699182987213,262,130.90515613555908,262,131.0186686515808,262,131.18828630447388,262,131.33448839187622,262,131.45392298698425,262,131.5660102367401,262,131.67519092559814,262,131.79107642173767,262,131.91329169273376,262,132.02813816070557,262,132.14895820617676,262,132.2713692188263,262,132.38628005981445,262,132.49701499938965,262,132.73446941375732,262,132.84718537330627,262,132.9684898853302,262,133.08375215530396,262,133.2155475616455,262,133.32752227783203,262,133.44970726966858,262,133.69479370117188,262,134.05003261566162,262,134.1637716293335,262,134.28746795654297,262,134.41614747047424,262,134.53209829330444,262,134.64933848381042,262,134.90892910957336,262,135.04060769081116,262,135.1607210636139,262,135.28015542030334,262,135.39193677902222,262,135.5148446559906,262,135.63556957244873,262,135.82062363624573,262,135.94018387794495,262,136.06344723701477,262,136.17120504379272,262,136.29078698158264,262,136.41460299491882,262,136.54069423675537,262,136.790620803833,262,136.90461444854736,262,137.02733278274536,262,137.15640091896057,262,137.2707953453064,262,137.540625333786,262,137.65064239501953,262,137.7576780319214,262,137.88718152046204,262,138.01557302474976,262,138.12966990470886,262,138.25302505493164,262,138.3606822490692,262,138.4777364730835,262,138.6003041267395,262,138.7750382423401,262,138.94964146614075,262,139.06067991256714,262,139.37874627113342,262,139.49461770057678,262,139.6000542640686,262,139.70885562896729,262,139.8657190799713,262,140.21646308898926,262,140.33060097694397,262,140.45482468605042,262,140.62071871757507,262,140.73834109306335,262,141.07302117347717,262,141.1846525669098,262,141.30974555015564,262,141.41668725013733,262,141.53856468200684,262,141.64967107772827,262,141.92409372329712,262,142.27875900268555,262,142.39150643348694,262,142.51186299324036,262,142.61962985992432,262,142.75023889541626,262,143.09837079048157,262,143.20658564567566,262,143.3633348941803,262,143.61031079292297,262,143.72715783119202,262,143.83261561393738,262,143.94507431983948,262,144.0597083568573,262,144.16582798957825,262,144.43693590164185,262,144.60445427894592,262,144.73935866355896,262,144.85955262184143,262,145.02287459373474,262,145.1399953365326,262,145.24814343452454,262,145.35585927963257,262,145.5992512702942,262,145.70431184768677,262,145.83570671081543,262,145.9394986629486,262,146.05568170547485,262,146.17392873764038,262,146.3041229248047,262,146.4739317893982,262,146.591468334198,262,146.71491289138794,262,147.09121251106262,262,147.20645785331726,262,147.31882047653198,262,147.44044375419617,262,147.54674768447876,262,147.83416938781738,262,147.96360278129578,262,148.29389333724976,262,148.4151954650879,262,148.53653264045715,262,148.85498142242432,262,148.97818303108215,262,149.0871889591217,262,149.21342611312866,262,149.46804118156433,262,149.5815224647522,262,149.8886308670044,262,150.00740361213684,262,150.11493515968323,262,150.32003831863403,262,150.4347848892212,262,150.554105758667,262,150.9669303894043,262,151.10555481910706,262,151.25937867164612,262,151.3795943260193,262,151.7360668182373,262,151.84295773506165,262,152.26189041137695,262,152.66050481796265,262,152.76765966415405,262,152.88505911827087,262,153.13448524475098,262,153.26100134849548,262,153.67885947227478,262,153.83729934692383,262,154.1276581287384,262,154.39819478988647,262,154.5175130367279,262,154.63715147972107,262,154.86714720726013,262,154.97089982032776,262,155.090008020401,262,155.21337604522705,262,155.5759150981903,262,155.70038151741028,262,155.81384921073914,262,155.9497287273407,262,156.06548166275024,262,156.199693441391,262,156.50833082199097,262,156.62296628952026,262,156.72936487197876,262,156.83483123779297,262,156.95336294174194,262,157.07021689414978,262,157.18045473098755,262,157.2950143814087,262,157.42156195640564,262,157.5357654094696,262,157.938063621521,262,158.19746136665344,262,158.31770539283752,262,158.47337341308594,262,158.78477382659912,262,158.9079146385193,262,159.2968406677246,262,159.41082739830017,262,159.54958534240723,262,159.67047309875488,262,159.7838146686554,262,159.89668130874634,262,160.007328748703,262,160.26030707359314,262,160.3896095752716,262,160.55430817604065,262,160.6712942123413,262,161.08570909500122,262,161.34303832054138,262,161.74521493911743,262,161.857759475708,262,161.96591567993164,262,162.08315205574036,262,162.22315287590027,262,162.5087912082672,262,162.78594326972961,262,163.18815875053406,262,163.34718656539917,262,163.50348210334778,262,163.6088728904724,262,163.71813869476318,262,163.89547204971313,262,164.01280975341797,262,164.12959575653076,262,164.24336791038513,262,164.35578227043152,262,164.67918348312378,262,164.78999257087708,262,164.95306825637817,262,165.2126224040985,262,165.34397435188293,262,165.47134256362915,262,165.71701073646545,262,165.82599782943726,262,165.94756031036377,262,166.27575373649597,262,166.3913083076477,262,166.51370763778687,262,166.640629529953,262,166.81960582733154,262,166.98190331459045,262,167.09231042861938,262,167.20603251457214,262,167.5282015800476,262,167.63759589195251,262,167.7421612739563,262,168.01402735710144,262,168.12979936599731,262,168.24807691574097,262,168.37836074829102,262,168.5403163433075,262,168.65167546272278,262,168.79728436470032,262,168.95072507858276,262,169.06922483444214,262,169.17637062072754,262,169.28352737426758,262,169.39997267723083,262,169.5088939666748,262,169.67653036117554,262,170.0085108280182,262,170.12367367744446,262,170.2522690296173,262,170.37647652626038,262,170.7040855884552,262,170.82402110099792,262,170.9433093070984,262,171.12346935272217,262,171.22924137115479,262,171.34769201278687,262,171.46326613426208,262,171.71782755851746,262,172.07637405395508,262,172.19987535476685,262,172.32004141807556,262,172.43391370773315,262,172.5516312122345,262,172.7996528148651,262,172.9216663837433,262,173.03035306930542,262,173.15152740478516,262,173.7786762714386,262,173.8922507762909,262,174.2276029586792,262,174.34310483932495,262,174.59893369674683,262,174.89267444610596,262,175.021737575531,262,175.13372159004211,262,175.48606538772583,262,175.7985315322876,262,175.90839099884033,262,176.03987288475037,262,176.22897124290466,262,176.33595824241638,262,176.44564247131348,262,176.59692096710205,262,176.70606422424316,262,176.82989478111267,262,176.9487931728363,262,177.0595862865448,262,177.41226840019226,262,177.5320463180542,262,177.64249730110168,262,177.76563215255737,262,177.8776822090149,262,177.98269724845886,262,178.4248218536377,262,178.53007197380066,262,178.63365578651428,262,178.78614711761475,262,178.88714456558228,262,179.0145981311798,262,179.18446445465088,262,179.51289439201355,262,179.61552047729492,262,179.8525993824005,262,179.9658751487732,262,180.0724537372589,262,180.5634365081787,262,180.71760725975037,262,180.84208726882935,262,180.95429921150208,262,181.06290459632874,262,181.184068441391,262,181.35191416740417,262,181.60320115089417,262,181.73135805130005,262,182.06849098205566,262,182.42386984825134,262,182.54631233215332,262,182.70687890052795,262,182.83740425109863,262,183.27753353118896,262,183.409428358078,262,183.51611304283142,262,183.88822436332703,262,184.00916171073914,262,184.12225484848022,262,184.2377610206604,262,184.5836410522461,262,184.8425965309143,262,184.95572781562805,262,185.06792306900024,262,185.18361258506775,262,185.30289602279663,262,185.41485857963562,262,185.57079911231995,262,185.70035004615784,262,185.82138180732727,262,185.937166929245,262,186.05513954162598,262,186.16203331947327,262,186.29516792297363,262,186.46358036994934,262,186.5721571445465,262,186.9832010269165,262,187.0961558818817,262,187.2006323337555,262,187.30550026893616,262,187.43186235427856,262,187.75707364082336,262,188.0700647830963,262,188.19017100334167,262,188.31640577316284,262,188.4388780593872,262,188.61269664764404,262,188.7760214805603,262,188.8929557800293,262,189.0110580921173,262,189.13814425468445,262,189.250079870224,262,189.66764736175537,262,190.15254259109497,262,190.27319622039795,262,190.38245153427124,262,190.50685381889343,262,190.6356451511383,262,190.75696921348572,262,190.86070728302002,262,190.9872269630432,262,191.16802144050598,262,191.27925539016724,262,191.38838839530945,262,191.83772730827332,262,192.1783196926117,262,192.28954005241394,262,192.407399892807,262,192.5184178352356,262,192.64140915870667,262,192.76682114601135,262,192.87554502487183,262,193.27243280410767,262,193.39011549949646,262,193.52443194389343,262,193.63631463050842,262,193.74437522888184,262,193.88972854614258,262,194.00721764564514,262,194.12548637390137,262,194.2461714744568,262,194.603862285614,262,194.72755455970764,262,194.89951062202454,262,195.01398468017578,262,195.30303645133972,262,195.42151474952698,262,195.54130268096924,262,196.01605439186096,262,196.1246519088745,262,196.2465844154358,262,196.3516387939453,262,196.4647741317749,262,196.58082222938538,262,196.84882354736328,262,197.0769443511963,262,197.1866807937622,262,197.29809522628784,262,197.418931722641,262,197.77107787132263,262,197.88900518417358,262,198.24666738510132,262,198.3674864768982,262,198.50332689285278,262,198.67342352867126,262,198.79641127586365,262,199.25307941436768,262,199.38752055168152,262,199.7286238670349,262,200.02992177009583,262,200.1403136253357,262,200.26280236244202,262,200.42549896240234,262,200.5372438430786,262,200.7823565006256,262,201.16192412376404,262,201.34085988998413,262,201.80161094665527,262,202.1746506690979,262,202.30003142356873,262,202.4218339920044,262,202.7509889602661,262,203.1730182170868,262,203.3315200805664,262,203.4532561302185,262,203.74169945716858,262,204.06373476982117,262,204.22483253479004,262,204.6151144504547,262,204.72457671165466,262,205.0226354598999,262,205.1367588043213,262,205.25361275672913,262,205.60027742385864,262,205.71809601783752,262,205.83155751228333,262,205.94639086723328,262,206.23665165901184,262,206.36589336395264,262,206.48058533668518,262,206.71933579444885,262,206.82914447784424,262,207.22630953788757,262,207.334214925766,262,207.45700812339783,262,207.78393864631653,262,207.89425611495972,262,208.06811428070068,262,208.1867265701294,262,208.32037019729614,262,208.51166462898254,262,208.63111686706543,262,208.7529330253601,262,208.87587904930115,262,209.13674187660217,262,209.57628464698792,262,209.69395089149475,262,209.8130977153778,262,210.16000199317932,262,210.2709367275238,262,210.55233812332153,262,210.66797375679016,262,210.78326177597046,262,210.88826751708984,262,210.99989438056946,262,211.27135682106018,262,211.68773698806763,262,211.84276866912842,262,211.96537971496582,262,212.13131308555603,262,212.38517880439758,262,212.67363286018372,262,213.0448718070984,262,213.17195630073547,262,213.29536175727844,262,213.42108011245728,262,213.71829319000244,262,213.96608352661133,262,214.08426594734192,262,214.40754461288452,262,214.52792072296143,262,214.8188362121582,262,215.23115801811218,262,215.3631513118744,262,215.6843717098236,262,216.10651445388794,262,216.55264520645142,262,216.65995740890503,262,216.81236839294434,262,217.12758874893188,262,217.23892045021057,262,217.346919298172,262,217.46620774269104,262,217.81553268432617,262,218.22232723236084,262,218.3320562839508,262,218.4542875289917,262,218.5947060585022,262,218.70325708389282,262,218.81850910186768,262,218.9373733997345,262,219.05943202972412,262,219.16832756996155,262,219.35079979896545,262,219.48390769958496,262,219.5912573337555,262,219.70463728904724,262,219.83969640731812,262,219.95580887794495,262,220.0672423839569,262,220.51010417938232,262,220.6273558139801,262,220.79081177711487,262,220.91001653671265,262,221.0261948108673,262,221.27014112472534,262,221.63429236412048,262,221.7506241798401,262,222.06879806518555,262,222.23355174064636,262,222.3409867286682,262,222.6960244178772,262,222.8212809562683,262,222.94185876846313,262,223.05286693572998,262,223.33306741714478,262,223.44700074195862,262,223.78976273536682,262,223.9098517894745,262,224.03163170814514,262,224.1394281387329,262,224.26135277748108,262,224.87898969650269,262,225.02032828330994,262,225.21022868156433,262,225.45683455467224,262,225.58416652679443,262,225.96906971931458,262,226.0850157737732,262,226.51190423965454,262,226.6233446598053,262,226.75216937065125,262,226.8560152053833,262,227.13510036468506,262,227.25581812858582,262,227.38861322402954,262,227.5156147480011,262,227.62583994865417,262,227.7475004196167,262,227.8548617362976,262,228.09148526191711,262,228.2104094028473,262,228.33889889717102,262,228.4484884738922,262,228.7796483039856,262,228.8983871936798,262,229.02377033233643,262,229.39547967910767,262,229.50767397880554,262,229.86843919754028,262,229.98911356925964,262,230.1025094985962,262,230.21906852722168,262,230.35613703727722,262,230.72186851501465,262,230.84762048721313,262,230.9660303592682,262,231.08806705474854,262,231.21482801437378,262,231.34967732429504,262,231.46080827713013,262,231.88886189460754,262,232.0627100467682,262,232.17660689353943,262,232.54272317886353,262,232.66184639930725,262,232.79047107696533,262,232.91844630241394,262,233.18776655197144,262,233.31532096862793,262,233.42797875404358,262,233.84716892242432,262,234.18214464187622,262,234.2914800643921,262,234.41176629066467,262,234.51553654670715,262,234.63658332824707,262,234.75812673568726,262,234.87326502799988,262,235.21366930007935,262,235.52576088905334,262,235.63047885894775,262,235.7480866909027,262,235.87613320350647,262,235.98272728919983,262,236.0962131023407,262,236.2111918926239,262,236.379376411438,262,236.49082612991333,262,236.79622173309326,262,237.04481267929077,262,237.15502762794495,262,237.47867608070374,262,237.60161113739014,262,237.72967433929443,262,238.04603028297424,262,238.40646147727966,262,238.51387977600098,262,238.62514996528625,262,238.73110961914062,262,238.84604859352112,262,238.98326468467712,262,239.09874415397644,262,239.21646976470947,262,239.3401210308075,262,239.7238974571228,262,239.90310621261597,262,240.0468909740448,262,240.16343927383423,262,240.30004739761353,262,240.41907238960266,262,240.7715184688568,262,240.89384698867798,262,241.00490927696228,262,241.1283679008484,262,241.23761320114136,262,241.40507411956787,262,241.51081776618958,262,241.62952542304993,262,241.7544984817505,262,241.87182116508484,262,242.22989416122437,262,242.3523621559143,262,242.489004611969,262,242.76784300804138,262,242.89508748054504,262,243.05766463279724,262,243.16976380348206,262,243.52491354942322,262,243.64043068885803,262,243.82101798057556,262,243.94820976257324,262,244.10113859176636,262,244.219820022583,262,244.3290717601776,262,244.4580955505371,262,244.58860683441162,262,244.9236991405487,262,245.04605793952942,262,245.15040016174316,262,245.50185441970825,262,245.62218379974365,262,245.76369500160217,262,245.87586545944214,262,245.9824743270874,262,246.31946468353271,262,246.42752194404602,262,246.53431510925293,262,246.64670753479004,262,246.96303248405457,262,247.33692574501038,262,247.46303462982178,262,247.58302927017212,262,247.99404335021973,262,248.1117067337036,262,248.4948844909668,262,248.6082091331482,262,248.74428606033325,262,248.86958694458008,262,248.9870138168335,262,249.10040616989136,262,249.28366446495056,262,249.40429592132568,262,249.51503777503967,262,249.631441116333,262,249.74092864990234,262,249.85167956352234,262,249.96865510940552,262,250.12846493721008,262,250.47585535049438,262,250.72517466545105,262,250.8379955291748,262,251.16309094429016,262,251.34349870681763,262,251.69644045829773,262,251.80842804908752,262,251.93359899520874,262,252.04553389549255,262,252.396329164505,262,252.52106928825378,262,252.64922165870667,262,252.75391459465027,262,252.86567997932434,262,253.26537013053894,262,253.38123440742493,262,253.54676604270935,262,253.6682059764862,262,253.77858638763428,262,253.90387606620789,262,254.01774835586548,262,254.12361764907837,262,254.2243173122406,262,254.3420181274414,262,254.44803881645203,262,254.56358861923218,262,254.93363428115845,262,255.09794735908508,262,255.20382380485535,262,255.32794404029846,262,255.46915674209595,262,255.58987259864807,262,255.7117884159088,262,256.0959904193878,262,256.2203984260559,262,256.3872940540314,262,256.5060238838196,262,256.61953043937683,262,256.74329710006714,262,257.0236465930939,262,257.1390483379364,262,257.2559552192688,262,257.37091875076294,262,257.53062748908997,262,257.7004745006561,262,257.80953216552734,262,257.91551876068115,262,258.0220925807953,262,258.1962614059448,262,258.50635147094727,262,258.61304926872253,262,258.7380383014679,262,258.860976934433,262,259.0549998283386,262,259.17782759666443,262,259.3382411003113,262,259.4698202610016,262,259.59579586982727,262,259.70841813087463,262,259.83449721336365,262,259.9556963443756,262,260.23460936546326,262,260.4172327518463,262,260.7236454486847,262,261.102019071579,262,261.2309572696686,262,261.334778547287,262,261.5693690776825,262,261.7328381538391,262,261.8617618083954,262,261.9885621070862,262,262.11234521865845,262,262.2165529727936,262,262.34254336357117,262,262.6639223098755,262,262.78900241851807,262,262.9009802341461,262,263.0259282588959,262,263.1557066440582,262,263.4207983016968,262,263.5518743991852,262,263.6751961708069,262,264.1128647327423,262,264.2221531867981,262,264.3319323062897,262,264.66761589050293,262,264.79472851753235,262,264.91272807121277,262,265.2801606655121,262,265.40026116371155,262,265.51295948028564,262,265.61109471321106,262,265.7217011451721,262,265.88410210609436,262,265.99813985824585,262,266.19277930259705,262,266.32004261016846,262,266.44307374954224,262,266.5973241329193,262,266.71702551841736,262,266.83041167259216,262,266.95366644859314,262,267.0661883354187,262,267.17261385917664,262,267.28242111206055,262,267.39905190467834,262,267.57457637786865,262,267.8240659236908,262,267.93900060653687,262,268.0627589225769,262,268.166695356369,262,268.33951115608215,262,268.4641511440277,262,268.6544437408447,262,268.78198742866516,262,269.0552935600281,262,269.1681761741638,262,269.28441405296326,262,269.39698338508606,262,269.52702474594116,262,269.6684081554413,262,269.78725481033325,262,270.16103625297546,262,270.4478178024292,262,270.6226282119751,262,270.7317771911621,262,271.1346015930176,262,271.45354986190796,262,271.56645917892456,262,271.84056091308594,262,272.188707113266,262,272.61523365974426,262,272.7599666118622,262,272.86682987213135,262,272.9769949913025,262,273.0874300003052,262,273.20009994506836,262,273.5858452320099,262,273.705251455307,262,274.1154887676239,262,274.47543358802795,262,274.79824590682983,262,274.9100592136383,262,275.18367099761963,262,275.57452964782715,262,275.98305201530457,262,276.3656575679779,262,276.66908144950867,262,277.01737880706787,262,277.1322832107544,262,277.4305145740509,262,277.54432463645935,262,277.97371673583984,262,278.4081132411957,262,278.5227744579315,262,278.9347712993622,262,279.06999349594116,262,279.18355321884155,262,279.29988956451416,262,279.41913294792175,262,279.5327880382538,262,279.8918170928955,262,280.00747895240784,262,280.12165999412537,262,280.44724440574646,262,280.5547239780426,262,280.67314743995667,262,280.79275274276733,262,280.91078758239746,262,281.2452337741852,262,281.68491077423096,262,281.8085289001465,262,282.1282444000244,262,282.23464822769165,262,282.41877722740173,262,282.54788851737976,262,282.67393684387207,262,282.801824092865,262,282.92278361320496,262,283.2532391548157,262,283.3616726398468,262,283.4846901893616,262,283.8515248298645,262,283.95444774627686,262,284.0712571144104,262,284.4406883716583,262,284.56304144859314,262,284.6712110042572,262,284.77909755706787,262,285.2019844055176,262,285.38597869873047,262,285.63721227645874,262,286.0103476047516,262,286.11548471450806,262,286.24047088623047,262,286.6624388694763,262,286.77025842666626,262,287.11429595947266,262,287.2453246116638,262,287.36776328086853,262,287.6865396499634,262,287.80852913856506,262,288.0756616592407,262,288.19165682792664,262,288.30452609062195,262,288.4258553981781,262,288.7641990184784,262,288.8688588142395,262,292.3981237411499,262,292.52210998535156,262,292.63877153396606,262,292.7605285644531,262,292.8795199394226,262,292.98210096359253,262,293.09998536109924,262,293.3568606376648,262,293.4744119644165,262,293.63890409469604,262,293.756719827652,262,293.86599946022034,262,293.98281359672546,262,294.25210070610046,262,294.63636684417725,262,294.80132722854614,262,294.9220588207245,262,295.0506503582001,262,295.1693391799927,262,295.31082940101624,262,295.434330701828,262,295.87536454200745,262,295.9933874607086,262,296.11532759666443,262,296.2183213233948,262,296.52980160713196,262,296.642657995224,262,296.75759625434875,262,297.0900824069977,262,297.2168810367584,262,297.3986585140228,262,297.7604994773865,262,298.11280965805054,262,298.2406370639801,262,298.34613132476807,262,298.45646810531616,262,298.5692255496979,262,298.6778516769409,262,298.9649610519409,262,299.08036637306213,262,299.20914244651794,262,299.3322560787201,262,299.44976830482483,262,299.7833116054535,262,299.8873062133789,262,300.0054717063904
3,random graphs/triangle/r1.5k18n12/graph3.lgbin,2613,246.42676448822021,220,616,0,465,0.4480769634246826,414,0.904832124710083,390,1.0579743385314941,368,1.4289543628692627,360,1.7598142623901367,357,2.103652000427246,353,2.5263671875,348,2.9482195377349854,338,3.0970516204833984,338,3.3615972995758057,326,3.5116031169891357,321,3.7950809001922607,320,4.1707069873809814,320,4.568197011947632,313,4.94939661026001,305,5.253357410430908,300,5.5842015743255615,299,5.9457292556762695,298,6.063920021057129,298,6.470013856887817,298,6.602020025253296,296,6.911277770996094,294,7.312469720840454,294,7.439584732055664,294,7.631636619567871,294,7.816593408584595,294,8.116863250732422,294,8.235319137573242,294,8.412685871124268,294,8.522615432739258,294,8.84732437133789,291,9.003119230270386,291,9.36267876625061,291,9.64158320426941,291,9.899481058120728,291,10.191738605499268,291,10.5992112159729,291,10.936320304870605,291,11.275236129760742,291,11.549325942993164,291,11.851986408233643,291,12.039935111999512,291,12.443068742752075,291,12.798201084136963,291,13.198928833007812,291,13.311892747879028,291,13.651663541793823,291,13.90166974067688,291,14.071963787078857,291,14.182562112808228,291,14.299132347106934,291,14.64104962348938,291,14.77140474319458,291,15.100667953491211,291,15.575371503829956,291,15.686643362045288,291,15.978896617889404,291,16.097699642181396,291,16.36906599998474,291,16.65829062461853,291,16.93042778968811,291,17.226454496383667,291,17.526081800460815,291,17.933772802352905,291,18.051666498184204,291,18.182366371154785,291,18.475868701934814,291,18.75143814086914,291,18.93621063232422,291,19.39638090133667,291,19.516125917434692,291,19.697094917297363,291,20.021796226501465,291,20.35676598548889,291,20.673419952392578,291,21.03355097770691,291,21.145939111709595,291,21.486905574798584,290,21.94056248664856,290,22.099931240081787,290,22.212004899978638,290,22.502756357192993,290,27.4863121509552,290,27.975471258163452,290,28.096290111541748,290,28.534046411514282,290,28.654526948928833,290,28.803877115249634,290,29.07737112045288,290,29.45987844467163,290,29.870588302612305,290,30.34103798866272,290,30.63204312324524,290,30.797136306762695,290,30.913233280181885,290,31.02542996406555,290,31.492446422576904,284,31.640732288360596,284,31.821274995803833,267,32.200084924697876,265,32.35303068161011,252,32.703091859817505,249,33.14104676246643,245,33.47654676437378,244,33.781341314315796,236,34.11519694328308,232,34.27309441566467,228,34.583040952682495,227,34.69438076019287,227,34.977505683898926,226,35.12160611152649,226,35.232802867889404,226,35.34509778022766,224,35.59708070755005,224,35.703803062438965,224,36.03118968009949,223,36.20881128311157,223,36.60123133659363,221,36.746450662612915,221,37.01422905921936,221,37.14273500442505,221,37.31881260871887,221,37.43557810783386,221,37.5489661693573,221,37.90548658370972,221,38.272910356521606,221,38.38470196723938,221,38.501033782958984,221,38.80343222618103,221,38.9585542678833,221,39.10345101356506,220,39.44114327430725,220,39.73663878440857,220,40.13441491127014,220,40.46143937110901,220,40.613996744155884,220,40.78906583786011,220,40.9080274105072,220,41.29587244987488,220,41.5875940322876,220,42.022552490234375,220,42.14545297622681,220,42.27042770385742,220,42.387354135513306,220,42.73924684524536,220,43.11516499519348,220,43.51166772842407,220,43.65702414512634,220,43.776010274887085,220,44.102417945861816,220,44.40399122238159,220,44.518702268600464,220,44.828325510025024,220,44.94556951522827,220,45.061687707901,220,45.4073007106781,220,45.52525997161865,220,45.80131912231445,220,46.131001710891724,220,46.430723428726196,220,46.5427725315094,220,46.705965995788574,220,47.07235097885132,220,47.402036905288696,220,47.58578395843506,220,47.94709372520447,220,48.23190140724182,220,48.35136437416077,220,48.51501274108887,220,48.62096285820007,220,48.738773345947266,220,48.857260942459106,220,49.18357300758362,220,49.29650664329529,220,49.41434669494629,220,49.52980709075928,220,49.85168528556824,220,50.03992438316345,220,50.48847413063049,220,50.84014058113098,220,51.16426610946655,220,51.4558687210083,220,51.80550742149353,220,51.93133783340454,220,52.314976930618286,220,52.43365788459778,220,52.75810146331787,220,53.098984479904175,220,53.211655616760254,220,53.32297229766846,220,53.654982566833496,220,53.77088952064514,220,54.05685377120972,220,54.347163438797,220,54.45296239852905,220,54.57987117767334,220,54.94370698928833,220,55.241233825683594,220,55.41173315048218,220,55.610777616500854,220,55.95661902427673,220,56.07739567756653,220,56.451406478881836,220,56.90076494216919,220,57.20442295074463,220,57.53729772567749,220,57.696688175201416,220,57.987205266952515,220,58.30603098869324,220,58.65476179122925,220,59.034440994262695,220,59.35720133781433,220,59.72645354270935,220,60.06320309638977,220,60.43299889564514,220,60.75945210456848,220,61.08507943153381,220,61.35687971115112,220,61.46928310394287,220,61.58960556983948,220,61.9720573425293,220,62.28036046028137,220,62.646677017211914,220,62.77168273925781,220,63.056437492370605,220,63.403327226638794,220,63.92219567298889,220,64.1067054271698,220,64.41823625564575,220,64.69882440567017,220,65.04127860069275,220,65.33017468452454,220,65.4974422454834,220,65.62981939315796,220,65.95311975479126,220,66.24528408050537,220,66.56050300598145,220,66.85682129859924,220,67.13218641281128,220,67.39297461509705,220,67.50613212585449,220,67.6289598941803,220,67.95350050926208,220,68.06621932983398,220,68.17950987815857,220,68.47231912612915,220,68.84220433235168,220,69.24601888656616,220,69.60437822341919,220,69.88440418243408,220,70.05225396156311,220,70.17017102241516,220,70.28516888618469,220,70.59219813346863,220,70.91925477981567,220,71.29681897163391,220,71.54663157463074,220,71.86220049858093,220,71.98118185997009,220,72.34050178527832,220,72.62703490257263,220,72.7440390586853,220,72.85179042816162,220,73.12960195541382,220,73.43815422058105,220,73.55580878257751,220,73.8420581817627,220,74.14665675163269,220,74.26539587974548,220,74.65207743644714,220,74.78320074081421,220,74.89658808708191,220,75.20699143409729,220,75.39014673233032,220,75.56353974342346,220,75.83510541915894,220,75.94344091415405,220,76.27673411369324,220,76.38905334472656,220,76.70741510391235,220,77.02458238601685,220,77.37944459915161,220,77.49510931968689,220,77.78505539894104,220,78.05792331695557,220,78.16671657562256,220,78.28929901123047,220,78.46236085891724,220,78.78580141067505,220,78.91064167022705,220,79.2961745262146,220,79.62534523010254,220,80.07085633277893,220,80.36267232894897,220,80.47351551055908,220,80.59187507629395,220,80.86803483963013,220,80.99514770507812,220,81.34500861167908,220,81.45548224449158,220,81.567955493927,220,81.84609127044678,220,82.1740517616272,220,82.48558568954468,220,82.62094712257385,220,82.74864768981934,220,82.87011241912842,220,83.13005876541138,220,83.47835564613342,220,83.81124639511108,220,84.11431550979614,220,84.30739688873291,220,84.66628670692444,220,84.79241919517517,220,84.98492240905762,220,85.10400080680847,220,85.43839740753174,220,85.58260345458984,220,85.77462410926819,220,85.89533948898315,220,86.21996593475342,220,86.52624201774597,220,86.64846396446228,220,86.75972986221313,220,86.87742352485657,220,86.98874711990356,220,87.31095838546753,220,87.59723281860352,220,87.90367913246155,220,88.06885027885437,220,88.36114144325256,220,88.48569655418396,220,88.7619240283966,220,88.88034343719482,220,89.24414014816284,220,89.4157190322876,220,89.589359998703,220,89.93732595443726,220,90.08861017227173,220,90.2162139415741,220,90.3279058933258,220,90.45375943183899,220,90.78280758857727,220,91.21249532699585,220,91.32509779930115,220,91.63211488723755,220,91.98383092880249,220,92.09630274772644,220,92.42408895492554,220,92.8559262752533,220,93.15024018287659,220,93.31691288948059,220,93.63430786132812,220,93.95918464660645,220,94.2443585395813,220,94.52203726768494,220,94.63384127616882,220,94.75004005432129,220,94.87121820449829,220,95.31739401817322,220,95.43302655220032,220,95.53555107116699,220,95.65833473205566,220,95.78028011322021,220,96.12263441085815,220,96.2891013622284,220,96.42516326904297,220,96.78656840324402,220,96.89872002601624,220,97.20003509521484,220,97.59362316131592,220,97.70822238922119,220,97.99849963188171,220,98.1095700263977,220,98.22137355804443,220,98.33904671669006,220,98.45415019989014,220,98.74133634567261,220,98.97967576980591,220,99.29287242889404,220,99.40671825408936,220,99.52248120307922,220,99.6974196434021,220,100.01635241508484,220,100.18398332595825,220,100.46089267730713,220,100.87027263641357,220,101.18966174125671,220,101.56403422355652,220,101.93787217140198,220,102.05503153800964,220,102.40637516975403,220,102.58193278312683,220,102.92716789245605,220,103.03815817832947,220,103.45559310913086,220,103.89374589920044,220,104.05770969390869,220,104.17024087905884,220,104.29005122184753,220,104.4297137260437,220,104.59386897087097,220,104.82451677322388,220,105.14026045799255,220,105.41753005981445,220,105.53732991218567,220,105.90096807479858,220,106.01348876953125,220,106.17605710029602,220,106.29530668258667,220,106.41468071937561,220,106.52684426307678,220,106.63429474830627,220,106.95038866996765,220,107.124103307724,220,107.29580879211426,220,107.41174364089966,220,107.75330805778503,220,107.88794207572937,220,108.26797437667847,220,108.43731880187988,220,108.77643299102783,220,109.07260465621948,220,109.1935613155365,220,109.30954027175903,220,109.59848999977112,220,109.7195885181427,220,109.90097260475159,220,110.01527810096741,220,110.31639075279236,220,110.63443803787231,220,110.98677968978882,220,111.1022891998291,220,111.54403781890869,220,111.72767901420593,220,112.04823231697083,220,112.34501814842224,220,112.665452003479,220,112.9338767528534,220,113.22973608970642,220,113.54696083068848,220,113.84861469268799,220,113.95950222015381,220,114.30292272567749,220,114.48148679733276,220,114.87273359298706,220,114.98937225341797,220,115.3635048866272,220,115.47891139984131,220,115.82495450973511,220,116.12047958374023,220,116.23291945457458,220,116.34901714324951,220,116.66818904876709,220,116.81952357292175,220,116.93552589416504,220,117.05495977401733,220,117.49454975128174,220,117.65094304084778,220,117.98832535743713,220,118.30771517753601,220,118.6362087726593,220,118.96999955177307,220,119.15012311935425,220,119.26134395599365,220,119.38003373146057,220,119.54163432121277,220,119.66027688980103,220,119.79164505004883,220,119.96423292160034,220,120.09424352645874,220,120.38290524482727,220,120.5000741481781,220,120.88061571121216,220,121.17538046836853,220,121.51974129676819,220,121.64274549484253,220,121.75504922866821,220,122.05015182495117,220,122.37429141998291,220,122.67120456695557,220,122.79872155189514,220,123.10188174247742,220,123.22101068496704,220,123.32945013046265,220,123.5030255317688,220,123.86590218544006,220,124.03174567222595,220,124.3348240852356,220,124.51221966743469,220,124.81032919883728,220,124.93170475959778,220,125.05139255523682,220,125.34219336509705,220,125.46505546569824,220,125.7466311454773,220,125.85898852348328,220,126.20574808120728,220,126.50304675102234,220,126.79691910743713,220,126.92012286186218,220,127.20824837684631,220,127.52332377433777,220,127.73194098472595,220,127.85067749023438,220,128.14493894577026,220,128.45236802101135,220,128.56969928741455,220,128.89016103744507,220,129.18808579444885,220,129.5476541519165,220,129.85740280151367,220,129.97352695465088,220,130.24994373321533,220,130.43294644355774,220,130.56073474884033,220,130.86741137504578,220,130.99089765548706,220,131.29491472244263,220,131.42215156555176,220,131.85324239730835,220,131.9705193042755,220,132.08212518692017,220,132.19689345359802,220,132.412606716156,220,132.76375889778137,220,133.0892298221588,220,133.20611715316772,220,133.4255554676056,220,133.5559401512146,220,133.86837911605835,220,133.97667908668518,220,134.27242469787598,220,134.44493198394775,220,134.5540316104889,220,134.88233256340027,220,135.15937280654907,220,135.34801197052002,220,135.5339937210083,220,135.8172471523285,220,136.21461296081543,220,136.54732084274292,220,136.66328978538513,220,136.98298406600952,220,137.2791087627411,220,137.40239596366882,220,137.79969835281372,220,137.91334795951843,220,138.28376126289368,220,138.61169362068176,220,138.93457531929016,220,139.21370315551758,220,139.3306736946106,220,139.45244026184082,220,139.5937306880951,220,139.71130800247192,220,139.88526606559753,220,140.02221870422363,220,140.38535165786743,220,140.67166876792908,220,140.78369665145874,220,140.94194340705872,220,141.269428730011,220,141.5804193019867,220,141.91068124771118,220,142.07723331451416,220,142.19819021224976,220,142.3193588256836,220,142.69176054000854,220,143.1046860218048,220,143.2237401008606,220,143.52955079078674,220,143.90314030647278,220,144.01944208145142,220,144.13775181770325,220,144.45365834236145,220,144.76841187477112,220,144.94695591926575,220,145.31727051734924,220,145.42685508728027,220,145.62058281898499,220,145.91508507728577,220,146.06645917892456,220,146.1820204257965,220,146.29376864433289,220,146.58046007156372,220,146.7080476284027,220,147.07779240608215,220,147.19782829284668,220,147.31958436965942,220,147.494366645813,220,147.833664894104,220,148.00514554977417,220,148.3094606399536,220,148.6593074798584,220,148.96572589874268,220,149.23798441886902,220,149.60075187683105,220,149.71967577934265,220,150.0449914932251,220,150.39465022087097,220,150.77104425430298,220,150.94796061515808,220,151.0608856678009,220,151.1836805343628,220,151.52853727340698,220,151.95258688926697,220,152.4937698841095,220,152.86199760437012,220,153.18986058235168,220,153.30709028244019,220,153.68376517295837,220,154.02401781082153,220,154.33289432525635,220,154.68447732925415,220,154.8517143726349,220,154.9744427204132,220,155.26894330978394,220,155.38518643379211,220,155.7207601070404,220,156.04043650627136,220,156.3776252269745,220,156.6684536933899,220,157.02221870422363,220,157.36721777915955,220,157.54137682914734,220,157.83554577827454,220,157.95439529418945,220,158.07070422172546,220,158.45229983329773,220,158.57925653457642,220,158.88911890983582,220,159.01037526130676,220,159.13325881958008,220,159.2657253742218,220,159.4436674118042,220,159.56730341911316,220,159.68268370628357,220,159.84772419929504,220,159.96508693695068,220,160.08278560638428,220,160.41783356666565,220,160.5551118850708,220,160.7372224330902,220,161.12700867652893,220,161.29308032989502,220,161.41363382339478,220,161.7943263053894,220,162.14564156532288,220,162.47599577903748,220,162.84686064720154,220,163.23021626472473,220,163.5170774459839,220,163.86783742904663,220,164.19116282463074,220,164.54559540748596,220,164.65967273712158,220,164.82287764549255,220,165.13362455368042,220,165.4277698993683,220,165.97604656219482,220,166.3437044620514,220,166.4602644443512,220,166.5800859928131,220,166.69641757011414,220,166.98793196678162,220,167.3293492794037,220,167.49793148040771,220,167.79402542114258,220,167.90953159332275,220,168.0261149406433,220,168.13861441612244,220,168.46136045455933,220,168.6285240650177,220,168.74392318725586,220,169.1111388206482,220,169.441987991333,220,169.55846166610718,220,169.6853790283203,220,169.80217814445496,220,170.1466326713562,220,170.26609778404236,220,170.55751252174377,220,170.84953474998474,220,170.96883606910706,220,171.0757782459259,220,171.1875867843628,220,171.46565532684326,220,171.76233649253845,220,171.87679600715637,220,172.1457953453064,220,172.32964730262756,220,172.44991731643677,220,172.56902432441711,220,172.87095165252686,220,172.9854805469513,220,173.10994052886963,220,173.2203688621521,220,173.53549194335938,220,173.64329648017883,220,173.95278000831604,220,174.4020471572876,220,174.7732036113739,220,175.0833978652954,220,175.3804783821106,220,175.67675495147705,220,176.10247921943665,220,176.3921673297882,220,176.49905729293823,220,176.9090964794159,220,177.0280408859253,220,177.1389410495758,220,177.25525641441345,220,177.37334036827087,220,177.74164962768555,220,177.86081862449646,220,178.1551592350006,220,178.27314972877502,220,178.39152026176453,220,178.75623440742493,220,179.12250685691833,220,179.43319988250732,220,179.5485816001892,220,179.66177248954773,220,179.99352025985718,220,180.2722249031067,220,180.58918642997742,220,180.69577646255493,220,181.04296326637268,220,181.3672444820404,220,181.49235820770264,220,181.61049914360046,220,181.9875087738037,220,182.10901594161987,220,182.44293999671936,220,182.82435059547424,220,183.21729063987732,220,183.49796652793884,220,183.67126369476318,220,183.86627221107483,220,184.17952752113342,220,184.6021113395691,220,184.72487378120422,220,185.048889875412,220,185.17077350616455,220,185.2869746685028,220,185.58457398414612,220,185.98482990264893,220,186.3135850429535,220,186.60775351524353,220,186.722261428833,220,186.8828890323639,220,187.22463154792786,220,187.41394543647766,220,187.5293047428131,220,187.65309834480286,220,187.82726287841797,220,187.947594165802,220,188.06741499900818,220,188.18849682807922,220,188.30397605895996,220,188.61071014404297,220,188.92320346832275,220,189.039541721344,220,189.37024927139282,220,189.69257354736328,220,189.81241154670715,220,189.92756342887878,220,190.27090692520142,220,190.3940098285675,220,190.74900722503662,220,191.09042382240295,220,191.47344779968262,220,191.58862257003784,220,191.7040729522705,220,192.05986428260803,220,192.18610215187073,220,192.47430634498596,220,192.60033988952637,220,192.71520256996155,220,192.8314607143402,220,192.9458680152893,220,193.0581431388855,220,193.44615530967712,220,193.7911252975464,220,194.08258605003357,220,194.1959683895111,220,194.3193781375885,220,194.44134545326233,220,194.70882868766785,220,194.82989263534546,220,194.95722103118896,220,195.25257563591003,220,195.54256772994995,220,195.72087812423706,220,195.83425498008728,220,196.21269130706787,220,196.47547507286072,220,196.78841042518616,220,197.13295817375183,220,197.4335720539093,220,197.76388239860535,220,198.18747401237488,220,198.49419689178467,220,198.6100583076477,220,198.72110772132874,220,198.83520436286926,220,198.95712876319885,220,199.06896662712097,220,199.181401014328,220,199.35974311828613,220,199.4761927127838,220,199.6310908794403,220,199.93593215942383,220,200.04584383964539,220,200.15173292160034,220,200.26646995544434,220,200.59785270690918,220,200.97105765342712,220,201.30189442634583,220,201.60855865478516,220,201.88234329223633,220,202.21334958076477,220,202.49511051177979,220,202.6108796596527,220,202.72874450683594,220,203.02339267730713,220,203.14094924926758,220,203.4355902671814,220,203.5524251461029,220,203.67649054527283,220,203.78803610801697,220,203.90065789222717,220,204.33918023109436,220,204.74365210533142,220,205.06532955169678,220,205.18560600280762,220,205.30025839805603,220,205.42258667945862,220,205.53933596611023,220,205.64719676971436,220,205.93506050109863,220,206.04834723472595,220,206.16992259025574,220,206.47287392616272,220,206.595299243927,220,206.77197265625,220,207.16211557388306,220,207.2776644229889,220,207.3804075717926,220,207.50654006004333,220,207.7864921092987,220,207.90261030197144,220,208.07851338386536,220,208.44187116622925,220,208.75039410591125,220,208.8669834136963,220,209.15298700332642,220,209.32854104042053,220,209.61646938323975,220,209.73607301712036,220,210.06121277809143,220,210.18260836601257,220,210.35730862617493,220,210.4710214138031,220,210.58398246765137,220,210.89864921569824,220,211.01267337799072,220,211.1325879096985,220,211.24619889259338,220,211.63214874267578,220,211.75202345848083,220,212.09703302383423,220,212.45922827720642,220,212.84078764915466,220,213.18438386917114,220,213.36796712875366,220,213.49161314964294,220,213.6762180328369,220,213.8003339767456,220,214.13803815841675,220,214.45846939086914,220,214.57742643356323,220,214.72961616516113,220,215.02401661872864,220,215.14861416816711,220,215.42724537849426,220,215.55210328102112,220,215.72556614875793,220,215.88888931274414,220,216.00622463226318,220,216.1212935447693,220,216.49154448509216,220,216.6091377735138,220,216.72818303108215,220,217.07567954063416,220,217.1957926750183,220,217.36867022514343,220,217.73746156692505,220,217.86725902557373,220,218.18585419654846,220,218.46452522277832,220,218.58653783798218,220,218.97613334655762,220,219.33754062652588,220,219.70756030082703,220,219.88803625106812,220,220.23368859291077,220,220.39470887184143,220,220.6718397140503,220,220.79514002799988,220,220.97443985939026,220,221.26871490478516,220,221.393634557724,220,221.7614827156067,220,222.03225469589233,220,222.2200222015381,220,222.34309673309326,220,222.64040541648865,220,222.75723242759705,220,223.050945520401,220,223.439288854599,220,223.77389478683472,220,223.89081025123596,220,224.23762845993042,220,224.3588728904724,220,224.47708129882812,220,224.88111639022827,220,225.25166201591492,220,225.36161398887634,220,225.54825353622437,220,225.89934945106506,220,226.25627446174622,220,226.38012075424194,220,226.4920825958252,220,226.83014035224915,220,226.99294757843018,220,227.296133518219,220,227.40917682647705,220,227.52192997932434,220,227.819908618927,220,227.94137334823608,220,228.24760460853577,220,228.59510803222656,220,228.92583656311035,220,229.2686550617218,220,229.56078171730042,220,229.68442463874817,220,230.02850914001465,220,230.18235993385315,220,230.49906063079834,220,230.63861751556396,220,230.9871482849121,220,231.11364197731018,220,231.28684997558594,220,231.39812850952148,220,231.70654726028442,220,231.83327531814575,220,232.13459372520447,220,232.4644913673401,220,232.57764506340027,220,232.69672393798828,220,232.98145580291748,220,233.0994610786438,220,233.22510480880737,220,233.35275268554688,220,233.66170859336853,220,233.76949501037598,220,234.09596800804138,220,234.21080589294434,220,234.33174085617065,220,234.641028881073,220,234.972900390625,220,235.0854766368866,220,235.37764382362366,220,235.48723030090332,220,235.6734254360199,220,236.04797053337097,220,236.23183608055115,220,236.55027961730957,220,236.84891200065613,220,237.1867573261261,220,237.55080938339233,220,237.65978598594666,220,237.95477080345154,220,238.23716020584106,220,238.34956288337708,220,238.46172952651978,220,238.6302342414856,220,238.74587965011597,220,238.85869789123535,220,238.97454357147217,220,239.3315827846527,220,239.6702437400818,220,239.77998638153076,220,240.13204836845398,220,240.2484531402588,220,240.36349487304688,220,240.65638875961304,220,240.76445412635803,220,240.88059616088867,220,241.23492765426636,220,241.3517084121704,220,241.47787928581238,220,241.60368609428406,220,241.89241218566895,220,242.06577849388123,220,242.37363815307617,220,242.4959795475006,220,242.79893898963928,220,243.02493906021118,220,243.13661241531372,220,243.4156403541565,220,243.73660969734192,220,244.0764434337616,220,244.26752352714539,220,244.58389019966125,220,244.88257312774658,220,244.99309158325195,220,245.10550022125244,220,245.4183795452118,220,245.5576093196869,220,245.6733329296112,220,246.06156253814697,220,246.35032987594604,220,246.70035409927368,220,247.02672123908997,220,247.35595178604126,220,247.65765810012817,220,248.02830481529236,220,248.14336276054382,220,248.48094058036804,220,248.74453926086426,220,248.87327885627747,220,248.99106574058533,220,249.35253953933716,220,249.46625781059265,220,249.59408330917358,220,249.71185874938965,220,249.82155752182007,220,250.13448286056519,220,250.46026039123535,220,250.59160804748535,220,250.98567295074463,220,251.2826907634735,220,251.64813470840454,220,251.9589364528656,220,252.07019662857056,220,252.19910550117493,220,252.31054067611694,220,252.6008620262146,220,252.898184299469,220,253.22871685028076,220,253.34049916267395,220,253.5039417743683,220,253.8222234249115,220,254.1278703212738,220,254.25241804122925,220,254.36863374710083,220,254.49586534500122,220,254.8306577205658,220,254.94143152236938,220,255.32126760482788,220,255.66193628311157,220,255.77744555473328,220,256.1993887424469,220,256.5673496723175,220,256.87941098213196,220,257.0081880092621,220,257.13646030426025,220,257.3059937953949,220,257.4355158805847,220,257.8009376525879,220,257.9279398918152,220,258.0981285572052,220,258.28247833251953,220,258.3969292640686,220,258.6852693557739,220,259.0052287578583,220,259.34468388557434,220,259.692405462265,220,260.0029447078705,220,260.11535477638245,220,260.3872609138489,220,260.6641352176666,220,260.92332458496094,220,261.03878712654114,220,261.14852571487427,220,261.26278471946716,220,261.3832380771637,220,261.5089318752289,220,261.621609210968,220,261.89150619506836,220,262.2398958206177,220,262.3823518753052,220,262.50552582740784,220,262.6246132850647,220,262.7391996383667,220,262.8602201938629,220,262.97728753089905,220,263.0881931781769,220,263.24442958831787,220,263.5343656539917,220,263.8946535587311,220,264.1941616535187,220,264.3025550842285,220,264.5800030231476,220,264.949312210083,220,265.06630206108093,220,265.17944049835205,220,265.5177719593048,220,265.64662528038025,220,265.96160221099854,220,266.1257040500641,220,266.3009421825409,220,266.41455078125,220,266.53337264060974,220,266.8520119190216,220,267.2755160331726,220,267.38797521591187,220,267.50853514671326,220,267.6346378326416,220,267.76048398017883,220,268.0787389278412,220,268.2217688560486,220,268.34638500213623,220,268.4567623138428,220,268.7683780193329,220,269.1341531276703,220,269.2535924911499,220,269.5959987640381,220,269.92229557037354,220,270.0423309803009,220,270.2088830471039,220,270.5848870277405,220,270.8953626155853,220,271.340576171875,220,271.71558141708374,220,271.9929804801941,220,272.1125512123108,220,272.2920777797699,220,272.58958864212036,220,272.88309383392334,220,273.19286131858826,220,273.5154881477356,220,273.64237546920776,220,273.7550458908081,220,274.1416893005371,220,274.4229025840759,220,274.5463180541992,220,274.9881103038788,220,275.1543838977814,220,275.2728023529053,220,275.3917863368988,220,275.5752806663513,220,275.6985023021698,220,275.8174088001251,220,275.9357318878174,220,276.05492758750916,220,276.41046023368835,220,276.7537114620209,220,276.87875175476074,220,277.170170545578,220,277.4668025970459,220,277.7574849128723,220,278.11467385292053,220,278.2395353317261,220,278.35812878608704,220,278.5305709838867,220,278.90321707725525,220,279.0695538520813,220,279.36625385284424,220,279.5493805408478,220,279.72855377197266,220,280.0458631515503,220,280.3670771121979,220,280.67543029785156,220,280.7885217666626,220,280.9675807952881,220,281.08134365081787,220,281.1971879005432,220,281.52788043022156,220,281.66157507896423,220,282.0456745624542,220,282.40230679512024,220,282.71578335762024,220,283.05260157585144,220,283.17248249053955,220,283.2937660217285,220,283.4080536365509,220,283.697203874588,220,284.0923867225647,220,284.47039771080017,220,284.8024570941925,220,284.9783442020416,220,285.336208820343,220,285.61916732788086,220,285.94781708717346,220,286.05754470825195,220,286.37403321266174,220,286.4939181804657,220,286.7927420139313,220,286.9219591617584,220,287.0509350299835,220,287.2352366447449,220,287.3530616760254,220,287.5393216609955,220,287.66297578811646,220,288.10839319229126,220,288.278733253479,220,288.3973994255066,220,288.726500749588,220,288.8413848876953,220,288.9666004180908,220,289.3011155128479,220,289.4481694698334,220,289.7396035194397,220,289.8623170852661,220,289.9853980541229,220,290.1053307056427,220,290.22093415260315,220,290.3311610221863,220,290.6383607387543,220,291.08387064933777,220,291.20586800575256,220,291.31750893592834,220,291.44102120399475,220,291.7718608379364,220,292.04679131507874,220,292.16445088386536,220,292.4641239643097,220,292.8130192756653,220,292.9279236793518,220,293.0467014312744,220,293.16957569122314,220,293.34135246276855,220,293.46547532081604,220,293.5789830684662,220,293.90462732315063,220,294.05660128593445,220,294.3405363559723,220,294.6693329811096,220,294.98515701293945,220,295.3110680580139,220,295.43355107307434,220,295.55424189567566,220,295.8938355445862,220,296.1763286590576,220,296.3632061481476,220,296.7545545101166,220,297.1379120349884,220,297.4660882949829,220,297.59487104415894,220,297.7093403339386,220,298.0159697532654,220,298.14098620414734,220,298.26016092300415,220,298.57835125923157,220,298.888062953949,220,299.00250482559204,220,299.3023295402527,220,299.6185042858124,220,299.9982159137726,220,300.04636883735657
4,random graphs/triangle/r1.5k18n12/graph4.lgbin,2613,249.63073420524597,256,692,0,599,0.3603181838989258,551,0.7000350952148438,520,0.990166187286377,420,1.3678255081176758,406,1.7324461936950684,370,2.189845561981201,341,2.5430335998535156,314,2.803440570831299,309,3.0284101963043213,306,3.2014501094818115,304,3.5322139263153076,304,3.6648666858673096,304,3.7859745025634766,304,4.089191913604736,304,4.374902725219727,304,4.700970649719238,304,5.061420679092407,304,5.411996364593506,304,5.74186110496521,304,6.085355520248413,304,6.272199630737305,304,6.628954887390137,304,6.829086780548096,304,7.127631902694702,304,7.370281457901001,304,7.68953013420105,304,7.976384162902832,304,8.298674583435059,304,8.609662532806396,304,8.954810380935669,302,9.305431127548218,302,9.60048508644104,302,9.866638660430908,302,10.146068096160889,302,10.307361602783203,302,10.488486051559448,302,10.68438172340393,302,11.051355123519897,302,11.183191299438477,302,11.571871519088745,302,11.884376287460327,302,12.184829711914062,302,12.514624118804932,302,12.811983585357666,302,13.180816411972046,302,13.344639778137207,302,13.672040939331055,302,13.929455995559692,302,14.292843103408813,302,14.607367277145386,302,14.754940509796143,302,15.350730419158936,302,15.673852682113647,302,15.941848993301392,302,16.206465005874634,297,16.48905634880066,297,16.61517643928528,296,16.77486276626587,294,17.349125862121582,294,17.71692156791687,294,18.02827739715576,293,18.674134492874146,293,19.13940405845642,293,19.270268440246582,293,19.606476306915283,293,20.552595853805542,293,20.891562700271606,293,21.257022857666016,293,21.55303931236267,293,22.049155473709106,293,22.35384702682495,293,22.688965320587158,289,23.116506338119507,289,23.23839521408081,287,23.61600375175476,287,23.941657543182373,287,24.280556678771973,287,24.547436475753784,287,24.77334690093994,287,25.039732217788696,287,25.20925760269165,287,25.436739206314087,287,25.825732707977295,287,26.113892793655396,287,26.46584987640381,287,26.838756799697876,287,27.181401014328003,287,27.495504140853882,287,27.83160090446472,287,27.996675729751587,287,28.349108457565308,287,28.75835132598877,287,29.03792667388916,287,29.358033418655396,287,29.74182367324829,287,30.023224592208862,287,30.28700065612793,287,30.705668449401855,287,30.898128509521484,286,31.238346815109253,286,31.559950590133667,286,31.928327083587646,283,32.63355016708374,283,33.05404305458069,283,33.43391489982605,283,33.73859214782715,283,34.081764936447144,283,34.89020538330078,283,35.06601428985596,283,35.339768409729004,283,35.58401536941528,283,35.904523611068726,283,36.24173665046692,283,36.492719650268555,283,36.816107511520386,283,37.08512878417969,283,37.39849901199341,283,37.72191405296326,283,38.12687683105469,283,38.693400382995605,283,39.00009250640869,283,39.313969373703,283,39.61298322677612,283,40.26133370399475,282,40.55732798576355,282,40.67130923271179,282,41.00654125213623,282,41.134302854537964,282,41.44007754325867,282,42.11928391456604,282,42.85861587524414,282,43.10524320602417,282,43.81183052062988,282,44.13067555427551,282,44.482483863830566,282,44.72496485710144,282,45.08487343788147,282,45.467609882354736,282,45.76948952674866,282,45.896507263183594,282,46.20409345626831,282,46.455297231674194,282,46.73787713050842,282,47.08645510673523,282,47.470242977142334,282,47.82127094268799,282,48.0716233253479,281,48.37533783912659,281,48.56603479385376,279,48.88348937034607,279,49.04897475242615,279,49.238566160202026,279,49.501354694366455,279,49.770076274871826,278,50.05677127838135,274,50.32264947891235,264,50.60764694213867,264,50.87993621826172,262,51.25006556510925,259,51.48415541648865,256,51.80079197883606,256,52.115171909332275,256,52.2736382484436,256,52.638628005981445,256,53.00354218482971,256,53.26996183395386,256,53.38808298110962,256,53.549254179000854,256,53.8583242893219,256,54.19370460510254,256,54.479467153549194,256,54.76923394203186,256,55.182509899139404,256,55.53509330749512,256,55.80790114402771,256,56.10729908943176,256,59.18927597999573,256,60.977712631225586,256,61.2371551990509,256,61.57426381111145,256,61.83645558357239,256,62.091365575790405,256,62.27626919746399,256,62.55077528953552,256,62.78404378890991,256,63.09994435310364,256,63.75498104095459,256,63.928592920303345,256,64.22397971153259,256,64.53183507919312,256,64.88478064537048,256,65.11531233787537,256,65.3774151802063,256,65.65017127990723,256,65.76364541053772,256,66.14174437522888,256,66.32290387153625,256,66.58801245689392,256,66.87422704696655,256,67.15461564064026,256,67.27486228942871,256,67.55970454216003,256,67.79271268844604,256,67.90876817703247,256,68.02406597137451,256,68.18980717658997,256,68.47044730186462,256,68.67823600769043,256,69.00318312644958,256,69.12848663330078,256,69.51644897460938,256,69.79518795013428,256,70.06753778457642,256,70.22728133201599,256,70.61623167991638,256,70.89477276802063,256,71.16303586959839,256,71.46262335777283,256,71.63270282745361,256,71.90057110786438,256,72.18205451965332,256,72.44398164749146,256,72.59830641746521,256,72.89225316047668,256,73.13404059410095,256,73.42369222640991,256,73.53863477706909,256,73.68295216560364,256,73.9695634841919,256,74.12950611114502,256,74.40666508674622,256,74.68252515792847,256,74.97360062599182,256,75.12938237190247,256,75.43228888511658,256,75.81247067451477,256,76.04583740234375,256,76.30500507354736,256,76.56042075157166,256,76.83688998222351,256,77.08914375305176,256,77.3575279712677,256,77.62945127487183,256,77.94066786766052,256,78.2000732421875,256,78.48655271530151,256,78.74873113632202,256,78.89644980430603,256,79.0588595867157,256,79.3455548286438,256,79.6189832687378,256,79.8992280960083,256,80.05687022209167,256,80.229177236557,256,80.37956953048706,256,82.785311460495,256,82.93043780326843,256,83.06381344795227,256,83.21387529373169,256,83.38260555267334,256,83.72626996040344,256,84.00417733192444,256,84.16829514503479,256,84.43946385383606,256,84.59533929824829,256,84.92980790138245,256,85.20889043807983,256,85.48290133476257,256,85.62775588035583,256,85.90380454063416,256,86.23863410949707,256,86.381920337677,256,86.54796195030212,256,86.67425203323364,256,86.9019386768341,256,87.16835379600525,256,87.49170279502869,256,87.8135175704956,256,88.14487648010254,256,88.27255296707153,256,88.43362236022949,256,88.67249417304993,256,88.83841943740845,256,89.11776614189148,256,89.28361248970032,256,89.66531229019165,256,89.9047281742096,256,90.17078804969788,256,90.3951895236969,256,90.56944751739502,256,90.74064922332764,256,91.0196475982666,256,91.1905562877655,256,91.4846408367157,256,91.79551434516907,256,92.06696152687073,256,92.36725234985352,256,92.64958643913269,256,92.78205871582031,256,93.08083963394165,256,93.2379207611084,256,93.50286602973938,256,93.84997963905334,256,93.99976587295532,256,94.12385487556458,256,94.26635360717773,256,94.56960225105286,256,94.83732891082764,256,94.95749831199646,256,95.2187340259552,256,95.51158809661865,256,95.82553434371948,256,95.98828029632568,256,96.26249957084656,256,96.58479166030884,256,96.7332136631012,256,96.91718220710754,256,97.05301260948181,256,97.31159520149231,256,97.5750663280487,256,97.72092199325562,256,97.87781763076782,256,98.02921843528748,256,98.35491967201233,256,98.5719861984253,256,98.85782361030579,256,99.0927164554596,256,99.37402033805847,256,99.48916864395142,256,99.67978119850159,256,99.99310612678528,256,100.15964245796204,256,100.29504537582397,256,100.6514265537262,256,100.81108784675598,256,101.07094645500183,256,101.3804247379303,256,101.6601939201355,256,101.83704280853271,256,102.10461831092834,256,102.35718107223511,256,102.66954588890076,256,103.00622534751892,256,103.28678250312805,256,103.57291579246521,256,103.84455752372742,256,104.038982629776,256,104.357417345047,256,104.68258118629456,256,104.96546936035156,256,105.12789797782898,256,105.40106439590454,256,105.69822669029236,256,105.95858931541443,256,106.2334372997284,256,106.41103649139404,256,106.72371673583984,256,107.0372486114502,256,107.1576497554779,256,107.42618012428284,256,107.65271139144897,256,107.90886306762695,256,108.07707142829895,256,108.22480154037476,256,108.5360107421875,256,108.81537818908691,256,109.11810827255249,256,109.39365768432617,256,109.65485739707947,256,109.96431231498718,256,110.30878734588623,256,110.56702089309692,256,110.80902314186096,256,111.11150932312012,256,111.42690300941467,256,111.74147009849548,256,112.0197434425354,256,112.27155590057373,256,112.42153286933899,256,112.74715185165405,256,113.17263340950012,256,113.32480835914612,256,113.60120630264282,256,113.76030611991882,256,114.08271336555481,256,114.46354126930237,256,114.70348024368286,256,114.9885082244873,256,118.0497534275055,256,118.42805290222168,256,118.59359002113342,256,118.88503003120422,256,119.17282938957214,256,119.33803987503052,256,119.62523794174194,256,119.95180559158325,256,120.11219906806946,256,120.22314429283142,256,120.52373433113098,256,120.79814791679382,256,121.06671476364136,256,121.21779417991638,256,121.3851706981659,256,121.55074310302734,256,121.8502414226532,256,122.10221195220947,256,122.28613305091858,256,122.56011414527893,256,122.8470516204834,256,123.15759658813477,256,123.44667220115662,256,123.76428270339966,256,124.04716730117798,256,124.41901230812073,256,124.56877183914185,256,124.97384285926819,256,125.25111675262451,256,125.514892578125,256,125.81984353065491,256,125.96694922447205,256,126.29452657699585,256,126.59600734710693,256,126.86072540283203,256,127.02807712554932,256,127.31900382041931,256,127.7516713142395,256,127.99447774887085,256,128.33510541915894,256,128.48017644882202,256,128.75400757789612,256,129.0399351119995,256,129.32636761665344,256,129.59124779701233,256,129.87056064605713,256,130.10280585289001,256,130.42315101623535,256,130.6978738307953,256,130.97808957099915,256,131.25291347503662,256,131.46761798858643,256,131.7861726284027,256,132.11480021476746,256,132.2950520515442,256,132.56262183189392,256,132.79908180236816,256,133.08741641044617,256,133.35681200027466,256,133.5902922153473,256,133.86214017868042,256,134.05767107009888,256,134.36610627174377,256,134.60848760604858,256,134.88792610168457,256,135.07317280769348,256,135.35535764694214,256,135.51878833770752,256,135.85185551643372,256,136.11101531982422,256,136.4205822944641,256,136.6317241191864,256,136.90291595458984,256,137.24769473075867,256,137.5184121131897,256,137.75850534439087,256,138.0566382408142,256,138.1947169303894,256,138.35191297531128,256,138.48741102218628,256,138.6161835193634,256,138.88022208213806,256,139.17416286468506,256,139.40727281570435,256,139.5574381351471,256,139.81811451911926,256,140.17400479316711,256,140.28765320777893,256,140.44963765144348,256,140.72633481025696,256,141.02638745307922,256,141.16659092903137,256,141.41699171066284,256,141.8316252231598,256,141.97015285491943,256,142.10174465179443,256,142.2843370437622,256,142.61650371551514,256,142.9482843875885,256,143.22514653205872,256,143.50460767745972,256,143.75899267196655,256,144.03096890449524,256,144.35142922401428,256,144.58283305168152,256,144.74875569343567,256,145.03133273124695,256,145.3079333305359,256,145.42959547042847,256,145.73688507080078,256,145.98003602027893,256,146.28699707984924,256,146.60917568206787,256,146.91462898254395,256,147.1960368156433,256,147.47506284713745,256,147.6316568851471,256,147.90596342086792,256,148.18257546424866,256,148.3544111251831,256,148.78264570236206,256,148.94559240341187,256,149.24423599243164,256,149.43161582946777,256,150.2647488117218,256,150.94992589950562,256,151.21991801261902,256,151.53440046310425,256,151.8685154914856,256,152.1426284313202,256,152.41458082199097,256,152.685688495636,256,152.97359442710876,256,153.24774146080017,256,153.41462659835815,256,153.70300936698914,256,154.02573442459106,256,154.31609892845154,256,154.47133588790894,256,154.71848106384277,256,155.07044076919556,256,155.3874077796936,256,155.49997758865356,256,155.66983890533447,256,155.96565651893616,256,156.1868076324463,256,156.350328207016,256,156.61545968055725,256,156.93904447555542,256,157.08850955963135,256,157.35756540298462,256,157.6471290588379,256,157.89112663269043,256,158.20044422149658,256,158.47454833984375,256,158.73358702659607,256,159.01682925224304,256,159.1969711780548,256,159.46098637580872,256,159.74345302581787,256,159.909903049469,256,160.18084287643433,256,160.50357103347778,256,160.81000089645386,256,161.07591009140015,256,161.38398599624634,256,161.65439677238464,256,161.7960662841797,256,162.4503128528595,256,162.7366406917572,256,163.01819229125977,256,163.31078147888184,256,163.46002578735352,256,163.57748460769653,256,163.87615752220154,256,164.1604471206665,256,164.44906282424927,256,164.80521821975708,256,165.13046193122864,256,165.482004404068,256,165.81732559204102,256,166.08451962471008,256,166.36558628082275,256,166.53080534934998,256,166.7837426662445,256,167.00477576255798,256,167.17239379882812,256,167.33310437202454,256,167.57490420341492,256,167.8053843975067,256,168.15388107299805,256,168.43887591362,256,168.59996247291565,256,168.76486229896545,256,169.12920665740967,256,169.4348702430725,256,169.77025651931763,256,170.09516143798828,256,170.40182065963745,256,170.58889770507812,256,170.86519145965576,256,171.13389992713928,256,171.48786115646362,256,171.66050457954407,256,171.96300172805786,256,172.13952589035034,256,172.3277804851532,256,172.92887544631958,256,173.19962620735168,256,173.59822988510132,256,173.88866066932678,256,174.15640711784363,256,174.27822422981262,256,174.41190767288208,256,174.69815874099731,256,175.32447695732117,256,175.50669479370117,256,175.8539035320282,256,176.13392853736877,256,176.28563618659973,256,176.56580471992493,256,176.8380012512207,256,179.68370842933655,256,179.87562942504883,256,180.00645065307617,256,180.40320873260498,256,180.76064586639404,256,181.0444836616516,256,181.35791039466858,256,181.6196994781494,256,181.8535919189453,256,182.2164442539215,256,182.5140347480774,256,182.80009484291077,256,183.07498908042908,256,183.29849529266357,256,183.47460079193115,256,183.71640920639038,256,183.8555929660797,256,184.12980937957764,256,184.31873869895935,256,184.43066000938416,256,184.70481371879578,256,184.9662322998047,256,185.13543319702148,256,185.4418179988861,256,185.58706378936768,256,185.89086079597473,256,186.16699981689453,256,186.44913625717163,256,186.73314332962036,256,186.97299146652222,256,187.25093340873718,256,187.47507238388062,256,187.66417598724365,256,187.8794345855713,256,188.1174693107605,256,188.49565887451172,256,188.6459014415741,256,188.94939947128296,256,189.2363142967224,256,189.3753044605255,256,189.53863310813904,256,189.84558010101318,256,189.9967279434204,256,190.23624897003174,256,190.52868247032166,256,190.8256380558014,256,191.13984775543213,256,191.43226623535156,256,191.74355244636536,256,192.03048944473267,256,192.32493782043457,256,192.59750652313232,256,192.7255311012268,256,193.00363111495972,256,193.29919052124023,256,193.60173749923706,256,193.75981545448303,256,194.02460598945618,256,194.36363339424133,256,194.60280776023865,256,194.8876347541809,256,195.1591489315033,256,195.43269801139832,256,195.6704933643341,256,195.98501348495483,256,196.14324712753296,256,196.42965126037598,256,196.59294176101685,256,196.739492893219,256,196.90747261047363,256,197.20527005195618,256,197.46662497520447,256,197.7366816997528,256,197.88210582733154,256,198.22220826148987,256,198.47268199920654,256,198.75578498840332,256,198.87084770202637,256,199.14959359169006,256,199.3827395439148,256,199.59344577789307,256,199.87542748451233,256,200.00430274009705,256,200.27517795562744,256,200.6268286705017,256,200.78107380867004,256,201.0511782169342,256,201.32305431365967,256,201.63384890556335,256,201.90206813812256,256,202.0829598903656,256,202.35789799690247,256,202.68960523605347,256,203.41044855117798,256,203.53146362304688,256,203.84588265419006,256,204.13052439689636,256,204.47846269607544,256,204.75594210624695,256,205.04133701324463,256,205.1962869167328,256,205.49313354492188,256,205.86643052101135,256,206.4782772064209,256,206.63636374473572,256,206.95358848571777,256,207.219553232193,256,207.5239748954773,256,207.65867733955383,256,207.95883774757385,256,208.12208938598633,256,208.43593788146973,256,208.72217965126038,256,209.0549337863922,256,209.30606508255005,256,209.5664677619934,256,209.78862142562866,256,209.94707536697388,256,210.18463373184204,256,210.34250926971436,256,210.51486587524414,256,210.80841660499573,256,210.95750975608826,256,211.23505473136902,256,211.6320776939392,256,211.85218286514282,256,212.13548946380615,256,212.48932313919067,256,212.87483167648315,256,213.170166015625,256,213.45754313468933,256,213.72290086746216,256,213.87995505332947,256,214.05548524856567,256,214.323068857193,256,214.59248614311218,256,214.8008439540863,256,215.12560963630676,256,215.25347876548767,256,215.40573406219482,256,215.58914828300476,256,215.81400561332703,256,216.11675477027893,256,216.42339825630188,256,216.73756861686707,256,217.02615666389465,256,217.40386199951172,256,217.7920126914978,256,217.96847343444824,256,218.33099102973938,256,218.65959119796753,256,219.00458097457886,256,219.26789665222168,256,219.60037446022034,256,219.71625518798828,256,220.07759380340576,256,220.2236771583557,256,220.52177214622498,256,220.67634868621826,256,220.84437489509583,256,221.15066742897034,256,221.26976609230042,256,221.455148935318,256,221.78961205482483,256,222.06096959114075,256,222.2263262271881,256,222.53923630714417,256,222.70472645759583,256,223.0101776123047,256,223.16618061065674,256,223.32452774047852,256,223.58316564559937,256,223.90647625923157,256,224.22521567344666,256,224.38676857948303,256,224.71037697792053,256,225.00961112976074,256,225.1537265777588,256,225.31494402885437,256,225.60166668891907,256,225.78740215301514,256,226.0676724910736,256,226.3408718109131,256,226.60261607170105,256,226.84361600875854,256,227.02555394172668,256,227.3038990497589,256,227.4662435054779,256,227.63000345230103,256,227.88624119758606,256,228.05365920066833,256,228.2869429588318,256,228.46269059181213,256,228.76326417922974,256,229.06949758529663,256,229.3303873538971,256,229.47641515731812,256,229.95510625839233,256,230.24406933784485,256,230.53094005584717,256,230.65750527381897,256,231.01482582092285,256,231.37347674369812,256,231.8806436061859,256,232.20028138160706,256,232.3799512386322,256,232.6869602203369,256,233.05801820755005,256,233.33198523521423,256,233.4838511943817,256,233.77861428260803,256,233.9241189956665,256,234.20678067207336,256,234.4662003517151,256,234.82092428207397,256,235.1363663673401,256,235.46886706352234,256,235.75587701797485,256,235.91912508010864,256,236.17480039596558,256,236.48469805717468,256,236.66855907440186,256,236.925377368927,256,237.23893785476685,256,237.40679931640625,256,237.57313632965088,256,237.85236072540283,256,238.14951491355896,256,238.52727031707764,256,238.79744911193848,256,239.07175397872925,256,239.3075020313263,256,239.66581988334656,256,239.96016573905945,256,240.19857025146484,256,240.8287239074707,256,241.06721901893616,256,241.21220088005066,256,241.32828640937805,256,241.65327286720276,256,241.9501028060913,256,242.24993205070496,256,242.4969620704651,256,242.77050185203552,256,243.03763675689697,256,243.33152318000793,256,243.669536113739,256,243.84722471237183,256,244.07248163223267,256,244.33799386024475,256,244.65034437179565,256,244.80388236045837,256,244.97360467910767,256,245.2318651676178,256,245.47642254829407,256,245.77631783485413,256,245.92639255523682,256,246.09391355514526,256,246.4238476753235,256,246.57068252563477,256,246.89608454704285,256,247.09452867507935,256,247.39372301101685,256,247.53630948066711,256,247.69731497764587,256,247.97440648078918,256,248.14133977890015,256,248.39935064315796,256,248.582989692688,256,248.88874530792236,256,249.16002440452576,256,249.46235990524292,256,249.61969327926636,256,249.74450659751892,256,249.8613908290863,256,250.13898754119873,256,250.4391417503357,256,250.57079792022705,256,250.92615175247192,256,251.1883475780487,256,251.34114599227905,256,251.57591462135315,256,251.70400857925415,256,252.0165877342224,256,252.27268648147583,256,252.5614264011383,256,252.8462631702423,256,253.17858576774597,256,253.45050883293152,256,253.6385338306427,256,253.92061114311218,256,254.18683218955994,256,254.4563820362091,256,254.7408287525177,256,255.1470229625702,256,255.4563591480255,256,255.773503780365,256,255.92542600631714,256,256.23728227615356,256,256.55131936073303,256,257.0213325023651,256,257.2757637500763,256,257.5758442878723,256,258.0222842693329,256,258.27875089645386,256,258.41129326820374,256,258.75176644325256,256,259.03395533561707,256,259.21742510795593,256,259.3883490562439,256,259.71772050857544,256,259.99336791038513,256,260.1812033653259,256,260.4131917953491,256,260.67801332473755,256,260.987722158432,256,261.21252393722534,256,261.3365054130554,256,261.59380531311035,256,261.85163855552673,256,262.2247760295868,256,262.5750436782837,256,262.7430536746979,256,263.0427453517914,256,263.31568336486816,256,263.63292360305786,256,263.7839844226837,256,264.06997537612915,256,264.36328959465027,256,264.50122809410095,256,264.8765046596527,256,265.00109362602234,256,265.27693581581116,256,265.574444770813,256,265.8687205314636,256,266.241281747818,256,266.5196850299835,256,266.83483719825745,256,267.1619622707367,256,267.45509362220764,256,267.73254585266113,256,267.9156069755554,256,268.19016909599304,256,268.46148681640625,256,268.62416648864746,256,268.88978242874146,256,269.18934869766235,256,269.47632789611816,256,269.80954360961914,256,270.11189246177673,256,270.26945996284485,256,270.59001088142395,256,270.84770345687866,256,271.07902359962463,256,271.198096036911,256,271.48614859580994,256,271.75822710990906,256,272.01735758781433,256,272.29328417778015,256,272.5375142097473,256,272.8087532520294,256,273.1721360683441,256,273.4975702762604,256,273.8069393634796,256,273.96385979652405,256,274.2404522895813,256,274.5068850517273,256,275.23866152763367,256,275.53100776672363,256,275.80852031707764,256,276.07358837127686,256,276.1979422569275,256,276.35871267318726,256,276.65933322906494,256,277.0303111076355,256,277.19065380096436,256,277.4506320953369,256,277.732869386673,256,277.99764370918274,256,278.13949275016785,256,278.4204273223877,256,278.78966665267944,256,279.0136504173279,256,279.4098308086395,256,279.6855432987213,256,279.9147171974182,256,280.09155654907227,256,280.4042401313782,256,280.714807510376,256,280.9762170314789,256,281.20686054229736,256,281.48529505729675,256,281.7704210281372,256,282.07449769973755,256,282.39571261405945,256,282.74319553375244,256,282.8973581790924,256,283.1306631565094,256,283.29494738578796,256,283.4153563976288,256,283.65027499198914,256,283.9040882587433,256,284.20630526542664,256,284.4665193557739,256,284.73224782943726,256,285.01084995269775,256,285.3086166381836,256,285.4653100967407,256,285.8320224285126,256,285.95824098587036,256,286.25420904159546,256,286.57060170173645,256,286.7892370223999,256,287.0726730823517,256,287.42393946647644,256,287.69208788871765,256,287.8350360393524,256,288.11962127685547,256,288.3771812915802,256,288.7723159790039,256,289.11698174476624,256,289.27873039245605,256,289.5399169921875,256,289.6562194824219,256,289.9832000732422,256,290.2397475242615,256,290.513480424881,256,290.67827820777893,256,290.9003291130066,256,291.1215031147003,256,291.385981798172,256,291.5033609867096,256,291.80085134506226,256,292.1306223869324,256,292.40757274627686,256,292.6485390663147,256,292.7952551841736,256,293.06372570991516,256,293.3480293750763,256,293.58582735061646,256,293.88972544670105,256,294.15324091911316,256,294.43974447250366,256,294.61492252349854,256,294.77723598480225,256,295.0882227420807,256,295.7282946109772,256,295.98787355422974,256,296.1247365474701,256,296.62033891677856,256,296.7443299293518,256,296.96641063690186,256,297.16386246681213,256,297.2775020599365,256,297.5407302379608,256,297.83857011795044,256,298.11485052108765,256,298.3901882171631,256,298.7378695011139,256,298.891295671463,256,299.1644923686981,256,299.29587721824646,256,299.4421284198761,256,299.5846619606018,256,299.7291269302368,256,299.8740756511688,256,300.05169916152954
