Index,File,CVcalc,OptTime,CrFinal,Cr1,T1,Cr2,T2...
0,random graphs/big_layer/r1.5k12n8/graph0.lgbin,2327,286.37730598449707,44,170,0,60,0.3606739044189453,44,0.6941735744476318,44,1.0033972263336182,44,1.3437669277191162,44,1.6419012546539307,44,1.980849266052246,44,2.266367197036743,44,2.6172373294830322,44,2.922123670578003,44,3.2673816680908203,44,3.5717878341674805,44,3.913262128829956,44,4.214036703109741,44,4.57024621963501,44,4.913194894790649,44,5.2721943855285645,44,5.600732326507568,44,5.949959754943848,44,6.295446157455444,44,6.642361640930176,44,6.980313301086426,44,7.284507751464844,44,7.632973670959473,44,7.928954601287842,44,8.258577108383179,44,8.53170132637024,44,8.871188879013062,44,9.16936469078064,44,9.521562337875366,44,9.839067935943604,44,10.135442733764648,44,10.433430194854736,44,10.715941667556763,44,11.062364339828491,44,11.356703519821167,44,11.708619594573975,44,12.034327268600464,44,12.31538462638855,44,12.668987274169922,44,12.949702739715576,44,13.287618637084961,44,13.631502628326416,44,13.925087928771973,44,14.208884477615356,44,14.499510765075684,44,14.836705446243286,44,15.125104665756226,44,15.459859848022461,44,15.736454725265503,44,16.033036470413208,44,16.3189594745636,44,16.66012167930603,44,17.006263256072998,44,17.30281376838684,44,17.664963960647583,44,17.961637258529663,44,18.309110641479492,44,18.58767294883728,44,18.936166286468506,44,19.253891944885254,44,19.597748279571533,44,19.942094802856445,44,20.22149395942688,44,20.50536322593689,44,20.843934774398804,44,21.18457818031311,44,21.475538969039917,44,21.83158040046692,44,22.171500205993652,44,22.517178773880005,44,22.847249269485474,44,23.148460149765015,44,23.436249256134033,44,23.75392484664917,44,24.077022314071655,44,24.414246559143066,44,24.76651167869568,44,25.064573764801025,44,25.35611081123352,44,25.634028434753418,44,25.916211128234863,44,26.2648446559906,44,26.55991005897522,44,26.843530654907227,44,27.13181972503662,44,27.462735414505005,44,27.769739151000977,44,28.058249950408936,44,28.356444358825684,44,28.742213249206543,44,29.09822964668274,44,29.395620822906494,44,29.688506364822388,44,30.039986848831177,44,30.32863759994507,44,30.684823036193848,44,31.0370876789093,44,31.338809967041016,44,31.642130851745605,44,31.989853620529175,44,32.28299260139465,44,32.62588810920715,44,32.97618770599365,44,33.27967929840088,44,33.6276171207428,44,33.97085428237915,44,34.343406677246094,44,34.6715350151062,44,35.02436304092407,44,35.32373023033142,44,35.61836099624634,44,35.9309458732605,44,36.22424054145813,44,36.516576290130615,44,36.81017708778381,44,37.14951181411743,44,37.50334548950195,44,37.84485650062561,44,38.19443392753601,44,38.49346303939819,44,38.837292194366455,44,39.15432071685791,44,39.494510889053345,44,39.790926456451416,44,40.06410765647888,44,40.408937215805054,44,40.702592849731445,44,41.046894550323486,44,41.34085726737976,44,41.63947892189026,44,41.94314002990723,44,42.286964416503906,44,42.58519697189331,44,42.93754267692566,44,43.23775792121887,44,43.534531116485596,44,43.85208821296692,44,44.23255896568298,44,44.514105558395386,44,44.8035626411438,44,45.15667772293091,44,45.501394748687744,44,45.83998727798462,44,46.20317792892456,44,46.48608040809631,44,46.7848699092865,44,47.144245624542236,44,47.43801999092102,44,47.792699098587036,44,48.101238489151,44,48.461068630218506,44,48.81600093841553,44,49.15562605857849,44,49.451940059661865,44,49.79478049278259,44,50.11678767204285,44,50.451664209365845,44,50.74264693260193,44,51.095378160476685,44,51.43376064300537,44,51.77644395828247,44,52.12005305290222,44,52.43722581863403,44,52.750319957733154,44,53.046406984329224,44,53.371098279953,44,53.71515083312988,44,54.0563702583313,44,54.39973425865173,44,54.74518918991089,44,55.08929681777954,44,55.433565855026245,44,55.78443145751953,44,56.12734866142273,44,56.425026178359985,44,56.712199449539185,44,57.00275468826294,44,57.30843901634216,44,57.653449296951294,44,57.99685978889465,44,58.35381102561951,44,58.69726896286011,44,58.99673271179199,44,59.29391288757324,44,59.64031195640564,44,59.942492961883545,44,60.306145668029785,44,60.61783242225647,44,60.91473603248596,44,61.210527181625366,44,61.52594304084778,44,61.81829619407654,44,62.15738320350647,44,62.49966526031494,44,62.84229254722595,44,63.17137026786804,44,63.44927000999451,44,63.790515422821045,44,64.06956958770752,44,64.35454559326172,44,64.68089079856873,44,65.01500248908997,44,65.31573700904846,44,65.614262342453,44,65.91264772415161,44,66.19921541213989,44,66.5361704826355,44,66.8048985004425,44,67.08425903320312,44,67.37915253639221,44,67.71136784553528,44,68.00550198554993,44,68.34554123878479,44,68.63178300857544,44,68.911301612854,44,69.25126695632935,44,69.54444336891174,44,69.8846025466919,44,70.16420269012451,44,70.44593238830566,44,70.79383993148804,44,71.13279223442078,44,71.42065119743347,44,71.71288537979126,44,72.04610466957092,44,72.37954831123352,44,72.66920924186707,44,73.01578688621521,44,73.29639673233032,44,73.59918522834778,44,73.89493441581726,44,74.2200562953949,44,74.51440620422363,44,74.84533357620239,44,75.11486434936523,44,75.4066948890686,44,75.70194387435913,44,76.05388951301575,44,76.32573938369751,44,76.67669725418091,44,77.00506711006165,44,77.34792399406433,44,77.6934027671814,44,78.02402520179749,44,78.36987781524658,44,78.71224689483643,44,79.01173257827759,44,79.33916854858398,44,79.68859839439392,44,80.04426956176758,44,80.39220380783081,44,80.68022799491882,44,80.95797085762024,44,81.30377888679504,44,81.59801173210144,44,81.94418430328369,44,82.28986525535583,44,82.58677220344543,44,82.9211208820343,44,83.20274472236633,44,83.48950862884521,44,83.80570697784424,44,84.11649298667908,44,84.4498028755188,44,84.80225777626038,44,85.08973670005798,44,85.38400912284851,44,85.66795015335083,44,86.02322673797607,44,86.3590681552887,44,86.70861625671387,44,87.00680255889893,44,87.33888125419617,44,87.6966381072998,44,88.00099396705627,44,88.34639620780945,44,88.66359806060791,44,89.01109051704407,44,89.35576915740967,44,89.69549512863159,44,89.98851108551025,44,90.28091883659363,44,90.59501600265503,44,90.94493269920349,44,91.29232430458069,44,91.5884964466095,44,91.946533203125,44,92.24213194847107,44,92.52035641670227,44,92.86916923522949,44,93.1623740196228,44,93.4402265548706,44,93.78555607795715,44,94.08217763900757,44,94.42838287353516,44,94.72422647476196,44,95.02326703071594,44,95.34858703613281,44,95.68907117843628,44,95.9742796421051,44,96.31833529472351,44,96.64967250823975,44,96.9890022277832,44,97.33501124382019,44,97.68777203559875,44,97.99395704269409,44,98.27687978744507,44,98.62889623641968,44,98.96711993217468,44,99.31511569023132,44,99.6632170677185,44,100.01103281974792,44,100.2974853515625,44,100.65603494644165,44,100.95357656478882,44,101.3033196926117,44,101.60183620452881,44,101.94303607940674,44,102.31608080863953,44,102.60342812538147,44,102.88905239105225,44,103.23648476600647,44,103.52717590332031,44,103.88312315940857,44,104.22737908363342,44,104.58295631408691,44,104.94086718559265,44,105.27501463890076,44,105.5678346157074,44,105.91565942764282,44,106.26214075088501,44,106.56403017044067,44,106.86214327812195,44,107.20579075813293,44,107.50257706642151,44,107.84941816329956,44,108.13806486129761,44,108.48604965209961,44,108.82719230651855,44,109.16416668891907,44,109.51693558692932,44,109.86093711853027,44,110.21432185173035,44,110.5695436000824,44,110.91722679138184,44,111.20883750915527,44,111.5426082611084,44,111.83320617675781,44,112.17405843734741,44,112.4680016040802,44,112.76481246948242,44,113.0535397529602,44,113.39241480827332,44,113.73563933372498,44,114.03373742103577,44,114.31013631820679,44,114.65247201919556,44,115.00155782699585,44,115.33834719657898,44,115.67549252510071,44,116.02097988128662,44,116.37261605262756,44,116.66836142539978,44,117.02586030960083,44,117.3672661781311,44,117.65916299819946,44,117.9883861541748,44,118.33274388313293,44,118.62742495536804,44,118.92115521430969,44,119.25763368606567,44,119.54452729225159,44,119.87231826782227,44,120.16567778587341,44,120.45865058898926,44,120.75724744796753,44,121.04324197769165,44,121.34064412117004,44,121.69224047660828,44,121.97581148147583,44,122.26536965370178,44,122.62231993675232,44,122.97255897521973,44,123.2661509513855,44,123.56720662117004,44,123.84696888923645,44,124.14138054847717,44,124.44215273857117,44,124.78551316261292,44,125.07983732223511,44,125.45042085647583,44,125.74162030220032,44,126.08842468261719,44,126.37507772445679,44,126.70960998535156,44,127.0567364692688,44,127.34383583068848,44,127.67505288124084,44,128.01987147331238,44,128.309401512146,44,128.6100161075592,44,128.8995189666748,44,129.23483395576477,44,129.51836276054382,44,129.86131715774536,44,130.13395023345947,44,130.48205375671387,44,130.8409767150879,44,131.12651681900024,44,131.47656846046448,44,131.74386858940125,44,132.02653813362122,44,132.361013174057,44,132.65298438072205,44,132.9952301979065,44,133.28292179107666,44,133.61824250221252,44,133.95934391021729,44,134.30027103424072,44,134.58069038391113,44,134.91624641418457,44,135.20632886886597,44,135.56275415420532,44,135.85540795326233,44,136.14391946792603,44,136.41995406150818,44,136.75602865219116,44,137.0409243106842,44,137.34207201004028,44,137.67877578735352,44,138.02658128738403,44,138.30645084381104,44,138.64667510986328,44,138.9973635673523,44,139.34264159202576,44,139.6923861503601,44,139.97927522659302,44,140.33900833129883,44,140.63791346549988,44,140.93952107429504,44,141.2528839111328,44,141.54569220542908,44,141.83598113059998,44,142.19295501708984,44,142.52685022354126,44,142.82756400108337,44,143.12413930892944,44,143.39797234535217,44,143.69789719581604,44,144.04840922355652,44,144.3339068889618,44,144.63673615455627,44,144.95393633842468,44,145.24121022224426,44,145.53537583351135,44,145.86494255065918,44,146.1624879837036,44,146.46173095703125,44,146.7513074874878,44,147.0857229232788,44,147.39061546325684,44,147.7106831073761,44,148.06413412094116,44,148.37154865264893,44,148.67019200325012,44,148.95642685890198,44,149.26910734176636,44,149.5561285018921,44,149.84555053710938,44,150.13628244400024,44,150.42890977859497,44,150.72060418128967,44,151.07419061660767,44,151.42882895469666,44,151.7641670703888,44,152.12325930595398,44,152.47868824005127,44,152.82133316993713,44,153.1077938079834,44,153.4069631099701,44,153.74697589874268,44,154.04093623161316,44,154.32181549072266,44,154.66982078552246,44,155.02909421920776,44,155.3329565525055,44,155.68582797050476,44,155.97636461257935,44,156.26287746429443,44,156.55926775932312,44,156.9054708480835,44,157.25905966758728,44,157.550635099411,44,157.8539605140686,44,158.14525651931763,44,158.44669342041016,44,158.80935525894165,44,159.15672945976257,44,159.4986870288849,44,159.8547294139862,44,160.13417863845825,44,160.43430066108704,44,160.73238325119019,44,161.0697832107544,44,161.4105110168457,44,161.7613868713379,44,162.03775882720947,44,162.33769392967224,44,162.67657375335693,44,163.02442955970764,44,163.32335305213928,44,163.68896746635437,44,163.9878375530243,44,164.2838168144226,44,164.56556630134583,44,164.9202001094818,44,165.26377058029175,44,165.60397219657898,44,165.89058995246887,44,166.23574542999268,44,166.57754850387573,44,166.92535018920898,44,167.21065521240234,44,167.5540647506714,44,167.8923819065094,44,168.18674635887146,44,168.53117966651917,44,168.8361780643463,44,169.12278842926025,44,169.42420315742493,44,169.72775840759277,44,170.07116317749023,44,170.37813591957092,44,170.6790759563446,44,171.02689671516418,44,171.30814409255981,44,171.65156316757202,44,171.9461681842804,44,172.27788925170898,44,172.61538743972778,44,172.95909810066223,44,173.27137732505798,44,173.57145619392395,44,173.8747181892395,44,174.1889386177063,44,174.47363996505737,44,174.82324385643005,44,175.11601996421814,44,175.41371846199036,44,175.70756459236145,44,175.98496651649475,44,176.32572484016418,44,176.66946506500244,44,177.02097296714783,44,177.35749864578247,44,177.6434166431427,44,177.9899456501007,44,178.33107709884644,44,178.67339253425598,44,178.96750044822693,44,179.27278804779053,44,179.6303105354309,44,179.96997451782227,44,180.30079746246338,44,180.5943603515625,44,180.94293451309204,44,181.30335140228271,44,181.64498162269592,44,181.94427394866943,44,182.2885227203369,44,182.62784552574158,44,182.91483736038208,44,183.2023184299469,44,183.49436831474304,44,183.8038694858551,44,184.14304566383362,44,184.43878293037415,44,184.78437566757202,44,185.08513474464417,44,185.39026927947998,44,185.6977880001068,44,185.99916410446167,44,186.34731531143188,44,186.70138311386108,44,187.00972390174866,44,187.36568808555603,44,187.64791107177734,44,187.99918007850647,44,188.36029291152954,44,188.70046472549438,44,189.0361671447754,44,189.33554339408875,44,189.6373255252838,44,189.96175456047058,44,190.2453591823578,44,190.5419888496399,44,190.86814403533936,44,191.21376395225525,44,191.51218247413635,44,191.80495619773865,44,192.09446167945862,44,192.38809299468994,44,192.68186330795288,44,193.03643536567688,44,193.31872177124023,44,193.6050853729248,44,193.9564070701599,44,194.2916350364685,44,194.6261260509491,44,194.91703820228577,44,195.2643973827362,44,195.60556173324585,44,195.8907995223999,44,196.25754690170288,44,196.55233526229858,44,196.89731311798096,44,197.2500717639923,44,197.54317259788513,44,197.8974757194519,44,198.20278596878052,44,198.5065815448761,44,198.86695432662964,44,199.16621088981628,44,199.50758743286133,44,199.86048316955566,44,200.15397000312805,44,200.4346616268158,44,200.73026752471924,44,201.01379680633545,44,201.29646611213684,44,201.64032173156738,44,201.99286484718323,44,202.33194136619568,44,202.62830877304077,44,202.9081699848175,44,203.2664098739624,44,203.61812949180603,44,203.90377950668335,44,204.1917691230774,44,204.54842448234558,44,204.8314733505249,44,205.1315574645996,44,205.43352913856506,44,205.7288520336151,44,206.0284059047699,44,206.38836336135864,44,206.74805569648743,44,207.08941388130188,44,207.43362426757812,44,207.79275155067444,44,208.14865589141846,44,208.44110703468323,44,208.74530172348022,44,209.08624386787415,44,209.3816692829132,44,209.73098468780518,44,210.0701675415039,44,210.3719720840454,44,210.6652820110321,44,210.96626782417297,44,211.31564235687256,44,211.6645863056183,44,211.95274543762207,44,212.25870180130005,44,212.60157704353333,44,212.89392852783203,44,213.18197774887085,44,213.47388195991516,44,213.83038902282715,44,214.1198844909668,44,214.45269346237183,44,214.74951434135437,44,215.05365109443665,44,215.41345834732056,44,215.76314115524292,44,216.05799627304077,44,216.3578917980194,44,216.70811986923218,44,217.04383063316345,44,217.37613201141357,44,217.6827301979065,44,218.02385115623474,44,218.30931782722473,44,218.657408952713,44,219.0082392692566,44,219.30143785476685,44,219.64233303070068,44,219.99560236930847,44,220.35166001319885,44,220.6465983390808,44,220.9843294620514,44,221.29638814926147,44,221.64911103248596,44,221.99430441856384,44,222.29582166671753,44,222.6518156528473,44,222.99412059783936,44,223.32618975639343,44,223.622474193573,44,223.90903306007385,44,224.21398663520813,44,224.50907826423645,44,224.86149907112122,44,225.16153597831726,44,225.47162461280823,44,225.7771499156952,44,226.11343359947205,44,226.41210436820984,44,226.77889275550842,44,227.14103865623474,44,227.49154472351074,44,227.77017951011658,44,228.06312251091003,44,228.39346837997437,44,228.7249779701233,44,229.0168812274933,44,229.36438083648682,44,229.66634941101074,44,230.0196771621704,44,230.31907629966736,44,230.61371541023254,44,230.92383766174316,44,231.27784657478333,44,231.6274664402008,44,231.92147207260132,44,232.22434854507446,44,232.57900071144104,44,232.93160939216614,44,233.2754213809967,44,233.5808298587799,44,233.92632675170898,44,234.27967596054077,44,234.56809663772583,44,234.87637734413147,44,235.16001343727112,44,235.442946434021,44,235.74213123321533,44,236.0865228176117,44,236.39612889289856,44,236.70298552513123,44,237.00867199897766,44,237.29678416252136,44,237.65825510025024,44,237.9427568912506,44,238.2785348892212,44,238.6360273361206,44,238.98085117340088,44,239.318514585495,44,239.6184058189392,44,239.97474217414856,44,240.3178310394287,44,240.61047863960266,44,240.91632270812988,44,241.24528408050537,44,241.54329872131348,44,241.8884937763214,44,242.20766472816467,44,242.53287196159363,44,242.83453965187073,44,243.1337673664093,44,243.42980551719666,44,243.7665147781372,44,244.05306029319763,44,244.4146807193756,44,244.6973328590393,44,245.04304480552673,44,245.32960963249207,44,245.68578171730042,44,245.9952516555786,44,246.31389737129211,44,246.66824555397034,44,246.96963715553284,44,247.3110568523407,44,247.65977954864502,44,248.00265073776245,44,248.3077483177185,44,248.6627757549286,44,248.96251797676086,44,249.26364850997925,44,249.61900234222412,44,249.97911310195923,44,250.25958967208862,44,250.5412790775299,44,250.88097167015076,44,251.2227828502655,44,251.52539896965027,44,251.87881469726562,44,252.22553944587708,44,252.58303499221802,44,252.92259240150452,44,253.21779990196228,44,253.51754999160767,44,253.8674669265747,44,254.16203904151917,44,254.4448277950287,44,254.74065446853638,44,255.03608465194702,44,255.38134908676147,44,255.72719192504883,44,256.03215646743774,44,256.3302090167999,44,256.6392767429352,44,256.92788004875183,44,257.21913051605225,44,257.54319047927856,44,257.832151889801,44,258.1821494102478,44,258.47787284851074,44,258.8334867954254,44,259.183846950531,44,259.51954531669617,44,259.87562131881714,44,260.2152738571167,44,260.51259207725525,44,260.8040518760681,44,261.11115407943726,44,261.4695599079132,44,261.83116149902344,44,262.13017082214355,44,262.42717003822327,44,262.7235608100891,44,263.06951093673706,44,263.3581054210663,44,263.64440417289734,44,263.9357318878174,44,264.23635959625244,44,264.53445625305176,44,264.8759527206421,44,265.1765716075897,44,265.46420764923096,44,265.8240146636963,44,266.10610580444336,44,266.46195101737976,44,266.8171865940094,44,267.16318917274475,44,267.5022532939911,44,267.83997201919556,44,268.1861879825592,44,268.4709053039551,44,268.8107831478119,44,269.13830971717834,44,269.46585059165955,44,269.7749402523041,44,270.0645127296448,44,270.3412663936615,44,270.6771252155304,44,270.9697480201721,44,271.26309967041016,44,271.55268359184265,44,271.90495133399963,44,272.18984603881836,44,272.53890800476074,44,272.8818061351776,44,273.2217946052551,44,273.5634117126465,44,273.89630651474,44,274.2261757850647,44,274.5134024620056,44,274.8052041530609,44,275.116676568985,44,275.4423611164093,44,275.7316355705261,44,276.0793697834015,44,276.4028408527374,44,276.69422364234924,44,277.0802927017212,44,277.4152054786682,44,277.71274495124817,44,278.05179619789124,44,278.37144589424133,44,278.6710193157196,44,278.9629456996918,44,279.29850912094116,44,279.6378495693207,44,279.9329483509064,44,280.22454857826233,44,280.51039838790894,44,280.77584290504456,44,281.118901014328,44,281.4731297492981,44,281.7982723712921,44,282.13801550865173,44,282.4133095741272,44,282.7483034133911,44,283.03339195251465,44,283.3148407936096,44,283.5973927974701,44,283.9359166622162,44,284.2256922721863,44,284.5020520687103,44,284.8604700565338,44,285.2041127681732,44,285.5474829673767,44,285.8503041267395,44,286.15208864212036,44,286.5013473033905,44,286.8058602809906,44,287.15068888664246,44,287.4855933189392,44,287.82861971855164,44,288.1226861476898,44,288.4510657787323,44,288.79213523864746,44,289.078750371933,44,289.3649752140045,44,289.6483585834503,44,289.9907283782959,44,290.2787730693817,44,290.6183545589447,44,290.9588088989258,44,291.25340700149536,44,291.5351300239563,44,291.8724675178528,44,292.22439646720886,44,292.5655198097229,44,292.90010952949524,44,293.1940031051636,44,293.52848649024963,44,293.8240375518799,44,294.11402678489685,44,294.44761204719543,44,294.7356152534485,44,295.0151734352112,44,295.3583676815033,44,295.7016589641571,44,295.9856057167053,44,296.28206872940063,44,296.58477663993835,44,296.86773920059204,44,297.17074179649353,44,297.5061368942261,44,297.8390157222748,44,298.17860984802246,44,298.5173873901367,44,298.81759881973267,44,299.11184215545654,44,299.41171646118164,44,299.75098156929016,44,300.0317659378052
1,random graphs/big_layer/r1.5k12n8/graph1.lgbin,2327,290.58981919288635,61,146,0,69,0.49507594108581543,61,0.9697561264038086,61,1.3831045627593994,61,1.708150863647461,61,2.0417184829711914,61,2.478484630584717,61,2.8177127838134766,61,3.2742321491241455,61,3.601334810256958,61,4.0289740562438965,61,4.455978870391846,61,4.893726110458374,61,5.326030254364014,61,5.749717950820923,61,6.0985682010650635,61,6.529128789901733,61,6.860050201416016,61,7.297797441482544,61,7.735272169113159,61,8.162482976913452,61,8.450430870056152,61,8.886993646621704,61,9.17923903465271,61,9.523403882980347,61,9.958081483840942,61,10.381812572479248,61,10.810017108917236,61,11.141851663589478,61,11.473045110702515,61,11.92606234550476,61,12.33963418006897,61,12.781159400939941,61,13.204092741012573,61,13.635765075683594,61,14.05996561050415,61,14.487818479537964,61,14.919588565826416,61,15.229017496109009,61,15.547119617462158,61,15.963168621063232,61,16.2375807762146,61,16.67393732070923,61,17.009269952774048,61,17.297105312347412,61,17.72631072998047,61,18.046934604644775,61,18.391743898391724,61,18.82025456428528,61,19.25822639465332,61,19.67518424987793,61,19.97343611717224,61,20.26055121421814,61,20.686232566833496,61,20.96916937828064,61,21.395438194274902,61,21.715038299560547,61,22.05923557281494,61,22.469945430755615,61,22.876790046691895,61,23.197532892227173,61,23.628214120864868,61,23.94742226600647,61,24.288616180419922,61,24.617827892303467,61,25.0604887008667,61,25.41147494316101,61,25.703502655029297,61,26.035743236541748,61,26.376793146133423,61,26.709606409072876,61,27.047410249710083,61,27.37993097305298,61,27.804986000061035,61,28.138781309127808,61,28.58043599128723,61,28.899757623672485,61,29.23778486251831,61,29.68132257461548,61,29.995788097381592,61,30.285964012145996,61,30.730223655700684,61,31.075947284698486,61,31.510623931884766,61,31.851649045944214,61,32.180455684661865,61,32.59052348136902,61,32.87067222595215,61,33.2937958240509,61,33.61697745323181,61,33.94847846031189,61,34.37510919570923,61,34.80953669548035,61,35.12764573097229,61,35.47291445732117,61,35.82806038856506,61,36.18016457557678,61,36.516605377197266,61,36.8578143119812,61,37.18142318725586,61,37.52343487739563,61,37.966625452041626,61,38.40700078010559,61,38.849358797073364,61,39.28177452087402,61,39.562270402908325,61,39.889214754104614,61,40.29904127120972,61,40.72882056236267,61,41.150166034698486,61,41.57094478607178,61,41.91195607185364,61,42.19362211227417,61,42.52711749076843,61,42.97325849533081,61,43.30985951423645,61,43.65631413459778,61,43.99243116378784,61,44.4123477935791,61,44.76184391975403,61,45.195481061935425,61,45.533692598342896,61,45.87668061256409,61,46.30589985847473,61,46.72696304321289,61,47.06316781044006,61,47.381704568862915,61,47.70391273498535,61,48.023083448410034,61,48.304346323013306,61,48.73614573478699,61,49.072505235672,61,49.493467569351196,61,49.77600908279419,61,50.21038317680359,61,50.66309833526611,61,51.08585000038147,61,51.51979732513428,61,51.84625601768494,61,52.277212381362915,61,52.692116022109985,61,53.13642120361328,61,53.468541860580444,61,53.804211139678955,61,54.222862005233765,61,54.64305567741394,61,55.08257508277893,61,55.5079243183136,61,55.95352363586426,61,56.376845836639404,61,56.82664918899536,61,57.17127728462219,61,57.615397930145264,61,58.05591368675232,61,58.353675842285156,61,58.79651594161987,61,59.22929859161377,61,59.66392278671265,61,59.9582884311676,61,60.41254377365112,61,60.86693525314331,61,61.32622313499451,61,61.76889085769653,61,62.110336780548096,61,62.40823268890381,61,62.69793748855591,61,63.04378080368042,61,63.46711850166321,61,63.89738941192627,61,64.1993625164032,61,64.65143609046936,61,65.07347702980042,61,65.40859198570251,61,65.8290319442749,61,66.2454617023468,61,66.56411552429199,61,66.88755631446838,61,67.21930313110352,61,67.65680646896362,61,68.07963848114014,61,68.51847314834595,61,68.94154119491577,61,69.27144455909729,61,69.70762419700623,61,70.03621506690979,61,70.37154626846313,61,70.82279229164124,61,71.26376581192017,61,71.70154094696045,61,72.02852773666382,61,72.45856928825378,61,72.7816948890686,61,73.10422921180725,61,73.43050003051758,61,73.85785484313965,61,74.30585289001465,61,74.63303661346436,61,75.04625105857849,61,75.46779918670654,61,75.91124224662781,61,76.32539319992065,61,76.73737096786499,61,77.03659725189209,61,77.33855867385864,61,77.6606183052063,61,77.94577670097351,61,78.2769627571106,61,78.69639897346497,61,79.01530909538269,61,79.43335723876953,61,79.83552122116089,61,80.2683572769165,61,80.59990239143372,61,81.01614999771118,61,81.44695353507996,61,81.77747249603271,61,82.2048807144165,61,82.65075778961182,61,83.1058349609375,61,83.53644680976868,61,83.85103821754456,61,84.13389921188354,61,84.45548248291016,61,84.77419209480286,61,85.0992660522461,61,85.54869532585144,61,85.8867199420929,61,86.3060781955719,61,86.75499224662781,61,87.2019670009613,61,87.63186717033386,61,88.0744423866272,61,88.41148853302002,61,88.7269458770752,61,89.14322900772095,61,89.58053493499756,61,89.8670244216919,61,90.29187846183777,61,90.74063181877136,61,91.16113877296448,61,91.49571990966797,61,91.93656134605408,61,92.36773538589478,61,92.80108523368835,61,93.1365602016449,61,93.45424103736877,61,93.88962864875793,61,94.18564438819885,61,94.62824177742004,61,94.96946954727173,61,95.31140804290771,61,95.65346908569336,61,95.99392485618591,61,96.43234300613403,61,96.84954071044922,61,97.17919850349426,61,97.5112099647522,61,97.84737539291382,61,98.15793418884277,61,98.50038862228394,61,98.83184337615967,61,99.25757908821106,61,99.58351540565491,61,99.91602540016174,61,100.34850835800171,61,100.76559662818909,61,101.18714380264282,61,101.50917100906372,61,101.93538904190063,61,102.27110505104065,61,102.72469067573547,61,103.05467963218689,61,103.39985227584839,61,103.74042510986328,61,104.17118716239929,61,104.59288930892944,61,104.94164061546326,61,105.27931332588196,61,105.60973691940308,61,106.04443359375,61,106.48250722885132,61,106.90743112564087,61,107.24063539505005,61,107.69378399848938,61,108.1170163154602,61,108.5483934879303,61,108.87324666976929,61,109.20622324943542,61,109.64669036865234,61,109.9658145904541,61,110.30190086364746,61,110.75863862037659,61,111.04560351371765,61,111.3293206691742,61,111.77722787857056,61,112.23485660552979,61,112.5879008769989,61,113.03770589828491,61,113.38267517089844,61,113.67421913146973,61,114.00591921806335,61,114.44082045555115,61,114.7681634426117,61,115.18749403953552,61,115.52501392364502,61,115.85277938842773,61,116.17251920700073,61,116.51235103607178,61,116.84141564369202,61,117.16861748695374,61,117.59508538246155,61,117.91786193847656,61,118.3358907699585,61,118.67192125320435,61,119.10484385490417,61,119.55390071868896,61,119.88013744354248,61,120.31673669815063,61,120.60183191299438,61,121.05001854896545,61,121.40151596069336,61,121.68871092796326,61,121.98290967941284,61,122.33591628074646,61,122.77240252494812,61,123.19777083396912,61,123.52864122390747,61,123.95589804649353,61,124.40288925170898,61,124.73879647254944,61,125.16588830947876,61,125.60016894340515,61,125.94379496574402,61,126.37436485290527,61,126.67115616798401,61,126.96985650062561,61,127.26230096817017,61,127.59478545188904,61,127.92742466926575,61,128.37934970855713,61,128.8077118396759,61,129.1107246875763,61,129.39779472351074,61,129.85238575935364,61,130.19311904907227,61,130.63544940948486,61,130.97558164596558,61,131.29417991638184,61,131.62674379348755,61,132.0775969028473,61,132.51938891410828,61,132.81611824035645,61,133.26124334335327,61,133.6026644706726,61,133.9201021194458,61,134.36264395713806,61,134.65863919258118,61,135.0902943611145,61,135.52843499183655,61,135.970721244812,61,136.30559492111206,61,136.74237751960754,61,137.1993215084076,61,137.65075850486755,61,138.1175401210785,61,138.5482907295227,61,138.9934422969818,61,139.43432068824768,61,139.8955419063568,61,140.19213128089905,61,140.48342084884644,61,140.81510162353516,61,141.16738271713257,61,141.61444807052612,61,141.94165873527527,61,142.28190755844116,61,142.71337747573853,61,143.14458346366882,61,143.48831844329834,61,143.78355193138123,61,144.11407804489136,61,144.44259119033813,61,144.76451134681702,61,145.1026062965393,61,145.44541215896606,61,145.8739035129547,61,146.19084763526917,61,146.5139889717102,61,146.8476700782776,61,147.2984426021576,61,147.63401174545288,61,147.9729437828064,61,148.31556606292725,61,148.64740180969238,61,149.07811975479126,61,149.50585389137268,61,149.84438753128052,61,150.2677059173584,61,150.69868683815002,61,151.02586030960083,61,151.46544194221497,61,151.79593181610107,61,152.13479566574097,61,152.59480834007263,61,152.93663239479065,61,153.3767910003662,61,153.71022987365723,61,154.14444708824158,61,154.57750630378723,61,155.01532578468323,61,155.35078287124634,61,155.802405834198,61,156.24781107902527,61,156.5430338382721,61,156.83063578605652,61,157.15807175636292,61,157.59816694259644,61,158.0278868675232,61,158.4613959789276,61,158.7872416973114,61,159.13606762886047,61,159.58180499076843,61,159.92535734176636,61,160.3817617893219,61,160.8093822002411,61,161.25401282310486,61,161.68984961509705,61,162.13897228240967,61,162.56409549713135,61,163.00647401809692,61,163.3533296585083,61,163.63979077339172,61,164.08573007583618,61,164.52822351455688,61,164.94313788414001,61,165.287837266922,61,165.6291298866272,61,166.07024002075195,61,166.49585509300232,61,166.94648671150208,61,167.36900067329407,61,167.70163655281067,61,168.03982591629028,61,168.4852910041809,61,168.93770051002502,61,169.28377532958984,61,169.62805438041687,61,169.96690940856934,61,170.2642855644226,61,170.5977919101715,61,170.94251489639282,61,171.38077354431152,61,171.71464490890503,61,172.0528929233551,61,172.34959769248962,61,172.80188488960266,61,173.09930658340454,61,173.4321849346161,61,173.7757227420807,61,174.23223447799683,61,174.57570576667786,61,175.01093912124634,61,175.33920526504517,61,175.6721556186676,61,176.10881185531616,61,176.5606906414032,61,176.8513433933258,61,177.26534032821655,61,177.70642066001892,61,178.04926133155823,61,178.38072276115417,61,178.67676401138306,61,179.1061305999756,61,179.55846691131592,61,179.89796805381775,61,180.2404191493988,61,180.58888173103333,61,180.90400648117065,61,181.19987058639526,61,181.49619126319885,61,181.93772745132446,61,182.28518748283386,61,182.73404836654663,61,183.06958889961243,61,183.51194429397583,61,183.97354364395142,61,184.2796835899353,61,184.61456322669983,61,185.06200575828552,61,185.4027979373932,61,185.69019889831543,61,186.026264667511,61,186.46120357513428,61,186.90195536613464,61,187.33261680603027,61,187.78466963768005,61,188.12855577468872,61,188.59142327308655,61,189.01738095283508,61,189.35872840881348,61,189.64781379699707,61,189.98836159706116,61,190.42295908927917,61,190.84997582435608,61,191.28683876991272,61,191.61559557914734,61,192.06499338150024,61,192.35820627212524,61,192.80024409294128,61,193.25691556930542,61,193.7021734714508,61,193.9942765235901,61,194.33214807510376,61,194.6329312324524,61,195.08291149139404,61,195.41968989372253,61,195.85217428207397,61,196.19306182861328,61,196.64069151878357,61,196.992573261261,61,197.33241057395935,61,197.66722583770752,61,198.1131739616394,61,198.45950078964233,61,198.75487446784973,61,199.09475564956665,61,199.4262981414795,61,199.8545048236847,61,200.26894760131836,61,200.5998513698578,61,200.93810367584229,61,201.3678240776062,61,201.69380950927734,61,202.0304992198944,61,202.47566294670105,61,202.8229796886444,61,203.2761173248291,61,203.71642804145813,61,204.1519238948822,61,204.58824634552002,61,204.9091236591339,61,205.24800086021423,61,205.68575406074524,61,206.1063072681427,61,206.531001329422,61,206.96501445770264,61,207.384996175766,61,207.72069692611694,61,208.0058856010437,61,208.43397545814514,61,208.74605894088745,61,209.0273633003235,61,209.4506974220276,61,209.736341714859,61,210.06752467155457,61,210.39726495742798,61,210.7337019443512,61,211.066969871521,61,211.39306449890137,61,211.70855689048767,61,212.1159963607788,61,212.4383409023285,61,212.8838770389557,61,213.3335108757019,61,213.67041563987732,61,214.01126194000244,61,214.35784792900085,61,214.6475636959076,61,215.0705897808075,61,215.40388560295105,61,215.8238422870636,61,216.1721203327179,61,216.61690258979797,61,217.0659317970276,61,217.35933661460876,61,217.80176830291748,61,218.1194920539856,61,218.41427731513977,61,218.85325598716736,61,219.2869257926941,61,219.6285879611969,61,219.967711687088,61,220.30636525154114,61,220.74051356315613,61,221.1924765110016,61,221.48682856559753,61,221.80425477027893,61,222.23250269889832,61,222.65793251991272,61,222.97589087486267,61,223.3148136138916,61,223.60550904273987,61,224.03113746643066,61,224.32857584953308,61,224.6549253463745,61,224.9521975517273,61,225.28875827789307,61,225.74051809310913,61,226.16716933250427,61,226.50769424438477,61,226.94859433174133,61,227.29383420944214,61,227.63027954101562,61,227.96661472320557,61,228.29731941223145,61,228.6314799785614,61,229.06248879432678,61,229.49927759170532,61,229.83899593353271,61,230.13637685775757,61,230.46905303001404,61,230.75994491577148,61,231.05000162124634,61,231.39611959457397,61,231.8342366218567,61,232.28495717048645,61,232.7131118774414,61,233.00361156463623,61,233.29568648338318,61,233.7358274459839,61,234.02601861953735,61,234.4624035358429,61,234.81094694137573,61,235.24555158615112,61,235.56543922424316,61,236.0029890537262,61,236.33454823493958,61,236.65514588356018,61,237.0769340991974,61,237.5223617553711,61,237.9688949584961,61,238.30475783348083,61,238.72372341156006,61,239.0710790157318,61,239.51038527488708,61,239.96363186836243,61,240.30070686340332,61,240.61016726493835,61,240.95243668556213,61,241.2939908504486,61,241.73689484596252,61,242.17566800117493,61,242.62854170799255,61,243.0698597431183,61,243.52789497375488,61,243.81851291656494,61,244.16120195388794,61,244.4901602268219,61,244.9404594898224,61,245.2798309326172,61,245.6114649772644,61,246.04768919944763,61,246.49968695640564,61,246.92355632781982,61,247.22247290611267,61,247.6580364704132,61,247.95662665367126,61,248.40753507614136,61,248.83038544654846,61,249.2726321220398,61,249.60373544692993,61,250.0520052909851,61,250.39822363853455,61,250.74080276489258,61,251.07013249397278,61,251.51606273651123,61,251.84342122077942,61,252.2684497833252,61,252.69053292274475,61,253.0269935131073,61,253.46213507652283,61,253.80582404136658,61,254.2580988407135,61,254.5897707939148,61,254.88485598564148,61,255.23889255523682,61,255.57835602760315,61,256.0345902442932,61,256.37371587753296,61,256.72986245155334,61,257.07919931411743,61,257.4314012527466,61,257.772358417511,61,258.11496901512146,61,258.55453419685364,61,258.99772667884827,61,259.3447437286377,61,259.685928106308,61,259.9785454273224,61,260.309344291687,61,260.6631872653961,61,261.1039443016052,61,261.4323260784149,61,261.8815948963165,61,262.33654594421387,61,262.68466329574585,61,263.1281838417053,61,263.47013688087463,61,263.92547512054443,61,264.376398563385,61,264.8224730491638,61,265.2526898384094,61,265.5902054309845,61,266.036212682724,61,266.3685598373413,61,266.82041931152344,61,267.16052985191345,61,267.5985469818115,61,268.0337338447571,61,268.46698474884033,61,268.8054783344269,61,269.2459213733673,61,269.6865727901459,61,270.10680890083313,61,270.429114818573,61,270.8563711643219,61,271.1888473033905,61,271.5217444896698,61,271.94857692718506,61,272.286851644516,61,272.7267425060272,61,273.15105414390564,61,273.59173583984375,61,273.92542266845703,61,274.3677260875702,61,274.7048599720001,61,275.1467661857605,61,275.4943335056305,61,275.79040241241455,61,276.12256050109863,61,276.4706594944,61,276.88737988471985,61,277.2265901565552,61,277.5086987018585,61,277.84301257133484,61,278.13792610168457,61,278.56393575668335,61,278.8619062900543,61,279.32727122306824,61,279.76768589019775,61,280.1250147819519,61,280.4207694530487,61,280.71431159973145,61,281.0473918914795,61,281.37907004356384,61,281.71349596977234,61,282.14145946502686,61,282.5814049243927,61,282.8706042766571,61,283.223792552948,61,283.56529355049133,61,283.8845536708832,61,284.21153712272644,61,284.4999825954437,61,284.79415583610535,61,285.22103929519653,61,285.65934777259827,61,285.9894587993622,61,286.41912364959717,61,286.8409583568573,61,287.17442440986633,61,287.5127103328705,61,287.8666262626648,61,288.16311597824097,61,288.60476088523865,61,289.04515767097473,61,289.34512639045715,61,289.7821168899536,61,290.233359336853,61,290.6566734313965,61,291.0915846824646,61,291.415141582489,61,291.7589466571808,61,292.09500312805176,61,292.5203151702881,61,292.8132655620575,61,293.14471530914307,61,293.4359223842621,61,293.89593505859375,61,294.22137475013733,61,294.56528878211975,61,295.00922536849976,61,295.43442964553833,61,295.78005623817444,61,296.2280650138855,61,296.5214641094208,61,296.81525230407715,61,297.2635998725891,61,297.59580969810486,61,298.03166007995605,61,298.37149953842163,61,298.81845211982727,61,299.2622182369232,61,299.7120361328125,61,300.0209848880768
2,random graphs/big_layer/r1.5k12n8/graph2.lgbin,2327,289.9293656349182,47,109,0,62,0.3056907653808594,47,0.7999119758605957,47,1.1181039810180664,47,1.5721642971038818,47,1.8939547538757324,47,2.3624765872955322,47,2.6780028343200684,47,3.139681100845337,47,3.4434633255004883,47,3.9112982749938965,47,4.230355501174927,47,4.563852071762085,47,5.059229373931885,47,5.380514621734619,47,5.849036455154419,47,6.295834064483643,47,6.7524590492248535,47,7.0679967403411865,47,7.389986038208008,47,7.840526819229126,47,8.141552209854126,47,8.449631690979004,47,8.919848680496216,47,9.242265939712524,47,9.553569555282593,47,10.022002458572388,47,10.484510660171509,47,10.95366382598877,47,11.271929025650024,47,11.577724695205688,47,11.904485940933228,47,12.228749990463257,47,12.538225412368774,47,12.853981256484985,47,13.32068920135498,47,13.640810489654541,47,14.09596562385559,47,14.416450262069702,47,14.738479137420654,47,15.19612431526184,47,15.519875288009644,47,15.84403395652771,47,16.164454698562622,47,16.598458290100098,47,16.90831732749939,47,17.35664987564087,47,17.816420793533325,47,18.10294246673584,47,18.411959648132324,47,18.720478773117065,47,19.041134119033813,47,19.51116967201233,47,19.830317974090576,47,20.157036066055298,47,20.625328063964844,47,20.97620725631714,47,21.296889066696167,47,21.59632110595703,47,21.909900188446045,47,22.232126474380493,47,22.694506883621216,47,23.01760244369507,47,23.459436893463135,47,23.76555109024048,47,24.085479259490967,47,24.393811225891113,47,24.837204694747925,47,25.157273054122925,47,25.461946725845337,47,25.792035341262817,47,26.103114128112793,47,26.551494121551514,47,26.850911617279053,47,27.16644024848938,47,27.619957208633423,47,28.068835258483887,47,28.385255575180054,47,28.743541955947876,47,29.199646949768066,47,29.513076066970825,47,29.979289531707764,47,30.352038860321045,47,30.67142915725708,47,30.978675365447998,47,31.303531885147095,47,31.77085590362549,47,32.159926891326904,47,32.48351836204529,47,32.80391550064087,47,33.23879265785217,47,33.66955924034119,47,33.975685358047485,47,34.292574405670166,47,34.62621569633484,47,34.94514584541321,47,35.260748863220215,47,35.703341007232666,47,36.14530396461487,47,36.60897731781006,47,36.96584725379944,47,37.425366163253784,47,37.745649099349976,47,38.1880567073822,47,38.501670598983765,47,38.82287812232971,47,39.282060623168945,47,39.60764193534851,47,39.9054970741272,47,40.35306477546692,47,40.80971169471741,47,41.13641953468323,47,41.45617890357971,47,41.91258120536804,47,42.232415437698364,47,42.557236433029175,47,42.87578225135803,47,43.2011022567749,47,43.51745557785034,47,43.82385993003845,47,44.29447150230408,47,44.61660408973694,47,45.08694624900818,47,45.40076494216919,47,45.730324506759644,47,46.19691753387451,47,46.660606384277344,47,46.98030161857605,47,47.30336117744446,47,47.63021516799927,47,48.080167055130005,47,48.397924184799194,47,48.831366539001465,47,49.153833627700806,47,49.66269040107727,47,50.102221727371216,47,50.571621894836426,47,50.9517126083374,47,51.40032148361206,47,51.715604305267334,47,52.05539107322693,47,52.39047312736511,47,52.72066283226013,47,53.05411744117737,47,53.385942220687866,47,53.8475980758667,47,54.16886377334595,47,54.62848162651062,47,54.94051241874695,47,55.25845646858215,47,55.564350605010986,47,56.01642870903015,47,56.466384172439575,47,56.905739307403564,47,57.353013038635254,47,57.67497706413269,47,57.98923444747925,47,58.440242528915405,47,58.74895405769348,47,59.06237483024597,47,59.518351793289185,47,59.978699922561646,47,60.29997754096985,47,60.611655473709106,47,60.943116426467896,47,61.265257358551025,47,61.584089517593384,47,62.03076410293579,47,62.34361553192139,47,62.7982919216156,47,63.107778787612915,47,63.408971548080444,47,63.721344232559204,47,64.03640723228455,47,64.48691630363464,47,64.93181419372559,47,65.23782992362976,47,65.54792952537537,47,65.85657215118408,47,66.19666171073914,47,66.50611066818237,47,66.94887733459473,47,67.2475643157959,47,67.61064672470093,47,68.0481276512146,47,68.34427261352539,47,68.79433608055115,47,69.11087441444397,47,69.60896015167236,47,69.90177416801453,47,70.35417652130127,47,70.67312288284302,47,71.12560606002808,47,71.63825941085815,47,72.08161067962646,47,72.39087343215942,47,72.83525347709656,47,73.27755641937256,47,73.72983860969543,47,74.02911949157715,47,74.47360253334045,47,74.79172277450562,47,75.10493326187134,47,75.45327353477478,47,75.89292311668396,47,76.22870087623596,47,76.52665948867798,47,76.9906497001648,47,77.45259833335876,47,77.75645279884338,47,78.06052160263062,47,78.50016260147095,47,78.9306948184967,47,79.24274706840515,47,79.55264663696289,47,79.99873304367065,47,80.44024872779846,47,80.88091039657593,47,81.23577380180359,47,81.59732103347778,47,81.91425585746765,47,82.23298048973083,47,82.68173670768738,47,83.00127148628235,47,83.44986820220947,47,83.90517616271973,47,84.35634088516235,47,84.79366946220398,47,85.09224605560303,47,85.39892387390137,47,85.71116161346436,47,86.02137446403503,47,86.34545350074768,47,86.7972195148468,47,87.25989770889282,47,87.71358346939087,47,88.18752861022949,47,88.64938163757324,47,89.10176920890808,47,89.41583561897278,47,89.8697144985199,47,90.3296287059784,47,90.64947438240051,47,91.09179735183716,47,91.38107109069824,47,91.69066572189331,47,91.99671983718872,47,92.43656086921692,47,92.74250102043152,47,93.19056010246277,47,93.49768114089966,47,93.9451973438263,47,94.25775194168091,47,94.56429743766785,47,94.88098740577698,47,95.32387971878052,47,95.63870525360107,47,96.08302068710327,47,96.39376759529114,47,96.75136590003967,47,97.06213736534119,47,97.37562274932861,47,97.66741108894348,47,97.98436546325684,47,98.29273009300232,47,98.60532212257385,47,98.91668438911438,47,99.36294269561768,47,99.67616987228394,47,100.13221454620361,47,100.5939085483551,47,100.90963125228882,47,101.35508298873901,47,101.66581869125366,47,101.97778391838074,47,102.28956770896912,47,102.73198509216309,47,103.03472137451172,47,103.32502937316895,47,103.63621163368225,47,103.96293020248413,47,104.4105634689331,47,104.84453892707825,47,105.29109501838684,47,105.6091103553772,47,106.06133508682251,47,106.37648034095764,47,106.82630634307861,47,107.26819396018982,47,107.72210621833801,47,108.02149796485901,47,108.32701897621155,47,108.76882123947144,47,109.0890862941742,47,109.41918969154358,47,109.75158882141113,47,110.10925340652466,47,110.41861701011658,47,110.729421377182,47,111.18739914894104,47,111.5024585723877,47,111.95461630821228,47,112.30516076087952,47,112.73216509819031,47,113.17753505706787,47,113.63669276237488,47,113.9397656917572,47,114.39373540878296,47,114.7127275466919,47,115.01622772216797,47,115.33890104293823,47,115.6664457321167,47,115.99951839447021,47,116.30033731460571,47,116.62690305709839,47,117.08227181434631,47,117.3944787979126,47,117.84742546081543,47,118.19762969017029,47,118.65204644203186,47,118.98136329650879,47,119.28369903564453,47,119.74563121795654,47,120.19244575500488,47,120.70985460281372,47,121.15523886680603,47,121.47293019294739,47,121.91926193237305,47,122.36023139953613,47,122.6718738079071,47,123.11812686920166,47,123.56346273422241,47,124.02144813537598,47,124.48305034637451,47,124.92520761489868,47,125.24711012840271,47,125.69388008117676,47,126.135657787323,47,126.45608806610107,47,126.92035746574402,47,127.36111283302307,47,127.67335605621338,47,128.12021207809448,47,128.57834196090698,47,129.02076244354248,47,129.3385090827942,47,129.78862524032593,47,130.11571073532104,47,130.42729806900024,47,130.73743271827698,47,131.04564309120178,47,131.36416220664978,47,131.6630346775055,47,131.97777795791626,47,132.29537272453308,47,132.75508332252502,47,133.07541012763977,47,133.53959321975708,47,133.83564114570618,47,134.15257835388184,47,134.46378135681152,47,134.92526769638062,47,135.21823287010193,47,135.51966786384583,47,135.986008644104,47,136.43843150138855,47,136.8793981075287,47,137.1820101737976,47,137.4920961856842,47,137.80623984336853,47,138.13393998146057,47,138.57822227478027,47,139.02342653274536,47,139.46366477012634,47,139.90641236305237,47,140.34736561775208,47,140.79508209228516,47,141.10989046096802,47,141.47067284584045,47,141.91946983337402,47,142.2661383152008,47,142.59432911872864,47,143.04692387580872,47,143.35712099075317,47,143.6471734046936,47,143.9631519317627,47,144.33665800094604,47,144.77459502220154,47,145.08277559280396,47,145.38924503326416,47,145.70646834373474,47,146.08197617530823,47,146.5267128944397,47,146.8327441215515,47,147.1477828025818,47,147.4500036239624,47,147.79002261161804,47,148.10669040679932,47,148.5365915298462,47,148.9735987186432,47,149.28533625602722,47,149.73161959648132,47,150.16820669174194,47,150.62024688720703,47,151.05318403244019,47,151.35353088378906,47,151.7881956100464,47,152.0968954563141,47,152.5548059940338,47,153.014639377594,47,153.46959495544434,47,153.93583798408508,47,154.3755247592926,47,154.6893618106842,47,155.15064144134521,47,155.60571241378784,47,155.9215965270996,47,156.2216534614563,47,156.53638815879822,47,156.86452507972717,47,157.18442821502686,47,157.4941589832306,47,157.78986477851868,47,158.15002512931824,47,158.46846532821655,47,158.91766953468323,47,159.23554825782776,47,159.53245663642883,47,159.84660267829895,47,160.15817499160767,47,160.46106791496277,47,160.7700080871582,47,161.21776485443115,47,161.6668186187744,47,162.10051155090332,47,162.54775047302246,47,162.8573431968689,47,163.16354894638062,47,163.47033953666687,47,163.81137418746948,47,164.10035490989685,47,164.54580736160278,47,164.85388779640198,47,165.1649193763733,47,165.67213559150696,47,165.98339366912842,47,166.42904543876648,47,166.73925614356995,47,167.05676221847534,47,167.5039336681366,47,167.94487285614014,47,168.38728594779968,47,168.69202089309692,47,169.00374007225037,47,169.45529890060425,47,169.7647545337677,47,170.21018958091736,47,170.53072786331177,47,170.85479378700256,47,171.15617728233337,47,171.61788034439087,47,171.93207097053528,47,172.37710428237915,47,172.8242633342743,47,173.25826954841614,47,173.70220756530762,47,174.03588795661926,47,174.35541677474976,47,174.81751894950867,47,175.13784503936768,47,175.58505582809448,47,175.88027048110962,47,176.1832525730133,47,176.5032331943512,47,176.95013046264648,47,177.2993288040161,47,177.58857250213623,47,177.89436721801758,47,178.1922755241394,47,178.50725626945496,47,178.827086687088,47,179.13586974143982,47,179.46461081504822,47,179.80765843391418,47,180.11889028549194,47,180.58250403404236,47,181.04510688781738,47,181.3626992702484,47,181.82129645347595,47,182.27507996559143,47,182.71445155143738,47,183.17787146568298,47,183.49256658554077,47,183.80996012687683,47,184.27619528770447,47,184.59776639938354,47,185.05634999275208,47,185.3743884563446,47,185.69164896011353,47,186.0132040977478,47,186.48150062561035,47,186.79197025299072,47,187.10290336608887,47,187.5441551208496,47,187.85927176475525,47,188.15538215637207,47,188.61250805854797,47,189.1248562335968,47,189.43059301376343,47,189.73871874809265,47,190.0456395149231,47,190.35945558547974,47,190.80600571632385,47,191.11678338050842,47,191.4323832988739,47,191.74563813209534,47,192.1874167919159,47,192.49768805503845,47,192.95574355125427,47,193.26878118515015,47,193.70174074172974,47,194.00420880317688,47,194.4663028717041,47,194.91899156570435,47,195.3712751865387,47,195.71476125717163,47,196.15853142738342,47,196.48069858551025,47,196.91681718826294,47,197.2295835018158,47,197.5555341243744,47,198.0216145515442,47,198.32728004455566,47,198.63028573989868,47,198.96531462669373,47,199.41809129714966,47,199.7259476184845,47,200.03893518447876,47,200.3615448474884,47,200.67158794403076,47,200.98222970962524,47,201.30659747123718,47,201.75123405456543,47,202.19626259803772,47,202.50487732887268,47,202.81568455696106,47,203.28172540664673,47,203.7261257171631,47,204.02731895446777,47,204.47786283493042,47,204.78855872154236,47,205.2367091178894,47,205.5286204814911,47,205.84133338928223,47,206.1479251384735,47,206.46998143196106,47,206.9363169670105,47,207.264098405838,47,207.5845422744751,47,208.02080059051514,47,208.32137966156006,47,208.63249921798706,47,209.11840224266052,47,209.57902240753174,47,210.03323435783386,47,210.34016704559326,47,210.65609335899353,47,211.14347624778748,47,211.43335366249084,47,211.8846254348755,47,212.3441619873047,47,212.64333176612854,47,213.08808875083923,47,213.40150904655457,47,213.71368765830994,47,214.15641140937805,47,214.47130846977234,47,214.77943229675293,47,215.09785747528076,47,215.54665732383728,47,215.85341906547546,47,216.2975618839264,47,216.61232018470764,47,217.05495929718018,47,217.3718159198761,47,217.68993282318115,47,218.00859546661377,47,218.463317155838,47,218.79315614700317,47,219.11978125572205,47,219.42815446853638,47,219.75061345100403,47,220.24160861968994,47,220.58999276161194,47,220.9038121700287,47,221.2080783843994,47,221.54401063919067,47,221.8568136692047,47,222.18066835403442,47,222.62668371200562,47,222.93248867988586,47,223.2376091480255,47,223.5524628162384,47,223.86269164085388,47,224.1536476612091,47,224.59643363952637,47,225.04025149345398,47,225.3470492362976,47,225.78689002990723,47,226.08549880981445,47,226.53323984146118,47,226.85244488716125,47,227.1668770313263,47,227.62483763694763,47,227.9393277168274,47,228.38572478294373,47,228.70305943489075,47,229.02599024772644,47,229.3349325656891,47,229.68722248077393,47,230.02377462387085,47,230.34829783439636,47,230.78608298301697,47,231.2381706237793,47,231.5590226650238,47,231.90570616722107,47,232.22362089157104,47,232.5525505542755,47,232.8734679222107,47,233.19282126426697,47,233.64547061920166,47,234.11821675300598,47,234.4445219039917,47,234.77134561538696,47,235.07932353019714,47,235.54679989814758,47,235.9950873851776,47,236.31697511672974,47,236.78807044029236,47,237.23888659477234,47,237.55227422714233,47,237.87646436691284,47,238.171293258667,47,238.47138619422913,47,238.93257546424866,47,239.25511837005615,47,239.57357954978943,47,240.02337503433228,47,240.34379625320435,47,240.67158794403076,47,240.99547004699707,47,241.32885670661926,47,241.65665364265442,47,242.1190333366394,47,242.55813193321228,47,243.01405811309814,47,243.3064193725586,47,243.76609230041504,47,244.2170066833496,47,244.52424001693726,47,244.96930599212646,47,245.43067002296448,47,245.86482954025269,47,246.29875564575195,47,246.60724997520447,47,246.94138145446777,47,247.395277261734,47,247.83902072906494,47,248.20851516723633,47,248.65352749824524,47,248.96522903442383,47,249.4275152683258,47,249.89019393920898,47,250.38248944282532,47,250.83693027496338,47,251.14521837234497,47,251.4666485786438,47,251.78667497634888,47,252.09917950630188,47,252.40183472633362,47,252.71627855300903,47,253.03806042671204,47,253.50173783302307,47,253.80837845802307,47,254.12604236602783,47,254.5877959728241,47,254.90491700172424,47,255.35210609436035,47,255.66474604606628,47,255.966726064682,47,256.2874836921692,47,256.59176087379456,47,256.90219807624817,47,257.2125656604767,47,257.51413440704346,47,257.8323051929474,47,258.1498100757599,47,258.4775915145874,47,258.8096933364868,47,259.1339921951294,47,259.4668219089508,47,259.80594992637634,47,260.2517421245575,47,260.55524730682373,47,260.85121488571167,47,261.1690180301666,47,261.4843933582306,47,261.9507133960724,47,262.26129508018494,47,262.709529876709,47,262.99933767318726,47,263.32044434547424,47,263.77789330482483,47,264.2164478302002,47,264.5294921398163,47,264.8382685184479,47,265.29377841949463,47,265.6168739795685,47,265.92641520500183,47,266.23843264579773,47,266.6945478916168,47,267.146687746048,47,267.4659640789032,47,267.92255759239197,47,268.37508821487427,47,268.6832597255707,47,268.9954237937927,47,269.44989252090454,47,269.750431060791,47,270.2108714580536,47,270.5693905353546,47,270.88525581359863,47,271.1989197731018,47,271.5014374256134,47,271.79669666290283,47,272.14505219459534,47,272.43971252441406,47,272.7488765716553,47,273.065541267395,47,273.51348066329956,47,273.97781705856323,47,274.2878041267395,47,274.73850178718567,47,275.03203105926514,47,275.3496811389923,47,275.6680965423584,47,276.13436341285706,47,276.4561679363251,47,276.78067421913147,47,277.09665846824646,47,277.4119200706482,47,277.8593382835388,47,278.30087661743164,47,278.62093710899353,47,278.9447078704834,47,279.3898243904114,47,279.8504276275635,47,280.2978537082672,47,280.74392342567444,47,281.18701577186584,47,281.48508954048157,47,281.9529387950897,47,282.413978099823,47,282.71929025650024,47,283.1797788143158,47,283.4772675037384,47,283.78039622306824,47,284.2304677963257,47,284.5415413379669,47,284.86582612991333,47,285.1943869590759,47,285.5193648338318,47,285.9899568557739,47,286.3081405162811,47,286.68230748176575,47,286.9930965900421,47,287.31350660324097,47,287.6335537433624,47,288.1071493625641,47,288.4323697090149,47,288.7445147037506,47,289.20052766799927,47,289.52882409095764,47,289.8583800792694,47,290.32855558395386,47,290.7986171245575,47,291.10624170303345,47,291.44093346595764,47,291.87207293510437,47,292.1667139530182,47,292.6293864250183,47,292.92337441444397,47,293.2267904281616,47,293.52712297439575,47,293.9676995277405,47,294.43035340309143,47,294.7369809150696,47,295.0557041168213,47,295.51518511772156,47,295.8414707183838,47,296.2902271747589,47,296.61182832717896,47,297.0527787208557,47,297.5179283618927,47,297.9494786262512,47,298.4126238822937,47,298.9156975746155,47,299.2302465438843,47,299.7354221343994,47,300.0249433517456
3,random graphs/big_layer/r1.5k12n8/graph3.lgbin,2327,294.53383135795593,65,146,0,91,0.6174278259277344,82,1.287325143814087,65,1.8555543422698975,65,2.3534419536590576,65,3.183729887008667,65,3.65421199798584,65,4.104346990585327,65,4.9634575843811035,65,5.433923244476318,65,6.2917609214782715,65,6.761467218399048,65,7.6099853515625,65,8.062182664871216,65,8.897592782974243,65,9.353464603424072,65,10.173396825790405,65,10.549519062042236,65,11.017999172210693,65,11.884326219558716,65,12.731152534484863,65,13.204894065856934,65,13.68253469467163,65,14.060750007629395,65,14.525147438049316,65,15.000466108322144,65,15.376274347305298,65,16.230940103530884,65,16.68851900100708,65,17.14234757423401,65,17.6033353805542,65,17.971904039382935,65,18.329589366912842,65,19.168364763259888,65,20.01105761528015,65,20.873080492019653,65,21.35643696784973,65,21.833280563354492,65,22.69894242286682,65,23.167588472366333,65,23.64126467704773,65,24.11432695388794,65,24.57898497581482,65,25.10024404525757,65,25.571248054504395,65,26.407190084457397,65,27.257706880569458,65,28.096014499664307,65,28.942599534988403,65,29.78886580467224,65,30.62496781349182,65,31.083588123321533,65,31.557708024978638,65,32.41425967216492,65,32.88281178474426,65,33.343528747558594,65,34.20492696762085,65,35.070282220840454,65,35.91438388824463,65,36.370402336120605,65,36.73569869995117,65,37.564493894577026,65,37.94353246688843,65,38.784478425979614,65,39.2975287437439,65,40.12437558174133,65,40.966028451919556,65,41.80459141731262,65,42.65759468078613,65,43.501659631729126,65,43.86501455307007,65,44.325663805007935,65,44.811065912246704,65,45.643447160720825,65,46.485111236572266,65,46.85539364814758,65,47.31609487533569,65,48.13895106315613,65,48.98567199707031,65,49.828425884246826,65,50.297327518463135,65,51.147525787353516,65,51.61581802368164,65,52.088913440704346,65,52.5631217956543,65,53.41605067253113,65,53.88819456100464,65,54.353399991989136,65,55.20285749435425,65,56.04495668411255,65,56.901535511016846,65,57.746020555496216,65,58.56289291381836,65,59.40237998962402,65,59.873406171798706,65,60.34786105155945,65,61.19885444641113,65,61.65539622306824,65,62.130799293518066,65,62.58773350715637,65,63.43102979660034,65,63.901880502700806,65,64.37154531478882,65,65.2090630531311,65,65.58787751197815,65,66.43417286872864,65,66.90245747566223,65,67.36801886558533,65,68.19067144393921,65,68.63868117332458,65,69.48925733566284,65,69.94658136367798,65,70.41169548034668,65,70.89756536483765,65,71.729172706604,65,72.57664513587952,65,72.94820356369019,65,73.29929304122925,65,73.65925526618958,65,74.13053393363953,65,74.97002696990967,65,75.80562162399292,65,76.259605884552,65,77.10212755203247,65,77.928227186203,65,78.37690424919128,65,79.23729753494263,65,80.07692408561707,65,80.93514585494995,65,81.45963287353516,65,82.31147480010986,65,82.77487587928772,65,83.61656785011292,65,84.4329617023468,65,84.80299520492554,65,85.26973414421082,65,86.11600708961487,65,86.5788083076477,65,87.03574347496033,65,87.41473197937012,65,87.87249946594238,65,88.33926463127136,65,89.16343307495117,65,89.97969841957092,65,90.44346833229065,65,91.29401588439941,65,92.10208034515381,65,92.91892337799072,65,93.29538536071777,65,93.75815892219543,65,94.2106671333313,65,95.05854201316833,65,95.91415190696716,65,96.78126645088196,65,97.16511583328247,65,97.63225364685059,65,98.50040626525879,65,98.96728110313416,65,99.47580575942993,65,100.29200530052185,65,100.74896621704102,65,101.23288941383362,65,101.703369140625,65,102.1765546798706,65,102.64970183372498,65,103.13551568984985,65,103.97851729393005,65,104.45253276824951,65,104.93390202522278,65,105.40727114677429,65,106.27650380134583,65,107.11580348014832,65,107.95404577255249,65,108.81059551239014,65,109.17449998855591,65,110.02478885650635,65,110.88200187683105,65,111.35004425048828,65,111.83583879470825,65,112.31939435005188,65,113.16807556152344,65,113.54227018356323,65,114.395822763443,65,114.77004814147949,65,115.63311696052551,65,116.48701429367065,65,116.85408663749695,65,117.22194480895996,65,118.07511973381042,65,118.45287299156189,65,119.29933595657349,65,119.65913987159729,65,120.132741689682,65,120.6537971496582,65,121.12345623970032,65,121.59187865257263,65,122.43568897247314,65,123.28752303123474,65,123.745760679245,65,124.59426164627075,65,125.0591983795166,65,125.50473761558533,65,125.96977972984314,65,126.81921792030334,65,127.18357372283936,65,127.99564123153687,65,128.36217427253723,65,129.21116423606873,65,129.58859157562256,65,130.04753279685974,65,130.51578974723816,65,131.3543643951416,65,132.20886278152466,65,133.05644583702087,65,133.52604985237122,65,134.3743278980255,65,135.21540331840515,65,136.05128240585327,65,136.41931176185608,65,137.27059197425842,65,137.73932266235352,65,138.20312905311584,65,138.6703701019287,65,139.14005637168884,65,139.6135058403015,65,140.46982645988464,65,140.8429811000824,65,141.32126784324646,65,141.77721881866455,65,142.24929308891296,65,143.1143901348114,65,143.57456135749817,65,144.02660512924194,65,144.89912128448486,65,145.7517328262329,65,146.12842416763306,65,146.99091291427612,65,147.44186568260193,65,147.89281487464905,65,148.37266421318054,65,149.2216513156891,65,150.07377886772156,65,150.90859746932983,65,151.73616647720337,65,152.18972849845886,65,153.04020428657532,65,153.51278519630432,65,154.3619246482849,65,155.21678495407104,65,156.06372046470642,65,156.52348494529724,65,157.37090682983398,65,157.83807229995728,65,158.2171492576599,65,159.0772476196289,65,159.9365906715393,65,160.30474996566772,65,161.152272939682,65,161.63721084594727,65,162.11552500724792,65,162.59960174560547,65,163.07654476165771,65,163.54441356658936,65,164.4018485546112,65,165.26832056045532,65,165.74662041664124,65,166.61156511306763,65,167.4613471031189,65,167.93847370147705,65,168.798841714859,65,169.1764853000641,65,169.6396839618683,65,170.49760913848877,65,171.34320378303528,65,172.19380116462708,65,172.66174483299255,65,173.13125824928284,65,173.60386180877686,65,174.4582257270813,65,174.92374539375305,65,175.36687803268433,65,176.22389364242554,65,177.0767364501953,65,177.9216856956482,65,178.77242970466614,65,179.24436163902283,65,180.0967400074005,65,180.5642077922821,65,181.02625489234924,65,181.48571681976318,65,181.96206521987915,65,182.46181321144104,65,182.9297752380371,65,183.75128984451294,65,184.59973907470703,65,185.4425127506256,65,185.8143434524536,65,186.66083145141602,65,187.48845028877258,65,187.96689319610596,65,188.82627534866333,65,189.29431200027466,65,190.16275882720947,65,190.64373874664307,65,191.11358261108398,65,191.64683055877686,65,192.5204164981842,65,193.37186002731323,65,194.21941447257996,65,195.03325414657593,65,195.87724995613098,65,196.33844876289368,65,196.811053276062,65,197.1769642829895,65,197.62948298454285,65,198.09984159469604,65,198.944171667099,65,199.41233015060425,65,199.90470385551453,65,200.3754324913025,65,201.21026396751404,65,202.03268146514893,65,202.878741979599,65,203.71550178527832,65,204.18262887001038,65,205.04137468338013,65,205.5121397972107,65,205.98328709602356,65,206.46107077598572,65,207.2911012172699,65,208.1278157234192,65,208.58481359481812,65,209.03247117996216,65,209.39686465263367,65,209.87165188789368,65,210.7388401031494,65,211.20650935173035,65,212.05311036109924,65,212.52276134490967,65,212.98527145385742,65,213.82451391220093,65,214.6690652370453,65,215.5142104625702,65,216.35127925872803,65,217.19422554969788,65,217.65309882164001,65,218.1201994419098,65,218.579163312912,65,219.0418632030487,65,219.86856412887573,65,220.70727610588074,65,221.15235114097595,65,221.99467730522156,65,222.84388661384583,65,223.70034623146057,65,224.54355764389038,65,225.00767946243286,65,225.47899723052979,65,225.8516206741333,65,226.68999671936035,65,227.17313742637634,65,227.63487100601196,65,228.46042847633362,65,229.2946572303772,65,229.78096199035645,65,230.62732434272766,65,231.4773736000061,65,232.33266305923462,65,233.18992972373962,65,233.6498429775238,65,234.09194469451904,65,234.92948031425476,65,235.77295899391174,65,236.23727226257324,65,236.6998896598816,65,237.5404794216156,65,238.3940224647522,65,238.8915593624115,65,239.41098546981812,65,240.27078557014465,65,240.64238572120667,65,241.1067292690277,65,241.59459733963013,65,242.0665328502655,65,242.90666460990906,65,243.75823378562927,65,244.60339045524597,65,245.0713894367218,65,245.5418677330017,65,245.90236949920654,65,246.7494740486145,65,247.61313223838806,65,248.0732548236847,65,248.54711079597473,65,249.39300918579102,65,249.8537139892578,65,250.32643175125122,65,251.18468070030212,65,251.65580368041992,65,252.1249496936798,65,252.58871006965637,65,253.4475495815277,65,254.29323744773865,65,254.7748420238495,65,255.2334804534912,65,255.71867775917053,65,256.1798927783966,65,256.5463535785675,65,256.9962604045868,65,257.8311142921448,65,258.2844338417053,65,258.75745272636414,65,259.2201943397522,65,260.06733775138855,65,260.9209187030792,65,261.30782318115234,65,261.7744424343109,65,262.6207866668701,65,263.0941517353058,65,263.53337836265564,65,264.3720097541809,65,265.22589635849,65,265.6962511539459,65,266.5545918941498,65,267.02531361579895,65,267.87182688713074,65,268.72405648231506,65,269.1162428855896,65,269.9565489292145,65,270.41476249694824,65,271.2654948234558,65,271.63092517852783,65,271.99761629104614,65,272.8232378959656,65,273.27980971336365,65,273.74787187576294,65,274.6016266345978,65,275.4552183151245,65,275.82457852363586,65,276.29035902023315,65,276.6578459739685,65,277.5014343261719,65,278.3446533679962,65,278.7092514038086,65,279.1622824668884,65,279.6161937713623,65,280.45741844177246,65,281.29507756233215,65,281.7505724430084,65,282.22693824768066,65,282.70445466041565,65,283.0784251689911,65,283.5449848175049,65,284.4020941257477,65,285.2632670402527,65,286.11963748931885,65,286.58404779434204,65,287.05425453186035,65,287.4228250980377,65,287.8912718296051,65,288.34102988243103,65,288.795711517334,65,289.2693657875061,65,289.75078296661377,65,290.6005690097809,65,291.4551966190338,65,292.3013026714325,65,293.16179299354553,65,293.6324429512024,65,294.1290588378906,65,294.66836619377136,65,295.52981185913086,65,296.007981300354,65,296.8777701854706,65,297.3501796722412,65,298.2162857055664,65,299.0681345462799,65,299.93575835227966,65,300.02712750434875
4,random graphs/big_layer/r1.5k12n8/graph4.lgbin,2327,283.9875111579895,64,147,0,93,0.3833470344543457,69,0.5914433002471924,69,0.8054461479187012,64,1.1735894680023193,64,1.4328341484069824,64,1.6461126804351807,64,1.899871587753296,64,2.111652374267578,64,2.3740556240081787,64,2.5954830646514893,64,2.852587938308716,64,3.112895965576172,64,3.3692662715911865,64,3.631220579147339,64,3.8908631801605225,64,4.10772967338562,64,4.493113040924072,64,4.750109672546387,64,5.146177530288696,64,5.362332820892334,64,5.7399985790252686,64,6.147481679916382,64,6.406765937805176,64,6.755598306655884,64,7.011284828186035,64,7.222574472427368,64,7.433333396911621,64,7.689483404159546,64,8.068819284439087,64,8.318226337432861,64,8.687362432479858,64,8.945148706436157,64,9.158941268920898,64,9.417131423950195,64,9.637198686599731,64,9.897926092147827,64,10.115709781646729,64,10.327794551849365,64,10.585482597351074,64,10.84508728981018,64,11.057010173797607,64,11.304558277130127,64,11.518158674240112,64,11.769670724868774,64,12.01926040649414,64,12.235886573791504,64,12.456135749816895,64,12.676462650299072,64,12.886218309402466,64,13.096578359603882,64,13.347609043121338,64,13.560506105422974,64,13.821663856506348,64,14.033283233642578,64,14.280873537063599,64,14.54129934310913,64,14.798768520355225,64,15.170722007751465,64,15.380925416946411,64,15.63329005241394,64,15.885469913482666,64,16.104003429412842,64,16.361013412475586,64,16.609941244125366,64,16.859007358551025,64,17.11969804763794,64,17.366608381271362,64,17.72834300994873,64,17.986095190048218,64,18.1973876953125,64,18.455523014068604,64,18.817479372024536,64,19.030985355377197,64,19.24510169029236,64,19.49590039253235,64,19.70643186569214,64,19.962993383407593,64,20.276190042495728,64,20.477356672286987,64,20.728573322296143,64,20.944812536239624,64,21.157463788986206,64,21.53024411201477,64,21.785146236419678,64,22.042442321777344,64,22.41648006439209,64,22.7505464553833,64,22.959768056869507,64,23.28123664855957,64,23.529819011688232,64,23.780997276306152,64,24.03787326812744,64,24.256394386291504,64,24.50589871406555,64,24.717829942703247,64,24.93034553527832,64,25.140953302383423,64,25.34980273246765,64,25.60390567779541,64,25.8147554397583,64,26.02485466003418,64,26.276405572891235,64,26.532414197921753,64,26.785037755966187,64,27.043445110321045,64,27.29459023475647,64,27.505196571350098,64,27.716320753097534,64,27.92700719833374,64,28.176756143569946,64,28.431556224822998,64,28.638418436050415,64,29.025471925735474,64,29.284417629241943,64,29.496289491653442,64,29.748398065567017,64,29.959123134613037,64,30.33622694015503,64,30.6817729473114,64,30.942636728286743,64,31.191752195358276,64,31.409162759780884,64,31.61855125427246,64,31.87419080734253,64,32.13338565826416,64,32.345356941223145,64,32.55619430541992,64,32.80643701553345,64,33.0169894695282,64,33.279298543930054,64,33.54110527038574,64,33.90896987915039,64,34.2815318107605,64,34.49182486534119,64,34.74631690979004,64,35.00009751319885,64,35.2101936340332,64,35.42106509208679,64,35.66976189613342,64,36.043550968170166,64,36.25952625274658,64,36.51799988746643,64,36.72937035560608,64,37.10506725311279,64,37.36200737953186,64,37.6143593788147,64,37.86584210395813,64,38.07726526260376,64,38.33003878593445,64,38.57930374145508,64,38.83093237876892,64,39.04197025299072,64,39.256757736206055,64,39.46596932411194,64,39.67751455307007,64,39.9378342628479,64,40.18858766555786,64,40.43862533569336,64,40.65395212173462,64,40.985981941223145,64,41.19544315338135,64,41.5302894115448,64,41.753506660461426,64,42.01211333274841,64,42.2595853805542,64,42.50235033035278,64,42.71933031082153,64,42.964216470718384,64,43.33967900276184,64,43.560582637786865,64,43.77158498764038,64,44.03348898887634,64,44.365522146224976,64,44.621020555496216,64,44.87607789039612,64,45.127928495407104,64,45.339593172073364,64,45.56002759933472,64,45.88182187080383,64,46.09205341339111,64,46.30635690689087,64,46.56677055358887,64,46.77808499336243,64,47.121666431427,64,47.38178992271423,64,47.63819456100464,64,47.8965265750885,64,48.15362524986267,64,48.370031118392944,64,48.73398017883301,64,48.944804191589355,64,49.25795269012451,64,49.64455318450928,64,49.89780569076538,64,50.154457807540894,64,50.41243839263916,64,50.623046875,64,50.948676347732544,64,51.3525071144104,64,51.6088604927063,64,51.819701194763184,64,52.18850517272949,64,52.40260648727417,64,52.76820731163025,64,53.01455855369568,64,53.2290096282959,64,53.48933148384094,64,53.751055002212524,64,54.001277685165405,64,54.25251293182373,64,54.46473836898804,64,54.71256446838379,64,54.93008351325989,64,55.303017377853394,64,55.51971459388733,64,55.776063680648804,64,56.031519174575806,64,56.29091787338257,64,56.66768503189087,64,56.87732195854187,64,57.13590216636658,64,57.393954038619995,64,57.603803873062134,64,57.81282663345337,64,58.06033658981323,64,58.31970024108887,64,58.56853747367859,64,58.825019121170044,64,59.04531288146973,64,59.37905240058899,64,59.6367449760437,64,59.888964891433716,64,60.09780764579773,64,60.47663617134094,64,60.7365026473999,64,61.096670389175415,64,61.41797971725464,64,61.625404834747314,64,61.878315687179565,64,62.12947964668274,64,62.38128185272217,64,62.59572625160217,64,62.85090160369873,64,63.10599064826965,64,63.31806015968323,64,63.56716251373291,64,63.778205156326294,64,64.02545142173767,64,64.3976137638092,64,64.60526037216187,64,64.86639022827148,64,65.24179768562317,64,65.45967245101929,64,65.67088913917542,64,65.92257952690125,64,66.13848614692688,64,66.39395380020142,64,66.78319120407104,64,66.99668002128601,64,67.20922493934631,64,67.42095255851746,64,67.63272976875305,64,67.8845374584198,64,68.14417958259583,64,68.3945255279541,64,68.64482378959656,64,69.0137586593628,64,69.27480578422546,64,69.49196338653564,64,69.75512290000916,64,70.01231575012207,64,70.26618027687073,64,70.48157548904419,64,70.73915338516235,64,70.99175810813904,64,71.25268626213074,64,71.59671711921692,64,71.84927439689636,64,72.21109795570374,64,72.47181558609009,64,72.68311500549316,64,72.89586997032166,64,73.15511798858643,64,73.40610980987549,64,73.61575484275818,64,73.8708348274231,64,74.13204979896545,64,74.38359093666077,64,74.63337850570679,64,74.84715151786804,64,75.06549072265625,64,75.32262921333313,64,75.54039263725281,64,75.80136179924011,64,76.06290340423584,64,76.38589262962341,64,76.5954999923706,64,76.80483770370483,64,77.05476641654968,64,77.31546139717102,64,77.57684540748596,64,77.78920459747314,64,78.00431680679321,64,78.26012945175171,64,78.638427734375,64,78.84796047210693,64,79.06201338768005,64,79.27243638038635,64,79.48252296447754,64,79.6950752735138,64,79.90756320953369,64,80.15519165992737,64,80.36901521682739,64,80.57315945625305,64,80.89442324638367,64,81.15339303016663,64,81.40276336669922,64,81.6131329536438,64,81.86901259422302,64,82.11791038513184,64,82.36662101745605,64,82.58263278007507,64,82.79267382621765,64,83.04051542282104,64,83.25464797019958,64,83.62002372741699,64,83.87892293930054,64,84.13861417770386,64,84.35228657722473,64,84.5603232383728,64,84.87441515922546,64,85.07284140586853,64,85.46798777580261,64,85.67994284629822,64,85.93865203857422,64,86.31378483772278,64,86.65731739997864,64,86.97824144363403,64,87.18839025497437,64,87.39952039718628,64,87.64931678771973,64,87.90175700187683,64,88.11416721343994,64,88.32568025588989,64,88.53747773170471,64,88.78530812263489,64,89.04317307472229,64,89.29949617385864,64,89.55284237861633,64,89.81264734268188,64,90.01872110366821,64,90.26634979248047,64,90.47579050064087,64,90.68746376037598,64,90.93577003479004,64,91.1512565612793,64,91.36196684837341,64,91.61560130119324,64,91.87480354309082,64,92.19008898735046,64,92.3983542919159,64,92.65125679969788,64,93.02514815330505,64,93.27651810646057,64,93.52776265144348,64,93.77781677246094,64,93.98850464820862,64,94.24665093421936,64,94.46226668357849,64,94.67231225967407,64,94.88468170166016,64,95.09482002258301,64,95.30476999282837,64,95.51870274543762,64,95.76442098617554,64,96.02037119865417,64,96.27071976661682,64,96.52599382400513,64,96.7791805267334,64,96.99865531921387,64,97.24829435348511,64,97.50967502593994,64,97.76178693771362,64,98.01235342025757,64,98.26355934143066,64,98.47488236427307,64,98.68424582481384,64,98.99977469444275,64,99.24636316299438,64,99.50024008750916,64,99.70642757415771,64,99.92530465126038,64,100.18636679649353,64,100.44736886024475,64,100.7081093788147,64,100.9606556892395,64,101.32495498657227,64,101.53348398208618,64,101.79488611221313,64,102.04529547691345,64,102.41117095947266,64,102.78262162208557,64,102.99229049682617,64,103.24015045166016,64,103.4976806640625,64,103.75626850128174,64,104.0119276046753,64,104.22123885154724,64,104.43214321136475,64,104.64120650291443,64,104.85468578338623,64,105.17716693878174,64,105.38672113418579,64,105.64150214195251,64,105.85145545005798,64,106.10008788108826,64,106.31208801269531,64,106.52313923835754,64,106.73478245735168,64,106.94578886032104,64,107.31934857368469,64,107.52892637252808,64,107.73813271522522,64,107.94797778129578,64,108.19998908042908,64,108.40329623222351,64,108.6149480342865,64,108.82724094390869,64,109.03660154342651,64,109.28660321235657,64,109.67065024375916,64,109.88236355781555,64,110.09059762954712,64,110.34774160385132,64,110.55253481864929,64,110.80509305000305,64,111.05883407592773,64,111.27049994468689,64,111.521564245224,64,111.89021110534668,64,112.14723062515259,64,112.39527654647827,64,112.6782329082489,64,112.93100714683533,64,113.19163942337036,64,113.39994955062866,64,113.65418553352356,64,113.9113917350769,64,114.22958970069885,64,114.43839573860168,64,114.69122266769409,64,115.08019495010376,64,115.33402681350708,64,115.54664421081543,64,115.80351853370667,64,116.01979064941406,64,116.2297523021698,64,116.44296336174011,64,116.69083404541016,64,116.94364428520203,64,117.19667267799377,64,117.51535701751709,64,117.71784567832947,64,118.0421633720398,64,118.29035663604736,64,118.54249548912048,64,118.75230860710144,64,119.11752963066101,64,119.36851763725281,64,119.61792349815369,64,119.99134755134583,64,120.25206899642944,64,120.5004620552063,64,120.75115275382996,64,120.9709460735321,64,121.21782994270325,64,121.5910108089447,64,121.80171298980713,64,122.04858732223511,64,122.30554866790771,64,122.55393838882446,64,122.81205463409424,64,123.02370643615723,64,123.23039197921753,64,123.47964119911194,64,123.69210004806519,64,123.94625616073608,64,124.15620851516724,64,124.41279816627502,64,124.66479349136353,64,124.88275265693665,64,125.24489331245422,64,125.50481581687927,64,125.72257971763611,64,125.97319912910461,64,126.18882369995117,64,126.4394884109497,64,126.65546870231628,64,126.87229537963867,64,127.09407830238342,64,127.29899621009827,64,127.5170373916626,64,127.72712016105652,64,127.9810471534729,64,128.24030232429504,64,128.49878001213074,64,128.75498795509338,64,129.0136067867279,64,129.2667682170868,64,129.47838306427002,64,129.8433973789215,64,130.05433917045593,64,130.264506816864,64,130.51304531097412,64,130.76542162895203,64,131.021488904953,64,131.27929019927979,64,131.60195064544678,64,131.9788637161255,64,132.23578882217407,64,132.48528361320496,64,132.86321306228638,64,133.0717215538025,64,133.2800018787384,64,133.4932792186737,64,133.74640417099,64,133.95485830307007,64,134.16616678237915,64,134.377272605896,64,134.62572360038757,64,134.87026286125183,64,135.0836865901947,64,135.33367609977722,64,135.71178793907166,64,136.02808237075806,64,136.3619728088379,64,136.6103971004486,64,136.86451196670532,64,137.12421464920044,64,137.3863708972931,64,137.5979380607605,64,137.80790257453918,64,138.01755213737488,64,138.2681519985199,64,138.48016953468323,64,138.69680881500244,64,139.05723071098328,64,139.30449175834656,64,139.5623643398285,64,139.77858591079712,64,140.03660416603088,64,140.28878116607666,64,140.65633177757263,64,141.0287618637085,64,141.39485478401184,64,141.60721063613892,64,141.86274003982544,64,142.1136932373047,64,142.3236653804779,64,142.5860686302185,64,142.79866766929626,64,143.14921307563782,64,143.40976333618164,64,143.6626434326172,64,143.9191071987152,64,144.17409110069275,64,144.42229056358337,64,144.6801381111145,64,144.93850231170654,64,145.20048594474792,64,145.41364550590515,64,145.6249234676361,64,146.0062530040741,64,146.21611309051514,64,146.4274604320526,64,146.6877522468567,64,146.93804717063904,64,147.15076518058777,64,147.40399837493896,64,147.6243381500244,64,147.84083199501038,64,148.06124639511108,64,148.31610083580017,64,148.5301878452301,64,148.90259313583374,64,149.11684727668762,64,149.3729338645935,64,149.7778344154358,64,150.0393192768097,64,150.2954261302948,64,150.50359296798706,64,150.71313285827637,64,150.92394614219666,64,151.17326593399048,64,151.4296145439148,64,151.68517637252808,64,151.94266152381897,64,152.15275144577026,64,152.4119393825531,64,152.62403988838196,64,152.99634218215942,64,153.24880862236023,64,153.6137993335724,64,153.86255407333374,64,154.12325954437256,64,154.37430500984192,64,154.58890676498413,64,154.83829283714294,64,155.09824633598328,64,155.35000896453857,64,155.56283354759216,64,155.77431392669678,64,156.026864528656,64,156.23690366744995,64,156.48389625549316,64,156.73446679115295,64,156.9912338256836,64,157.3278751373291,64,157.57439541816711,64,157.78325247764587,64,157.99387431144714,64,158.35953187942505,64,158.613041639328,64,158.8607530593872,64,159.06325221061707,64,159.27399277687073,64,159.48499584197998,64,159.7399504184723,64,159.9897632598877,64,160.19887161254883,64,160.45319986343384,64,160.6989381313324,64,161.10317635536194,64,161.3540177345276,64,161.61192345619202,64,161.92948031425476,64,162.13803005218506,64,162.45446920394897,64,162.70856857299805,64,162.92804479599,64,163.1816439628601,64,163.38893508911133,64,163.59624314308167,64,163.85159516334534,64,164.06270170211792,64,164.31864285469055,64,164.52913522720337,64,164.774799823761,64,164.98833632469177,64,165.20010256767273,64,165.41233944892883,64,165.7807595729828,64,166.15953636169434,64,166.36678266525269,64,166.5782585144043,64,166.78983902931213,64,167.0461220741272,64,167.30132055282593,64,167.5521092414856,64,167.8003499507904,64,168.01731991767883,64,168.2282633781433,64,168.48751044273376,64,168.73394393920898,64,168.98047733306885,64,169.22809147834778,64,169.43944191932678,64,169.69742822647095,64,169.95587301254272,64,170.16691660881042,64,170.42021656036377,64,170.67008090019226,64,170.88465094566345,64,171.10788941383362,64,171.3164656162262,64,171.56607604026794,64,171.8187770843506,64,172.06872010231018,64,172.28094911575317,64,172.61206436157227,64,172.82808995246887,64,173.08837294578552,64,173.3364655971527,64,173.58713150024414,64,173.84087586402893,64,174.09678149223328,64,174.35084772109985,64,174.55931973457336,64,174.7687473297119,64,175.1477553844452,64,175.35943746566772,64,175.6852090358734,64,175.94246125221252,64,176.19291615486145,64,176.44148778915405,64,176.69553422927856,64,177.08663058280945,64,177.30009770393372,64,177.5594253540039,64,177.77189254760742,64,177.98621344566345,64,178.24877834320068,64,178.46149134635925,64,178.7091841697693,64,178.9630732536316,64,179.2217948436737,64,179.47179651260376,64,179.725741147995,64,179.97829389572144,64,180.22716808319092,64,180.4389524459839,64,180.76277089118958,64,180.9732985496521,64,181.1854944229126,64,181.44734168052673,64,181.8103973865509,64,182.02018189430237,64,182.27049493789673,64,182.47998142242432,64,182.72964787483215,64,182.980806350708,64,183.1962583065033,64,183.4065465927124,64,183.77157974243164,64,183.98387956619263,64,184.1936628818512,64,184.4410662651062,64,184.6524224281311,64,185.02283692359924,64,185.23641204833984,64,185.60459113121033,64,185.8614547252655,64,186.07237696647644,64,186.31905841827393,64,186.57186603546143,64,186.8287444114685,64,187.0387511253357,64,187.290030002594,64,187.49944925308228,64,187.69937467575073,64,187.94248414039612,64,188.15736603736877,64,188.36756372451782,64,188.5771336555481,64,188.82963633537292,64,189.19447445869446,64,189.4427649974823,64,189.6949770450592,64,189.94368267059326,64,190.20448637008667,64,190.46106481552124,64,190.70988512039185,64,190.96376061439514,64,191.21866178512573,64,191.47648072242737,64,191.72493529319763,64,191.9366819858551,64,192.14873814582825,64,192.40025854110718,64,192.7745635509491,64,192.9867467880249,64,193.3770694732666,64,193.58815932273865,64,193.83543372154236,64,194.090567111969,64,194.3413634300232,64,194.55995535850525,64,194.77371644973755,64,194.98529434204102,64,195.23663806915283,64,195.48716020584106,64,195.74583458900452,64,196.00546789169312,64,196.21451663970947,64,196.4652762413025,64,196.7271990776062,64,196.93833780288696,64,197.19011735916138,64,197.55954694747925,64,197.92378425598145,64,198.13640069961548,64,198.53567814826965,64,198.74634957313538,64,198.9645974636078,64,199.32245659828186,64,199.5774028301239,64,199.7851860523224,64,200.04058456420898,64,200.24658942222595,64,200.45943665504456,64,200.66928100585938,64,200.92764854431152,64,201.1835355758667,64,201.39273309707642,64,201.64345049858093,64,201.8959608078003,64,202.1549220085144,64,202.35885334014893,64,202.56957340240479,64,202.7809476852417,64,202.99583530426025,64,203.24574446678162,64,203.5086374282837,64,203.72952485084534,64,203.93845796585083,64,204.1967327594757,64,204.45017290115356,64,204.8252818584442,64,205.08454775810242,64,205.29078006744385,64,205.55366492271423,64,205.80845665931702,64,206.03883171081543,64,206.29681825637817,64,206.51286959648132,64,206.72673916816711,64,207.08889746665955,64,207.2987139225006,64,207.51204133033752,64,207.73337626457214,64,207.99474430084229,64,208.3446319103241,64,208.56578946113586,64,208.82792496681213,64,209.08710837364197,64,209.3009774684906,64,209.61842894554138,64,209.99280762672424,64,210.2033143043518,64,210.41618037223816,64,210.66672253608704,64,210.8777084350586,64,211.0905408859253,64,211.35113906860352,64,211.5995171070099,64,211.8057210445404,64,212.06237864494324,64,212.46424436569214,64,212.671861410141,64,212.883198261261,64,213.09145283699036,64,213.34296345710754,64,213.59946727752686,64,213.84663367271423,64,214.09853267669678,64,214.30822229385376,64,214.56416583061218,64,214.7704155445099,64,214.98445582389832,64,215.23531341552734,64,215.43988418579102,64,215.64845442771912,64,215.85630297660828,64,216.2126178741455,64,216.46684384346008,64,216.8369221687317,64,217.08404207229614,64,217.339604139328,64,217.54842519760132,64,217.80324602127075,64,218.05126357078552,64,218.26107501983643,64,218.4739420413971,64,218.7195541858673,64,218.96792221069336,64,219.21661806106567,64,219.42278146743774,64,219.67629504203796,64,219.8823013305664,64,220.0949068069458,64,220.30520939826965,64,220.5179352760315,64,220.76712250709534,64,220.98072624206543,64,221.2299222946167,64,221.59460592269897,64,221.84959721565247,64,222.05660200119019,64,222.31430101394653,64,222.51488637924194,64,222.8276982307434,64,223.18505597114563,64,223.43496417999268,64,223.68189430236816,64,223.8819351196289,64,224.25822567939758,64,224.50819087028503,64,224.74861812591553,64,224.99022603034973,64,225.18497014045715,64,225.43229794502258,64,225.76299929618835,64,225.9671380519867,64,226.20424699783325,64,226.45313549041748,64,226.82597970962524,64,227.16983938217163,64,227.52936625480652,64,227.72972536087036,64,228.08321404457092,64,228.29131269454956,64,228.50323247909546,64,228.74980974197388,64,228.99676537513733,64,229.20615816116333,64,229.4570426940918,64,229.83577227592468,64,230.0793867111206,64,230.28336572647095,64,230.48783922195435,64,230.69566535949707,64,230.94796586036682,64,231.15848684310913,64,231.48771238327026,64,231.70246362686157,64,231.95394587516785,64,232.1686770915985,64,232.41229057312012,64,232.79599237442017,64,233.05339360237122,64,233.31081175804138,64,233.5205521583557,64,233.77286958694458,64,233.9862678050995,64,234.19369339942932,64,234.39552521705627,64,234.65129446983337,64,234.8993945121765,64,235.28240060806274,64,235.49305486679077,64,235.7072925567627,64,236.02821350097656,64,236.23632407188416,64,236.49028158187866,64,236.7411196231842,64,236.99325799942017,64,237.31985235214233,64,237.5272946357727,64,237.77683782577515,64,237.98116898536682,64,238.29570364952087,64,238.55243611335754,64,238.80269169807434,64,239.05231523513794,64,239.26321411132812,64,239.5144383907318,64,239.7679626941681,64,239.98043251037598,64,240.18544578552246,64,240.43100500106812,64,240.63641595840454,64,240.88256216049194,64,241.13673400878906,64,241.34902572631836,64,241.60719084739685,64,241.86162662506104,64,242.18322324752808,64,242.3945496082306,64,242.65019631385803,64,242.894513130188,64,243.10863399505615,64,243.32180500030518,64,243.57412695884705,64,243.9452633857727,64,244.2007393836975,64,244.5603151321411,64,244.80741119384766,64,245.0608310699463,64,245.4403109550476,64,245.69193148612976,64,246.06182384490967,64,246.46099138259888,64,246.77735137939453,64,246.99229907989502,64,247.20360207557678,64,247.41559958457947,64,247.6266589164734,64,247.87654280662537,64,248.1338014602661,64,248.38395643234253,64,248.6302568912506,64,248.84176778793335,64,249.05517196655273,64,249.30704283714294,64,249.51936507225037,64,249.72708249092102,64,249.97740077972412,64,250.23199939727783,64,250.49463272094727,64,250.84362030029297,64,251.05928230285645,64,251.27149057388306,64,251.47944831848145,64,251.85132384300232,64,252.06215572357178,64,252.31220936775208,64,252.56068301200867,64,252.8139293193817,64,253.0695013999939,64,253.32253694534302,64,253.58385586738586,64,253.98381304740906,64,254.3314516544342,64,254.57536458969116,64,254.8369631767273,64,255.04916882514954,64,255.3091893196106,64,255.5669367313385,64,255.77563619613647,64,256.0278160572052,64,256.39045453071594,64,256.60076236724854,64,256.86335468292236,64,257.08290433883667,64,257.3467347621918,64,257.6075155735016,64,257.9788303375244,64,258.2405114173889,64,258.45165276527405,64,258.6696090698242,64,258.9258463382721,64,259.24860310554504,64,259.45821738243103,64,259.71863079071045,64,259.9793689250946,64,260.1908357143402,64,260.55045104026794,64,260.76312351226807,64,260.97526264190674,64,261.2268533706665,64,261.4827880859375,64,261.68964290618896,64,261.899827003479,64,262.1559464931488,64,262.36826729774475,64,262.61445331573486,64,262.8744230270386,64,263.1287715435028,64,263.3400855064392,64,263.5503990650177,64,263.7626006603241,64,264.12453842163086,64,264.48865270614624,64,264.73653626441956,64,264.9896583557129,64,265.24258613586426,64,265.4958424568176,64,265.8667001724243,64,266.11533284187317,64,266.3715283870697,64,266.58202958106995,64,266.84049940109253,64,267.09340739250183,64,267.34389638900757,64,267.5546832084656,64,267.80575823783875,64,268.01922821998596,64,268.2731535434723,64,268.53161573410034,64,268.78302478790283,64,269.14784026145935,64,269.3942744731903,64,269.76074385643005,64,270.0204918384552,64,270.26839661598206,64,270.6343586444855,64,270.8897726535797,64,271.14454793930054,64,271.35660338401794,64,271.6062159538269,64,271.82114267349243,64,272.0809316635132,64,272.45132184028625,64,272.818772315979,64,273.02626943588257,64,273.27718925476074,64,273.52112770080566,64,273.8962378501892,64,274.14387035369873,64,274.357789516449,64,274.60907530784607,64,274.97860169410706,64,275.2328543663025,64,275.49190950393677,64,275.7023940086365,64,275.9530653953552,64,276.20667004585266,64,276.4592411518097,64,276.6692850589752,64,276.9201076030731,64,277.134733915329,64,277.39601397514343,64,277.642009973526,64,277.85708260536194,64,278.06831789016724,64,278.3184051513672,64,278.6856617927551,64,278.89542841911316,64,279.1056480407715,64,279.3652780056,64,279.6174404621124,64,279.83023023605347,64,280.03890466690063,64,280.40874123573303,64,280.6760833263397,64,280.89753460884094,64,281.1591167449951,64,281.41604137420654,64,281.6313991546631,64,281.8810751438141,64,282.09911584854126,64,282.45709347724915,64,282.7032952308655,64,282.95663118362427,64,283.2160234451294,64,283.47006607055664,64,283.6811933517456,64,283.89222407341003,64,284.2089738845825,64,284.46536087989807,64,284.71262884140015,64,284.9233515262604,64,285.13114762306213,64,285.499071598053,64,285.7563157081604,64,286.00400280952454,64,286.2612507343292,64,286.6251394748688,64,286.8819282054901,64,287.24496269226074,64,287.4896500110626,64,287.74711298942566,64,288.1143202781677,64,288.33027720451355,64,288.5789020061493,64,288.947438955307,64,289.16897201538086,64,289.42079615592957,64,289.67856431007385,64,290.0484387874603,64,290.3076856136322,64,290.51818680763245,64,290.77462935447693,64,291.14651560783386,64,291.34942388534546,64,291.6022171974182,64,291.81201338768005,64,292.0198380947113,64,292.27787017822266,64,292.5274147987366,64,292.7748341560364,64,293.0236237049103,64,293.2662079334259,64,293.52180576324463,64,293.78270864486694,64,294.0434567928314,64,294.299152135849,64,294.5574104785919,64,294.80631923675537,64,295.05705308914185,64,295.2685966491699,64,295.4842631816864,64,295.8534071445465,64,296.10498809814453,64,296.3569700717926,64,296.7296950817108,64,296.98575043678284,64,297.2437365055084,64,297.44783544540405,64,297.70008087158203,64,297.91645860671997,64,298.1265969276428,64,298.3381550312042,64,298.59436774253845,64,298.84838819503784,64,299.06584668159485,64,299.2744228839874,64,299.48436307907104,64,299.8557093143463,64,300.01905846595764
0,random graphs/big_layer/r1.5k12n8/graph0.lgbin,1268,275.9184868335724,53,170,0,133,1.6549623012542725,110,1.833294153213501,91,2.0649962425231934,81,2.3362410068511963,72,2.591498851776123,55,2.759753465652466,55,2.999699115753174,55,3.1343295574188232,55,3.181994915008545,53,3.3874545097351074,53,3.521268129348755,53,3.7608978748321533,53,3.966519355773926,53,4.175554037094116,53,4.223532438278198,53,4.355388164520264,53,4.569766521453857,53,4.742342948913574,53,4.7899298667907715,53,4.926718235015869,53,5.173616647720337,53,5.3092944622039795,53,5.4766480922698975,53,5.611979961395264,53,5.798165559768677,53,5.9865052700042725,53,6.203680515289307,53,6.341467380523682,53,6.514582633972168,53,6.724634647369385,53,6.8625617027282715,53,6.998015642166138,53,7.131123781204224,53,7.2628562450408936,53,7.395948648452759,53,7.58839225769043,53,7.722790718078613,53,7.856214284896851,53,7.9914774894714355,53,8.126933336257935,53,8.263455152511597,53,8.465160608291626,53,8.60079026222229,53,8.729127168655396,53,8.77717924118042,53,8.914272785186768,53,9.046810150146484,53,9.250946044921875,53,9.383102655410767,53,9.514115333557129,53,9.64825177192688,53,9.896867752075195,53,10.039183139801025,53,10.247623205184937,53,10.385051250457764,53,10.51949429512024,53,10.688449621200562,53,10.812992334365845,53,10.9491605758667,53,11.081788539886475,53,11.275483131408691,53,11.501054525375366,53,11.694243907928467,53,11.918009996414185,53,12.129424095153809,53,12.266366720199585,53,12.482074737548828,53,12.677263498306274,53,12.871137619018555,53,13.049351215362549,53,13.272199153900146,53,13.39684534072876,53,13.515173435211182,53,13.719527244567871,53,13.89544153213501,53,14.098057985305786,53,14.319368839263916,53,14.514977216720581,53,14.716429710388184,53,14.941523790359497,53,15.12271523475647,53,15.3441481590271,53,15.585965633392334,53,15.795631170272827,53,16.00382947921753,53,16.18991446495056,53,16.402162551879883,53,16.613616228103638,53,16.833481550216675,53,17.04432201385498,53,17.22297477722168,53,17.44132399559021,53,17.651043176651,53,17.853742837905884,53,18.029419660568237,53,18.24250626564026,53,18.446248769760132,53,18.709824323654175,53,18.961872100830078,53,19.145963430404663,53,19.387328147888184,53,19.5710346698761,53,19.758980989456177,53,19.965221166610718,53,20.091649532318115,53,20.219109535217285,53,20.26750087738037,53,20.397998571395874,53,20.53223204612732,53,20.73745346069336,53,20.867594003677368,53,21.135936498641968,53,21.273576021194458,53,21.48727321624756,53,21.710190773010254,53,21.84742498397827,53,21.97945523262024,53,22.180105209350586,53,22.315178632736206,53,22.45452880859375,53,22.641480207443237,53,22.80933713912964,53,23.01250720024109,53,23.198211669921875,53,23.44187331199646,53,23.578648328781128,53,23.7968008518219,53,23.96456503868103,53,24.157379865646362,53,24.36863350868225,53,24.502208471298218,53,24.668470859527588,53,24.803816080093384,53,24.93777060508728,53,25.071475982666016,53,25.204719066619873,53,25.33477234840393,53,25.47365641593933,53,25.68600821495056,53,25.885135889053345,53,25.932868480682373,53,26.129432439804077,53,26.33996605873108,53,26.475163459777832,53,26.676053524017334,53,26.866943836212158,53,27.003602504730225,53,27.12659788131714,53,27.25924825668335,53,27.456698417663574,53,27.667648315429688,53,27.88198757171631,53,28.10963487625122,53,28.321083068847656,53,28.573143482208252,53,28.699756860733032,53,28.74778389930725,53,28.882840156555176,53,29.10010552406311,53,29.277279376983643,53,29.41118359565735,53,29.62129282951355,53,29.759397268295288,53,29.96542239189148,53,30.102809190750122,53,30.223824501037598,53,30.481130838394165,53,30.68406891822815,53,30.88744807243347,53,31.02509880065918,53,31.160850048065186,53,31.292468309402466,53,31.49084186553955,53,31.70650601387024,53,31.891830682754517,53,32.05128192901611,53,32.27390813827515,53,32.54082489013672,53,32.58893418312073,53,32.7845253944397,53,32.95687937736511,53,33.091697454452515,53,33.295769691467285,53,33.43276238441467,53,33.679571866989136,53,33.812973976135254,53,34.03142976760864,53,34.252891302108765,53,34.46704649925232,53,34.65045404434204,53,34.7857129573822,53,34.90605115890503,53,35.1288115978241,53,35.31436252593994,53,35.51720714569092,53,35.65512299537659,53,35.789252281188965,53,35.92108774185181,53,36.09826445579529,53,36.23413276672363,53,36.36720585823059,53,36.56604337692261,53,36.77690601348877,53,36.91435885429382,53,37.12946915626526,53,37.25117897987366,53,37.426514863967896,53,37.632723331451416,53,37.77044701576233,53,37.948211431503296,53,38.21247959136963,53,38.34389066696167,53,38.545409202575684,53,38.74912118911743,53,38.94187593460083,53,39.081252336502075,53,39.29031181335449,53,39.33800768852234,53,39.51623296737671,53,39.65142250061035,53,39.86213278770447,53,40.07133436203003,53,40.207295417785645,53,40.4553279876709,53,40.59233474731445,53,40.83520555496216,53,41.0278160572052,53,41.24162220954895,53,41.43276786804199,53,41.61328315734863,53,41.7944655418396,53,42.00425934791565,53,42.215397357940674,53,42.349151372909546,53,42.58729600906372,53,42.7999165058136,53,42.974799394607544,53,43.18490791320801,53,43.35497045516968,53,43.49372601509094,53,43.72444295883179,53,43.91949510574341,53,44.12093925476074,53,44.3424174785614,53,44.520297050476074,53,44.72883868217468,53,44.945605516433716,53,45.08312249183655,53,45.29273557662964,53,45.47981810569763,53,45.6216504573822,53,45.84468126296997,53,46.059282541275024,53,46.19449424743652,53,46.32209753990173,53,46.533766984939575,53,46.755810260772705,53,46.948299169540405,53,47.14922380447388,53,47.32557964324951,53,47.54169297218323,53,47.77030086517334,53,47.905596017837524,53,48.04306149482727,53,48.181464195251465,53,48.39331603050232,53,48.59940052032471,53,48.84735655784607,53,49.071197509765625,53,49.21170926094055,53,49.34154653549194,53,49.476258516311646,53,49.61540675163269,53,49.79044485092163,53,49.96306490898132,53,50.14216446876526,53,50.282875537872314,53,50.48697113990784,53,50.62266445159912,53,50.82920956611633,53,50.95514440536499,53,51.09198212623596,53,51.29451298713684,53,51.43258261680603,53,51.648656129837036,53,51.833728075027466,53,52.06040811538696,53,52.10819602012634,53,52.23568511009216,53,52.48322820663452,53,52.62418007850647,53,52.761515855789185,53,52.809467792510986,53,52.85722064971924,53,53.04981851577759,53,53.187788248062134,53,53.40724420547485,53,53.64021134376526,53,53.687989950180054,53,53.90950131416321,53,54.114598989486694,53,54.25007200241089,53,54.38399839401245,53,54.60899519920349,53,54.78225302696228,53,55.0373752117157,53,55.211949825286865,53,55.38583183288574,53,55.5764741897583,53,55.712332010269165,53,55.904818296432495,53,56.120277643203735,53,56.253376960754395,53,56.459211587905884,53,56.66743755340576,53,56.80454182624817,53,56.9312641620636,53,57.11995077133179,53,57.34282732009888,53,57.480011224746704,53,57.71736288070679,53,57.908525466918945,53,58.087960720062256,53,58.22470808029175,53,58.36193227767944,53,58.49805021286011,53,58.70893621444702,53,58.75728487968445,53,58.93791747093201,53,59.14956617355347,53,59.36396050453186,53,59.57230734825134,53,59.75322246551514,53,59.96967840194702,53,60.18568539619446,53,60.32043528556824,53,60.45614743232727,53,60.50477838516235,53,60.69365572929382,53,60.92268896102905,53,61.05886244773865,53,61.25250053405762,53,61.38587760925293,53,61.57694101333618,53,61.717849016189575,53,61.95202684402466,53,62.157663106918335,53,62.33574604988098,53,62.46817207336426,53,62.706259965896606,53,62.92200303077698,53,63.1262321472168,53,63.25399851799011,53,63.3904070854187,53,63.5078763961792,53,63.74536204338074,53,63.92573380470276,53,64.12151145935059,53,64.33278012275696,53,64.47247409820557,53,64.68343734741211,53,64.82684540748596,53,65.05717611312866,53,65.253915309906,53,65.39118576049805,53,65.57709503173828,53,65.74888825416565,53,65.88708519935608,53,66.10134196281433,53,66.3161849975586,53,66.45417714118958,53,66.68471932411194,53,66.87302827835083,53,67.09098100662231,53,67.30804944038391,53,67.47833299636841,53,67.61302137374878,53,67.74876236915588,53,67.97339487075806,53,68.11227774620056,53,68.24881649017334,53,68.46478581428528,53,68.65252494812012,53,68.780592918396,53,68.98857474327087,53,69.12708497047424,53,69.26153063774109,53,69.39478516578674,53,69.52644920349121,53,69.72255349159241,53,69.91221785545349,53,70.05620074272156,53,70.23172783851624,53,70.43988561630249,53,70.64454436302185,53,70.78469371795654,53,70.9546971321106,53,71.08624124526978,53,71.21500086784363,53,71.35034966468811,53,71.53340721130371,53,71.66839480400085,53,71.8337664604187,53,72.0245943069458,53,72.2464919090271,53,72.37878823280334,53,72.59821319580078,53,72.84459376335144,53,73.03908157348633,53,73.23131251335144,53,73.3678297996521,53,73.54370164871216,53,73.59303402900696,53,73.79992699623108,53,73.9313154220581,53,73.97958850860596,53,74.2019202709198,53,74.43715596199036,53,74.64380025863647,53,74.86712074279785,53,75.0937819480896,53,75.2989149093628,53,75.42562556266785,53,75.56381821632385,53,75.6989221572876,53,75.87234902381897,53,76.00413584709167,53,76.21156287193298,53,76.39101600646973,53,76.6070704460144,53,76.85486030578613,53,76.99449872970581,53,77.2069890499115,53,77.42560935020447,53,77.59858322143555,53,77.84723162651062,53,78.06070256233215,53,78.25061535835266,53,78.44097661972046,53,78.64786672592163,53,78.86486339569092,53,78.9138720035553,53,78.96229791641235,53,79.12888646125793,53,79.2673237323761,53,79.47062492370605,53,79.6052360534668,53,79.73615193367004,53,79.94150876998901,53,80.17015767097473,53,80.37322306632996,53,80.54562640190125,53,80.75025367736816,53,80.96403479576111,53,81.09974503517151,53,81.30538654327393,53,81.54162096977234,53,81.7540500164032,53,81.87827682495117,53,82.05515623092651,53,82.19226694107056,53,82.3270149230957,53,82.46004796028137,53,82.6798324584961,53,82.90006995201111,53,83.13167357444763,53,83.27692198753357,53,83.5267345905304,53,83.66456604003906,53,83.80243682861328,53,83.92129635810852,53,84.12100315093994,53,84.32766938209534,53,84.55106496810913,53,84.72877860069275,53,84.8656497001648,53,85.05596542358398,53,85.23259925842285,53,85.44633865356445,53,85.49439144134521,53,85.63546347618103,53,85.81700921058655,53,85.95125150680542,53,86.1552152633667,53,86.3604667186737,53,86.49684977531433,53,86.70609641075134,53,86.8955569267273,53,87.03451871871948,53,87.1612823009491,53,87.29903316497803,53,87.43160486221313,53,87.63771986961365,53,87.77467203140259,53,87.99577760696411,53,88.18291068077087,53,88.31949472427368,53,88.49706816673279,53,88.61766481399536,53,88.83358240127563,53,88.96368360519409,53,89.17166352272034,53,89.41262698173523,53,89.62332701683044,53,89.75899052619934,53,89.96578598022461,53,90.17692351341248,53,90.31325149536133,53,90.53033757209778,53,90.75787925720215,53,90.92715239524841,53,91.11537861824036,53,91.33126044273376,53,91.53079771995544,53,91.72496247291565,53,91.96176648139954,53,92.09594368934631,53,92.28432369232178,53,92.53235721588135,53,92.66905570030212,53,92.90719819068909,53,93.1295759677887,53,93.31682872772217,53,93.5145034790039,53,93.69637823104858,53,93.94130253791809,53,94.06847834587097,53,94.23790431022644,53,94.43303322792053,53,94.48096203804016,53,94.67064762115479,53,94.86184120178223,53,95.05666470527649,53,95.10501170158386,53,95.37503910064697,53,95.5042827129364,53,95.73860383033752,53,95.9559645652771,53,96.09379744529724,53,96.23054671287537,53,96.42220091819763,53,96.47101497650146,53,96.66123414039612,53,96.70943832397461,53,96.91689419746399,53,97.0528576374054,53,97.29478144645691,53,97.43135118484497,53,97.60505485534668,53,97.83053970336914,53,98.0016553401947,53,98.21320176124573,53,98.46283864974976,53,98.66185450553894,53,98.85489511489868,53,99.02790784835815,53,99.1634452342987,53,99.21113610267639,53,99.4227614402771,53,99.67738389968872,53,99.87535119056702,53,100.12193369865417,53,100.36052250862122,53,100.40824484825134,53,100.4559268951416,53,100.50398921966553,53,100.6974835395813,53,100.89609789848328,53,101.11164331436157,53,101.2911148071289,53,101.49153280258179,53,101.69351243972778,53,101.90787267684937,53,102.11183857917786,53,102.36317181587219,53,102.50480842590332,53,102.6368420124054,53,102.8512454032898,53,103.08312964439392,53,103.26483821868896,53,103.49940872192383,53,103.634028673172,53,103.84650325775146,53,103.98433184623718,53,104.11956334114075,53,104.32789444923401,53,104.52244734764099,53,104.65602469444275,53,104.79136490821838,53,105.03542280197144,53,105.17262840270996,53,105.22048139572144,53,105.41779255867004,53,105.65161871910095,53,105.81678819656372,53,105.99365425109863,53,106.19830107688904,53,106.3352644443512,53,106.38326644897461,53,106.51741433143616,53,106.71550607681274,53,106.89321231842041,53,107.10741639137268,53,107.3370680809021,53,107.47246050834656,53,107.68133497238159,53,107.81650590896606,53,108.00108575820923,53,108.12261009216309,53,108.31281399726868,53,108.4456512928009,53,108.66888523101807,53,108.81029009819031,53,108.94586396217346,53,108.99372816085815,53,109.1869626045227,53,109.37826800346375,53,109.60829257965088,53,109.65658187866211,53,109.85996890068054,53,109.9962797164917,53,110.12684202194214,53,110.33214974403381,53,110.47423100471497,53,110.66921043395996,53,110.79699397087097,53,111.00761818885803,53,111.18762922286987,53,111.39347815513611,53,111.61168432235718,53,111.83707165718079,53,111.97483682632446,53,112.11357975006104,53,112.33469676971436,53,112.54025602340698,53,112.71849536895752,53,112.85286831855774,53,113.0898334980011,53,113.13771629333496,53,113.33162379264832,53,113.46562886238098,53,113.60183024406433,53,113.74024605751038,53,113.93500447273254,53,114.14314913749695,53,114.37555623054504,53,114.58715486526489,53,114.72519040107727,53,114.85936093330383,53,115.09744811058044,53,115.26268029212952,53,115.45711946487427,53,115.66402864456177,53,115.80055713653564,53,116.02753329277039,53,116.25326704978943,53,116.39000844955444,53,116.52267646789551,53,116.75779843330383,53,116.99903273582458,53,117.17516469955444,53,117.37826633453369,53,117.50641369819641,53,117.72164058685303,53,117.76964569091797,53,117.8174660205841,53,117.95175671577454,53,118.1608407497406,53,118.3047604560852,53,118.50267791748047,53,118.7025318145752,53,118.83847522735596,53,118.967111825943,53,119.20419216156006,53,119.39819502830505,53,119.56789183616638,53,119.7823269367218,53,119.98035979270935,53,120.18020272254944,53,120.39169216156006,53,120.65968561172485,53,120.8040885925293,53,120.93301439285278,53,121.18142461776733,53,121.31589412689209,53,121.44614291191101,53,121.64399433135986,53,121.83672285079956,53,122.02045440673828,53,122.19248509407043,53,122.35065221786499,53,122.5449697971344,53,122.7268979549408,53,122.94852304458618,53,123.19258117675781,53,123.33366060256958,53,123.53025603294373,53,123.66361689567566,53,123.79420375823975,53,123.98900842666626,53,124.19250822067261,53,124.40263319015503,53,124.5351996421814,53,124.77637386322021,53,124.90489530563354,53,125.0393750667572,53,125.08732795715332,53,125.2942054271698,53,125.48058199882507,53,125.68727135658264,53,125.86514925956726,53,125.99658989906311,53,126.13322281837463,53,126.3487401008606,53,126.48474502563477,53,126.68335485458374,53,126.90344643592834,53,127.08488082885742,53,127.29821801185608,53,127.43655300140381,53,127.64543676376343,53,127.88296556472778,53,128.062682390213,53,128.19749689102173,53,128.3930835723877,53,128.57338547706604,53,128.80611896514893,53,129.03274416923523,53,129.16881251335144,53,129.3939950466156,53,129.5906002521515,53,129.7694113254547,53,129.9776599407196,53,130.11553502082825,53,130.25201272964478,53,130.43050074577332,53,130.57281184196472,53,130.70799446105957,53,130.84245777130127,53,131.06066942214966,53,131.25575637817383,53,131.39320254325867,53,131.51223015785217,53,131.7493929862976,53,131.88628435134888,53,132.02114987373352,53,132.22302269935608,53,132.41505074501038,53,132.552255153656,53,132.76782321929932,53,133.0030345916748,53,133.23240518569946,53,133.37465858459473,53,133.57505989074707,53,133.71417045593262,53,133.85504603385925,53,133.9868679046631,53,134.17799401283264,53,134.39308714866638,53,134.52611470222473,53,134.71330904960632,53,134.91052222251892,53,135.12482619285583,53,135.30940437316895,53,135.524555683136,53,135.77840423583984,53,135.9164102077484,53,136.132248878479,53,136.3097472190857,53,136.54687237739563,53,136.75099349021912,53,136.96540689468384,53,137.1644446849823,53,137.29792857170105,53,137.4185276031494,53,137.5508952140808,53,137.76840353012085,53,137.98129391670227,53,138.12284421920776,53,138.34732842445374,53,138.4840214252472,53,138.69219088554382,53,138.89743089675903,53,139.02638983726501,53,139.16366910934448,53,139.40660214424133,53,139.61623406410217,53,139.75766110420227,53,139.80544662475586,53,140.03020548820496,53,140.07850861549377,53,140.29229950904846,53,140.34051251411438,53,140.47825932502747,53,140.681067943573,53,140.89997935295105,53,141.03496408462524,53,141.23078155517578,53,141.4330084323883,53,141.60785388946533,53,141.7964928150177,53,142.0097188949585,53,142.14740133285522,53,142.27810049057007,53,142.50919032096863,53,142.74100947380066,53,142.9274458885193,53,143.10367941856384,53,143.30973362922668,53,143.4442892074585,53,143.57923293113708,53,143.7954216003418,53,144.0316424369812,53,144.17194032669067,53,144.305832862854,53,144.44091749191284,53,144.5728998184204,53,144.76796126365662,53,144.93890523910522,53,145.10044813156128,53,145.23372554779053,53,145.45758867263794,53,145.60069942474365,53,145.7366816997528,53,145.95975422859192,53,146.14566349983215,53,146.28052258491516,53,146.41729712486267,53,146.54968738555908,53,146.68343424797058,53,146.80999875068665,53,146.9406144618988,53,147.13959002494812,53,147.369886636734,53,147.55079817771912,53,147.79466891288757,53,147.99734687805176,53,148.13439750671387,53,148.3543999195099,53,148.5210976600647,53,148.65713143348694,53,148.84146666526794,53,149.05034613609314,53,149.18300437927246,53,149.39903283119202,53,149.5883433818817,53,149.81510615348816,53,150.01006293296814,53,150.14598774909973,53,150.33239841461182,53,150.4557683467865,53,150.59411764144897,53,150.79520201683044,53,150.93387031555176,53,151.12712001800537,53,151.36742997169495,53,151.5782506465912,53,151.78081488609314,53,151.98149418830872,53,152.1231291294098,53,152.3373899459839,53,152.53375244140625,53,152.7275357246399,53,152.95897579193115,53,153.17240023612976,53,153.30812668800354,53,153.51590156555176,53,153.71964740753174,53,153.85801029205322,53,153.99288940429688,53,154.12725734710693,53,154.26104617118835,53,154.46414494514465,53,154.58248567581177,53,154.76251530647278,53,154.9738485813141,53,155.17142128944397,53,155.21956849098206,53,155.43317675590515,53,155.65671157836914,53,155.88367295265198,53,156.01933097839355,53,156.15325355529785,53,156.337908744812,53,156.5473611354828,53,156.68360710144043,53,156.89235663414001,53,157.09989285469055,53,157.32012629508972,53,157.52801871299744,53,157.77712321281433,53,157.9825954437256,53,158.16863083839417,53,158.35651874542236,53,158.5508201122284,53,158.68537878990173,53,158.82041263580322,53,158.95673036575317,53,159.1305685043335,53,159.26359868049622,53,159.39770984649658,53,159.6407494544983,53,159.77852606773376,53,159.99426126480103,53,160.04222416877747,53,160.17883014678955,53,160.3937644958496,53,160.53326845169067,53,160.6714949607849,53,160.87557244300842,53,161.0083782672882,53,161.2277693748474,53,161.43425393104553,53,161.66946458816528,53,161.8845808506012,53,162.0229275226593,53,162.2258439064026,53,162.43439769744873,53,162.5685646533966,53,162.77775287628174,53,163.0058879852295,53,163.1892442703247,53,163.32564854621887,53,163.53390192985535,53,163.66857600212097,53,163.90964698791504,53,163.95786309242249,53,164.0941140651703,53,164.33295583724976,53,164.54700469970703,53,164.76962041854858,53,164.8962049484253,53,165.1349654197693,53,165.36734890937805,53,165.55165004730225,53,165.75558519363403,53,165.92656326293945,53,166.10437512397766,53,166.29288864135742,53,166.43144273757935,53,166.6501784324646,53,166.69820523262024,53,166.91402173042297,53,167.11759161949158,53,167.29181265830994,53,167.4878237247467,53,167.67320895195007,53,167.8873393535614,53,168.07890152931213,53,168.28239178657532,53,168.4781482219696,53,168.61612224578857,53,168.81596422195435,53,169.05095863342285,53,169.1885368824005,53,169.32407021522522,53,169.57687187194824,53,169.78065705299377,53,169.91934728622437,53,170.05639338493347,53,170.27976942062378,53,170.51134037971497,53,170.7339072227478,53,170.9687466621399,53,171.1652410030365,53,171.30261397361755,53,171.53543066978455,53,171.73300337791443,53,171.87594151496887,53,172.09130859375,53,172.22551608085632,53,172.41516280174255,53,172.55263757705688,53,172.7267804145813,53,172.89691972732544,53,172.9448299407959,53,173.13178825378418,53,173.40366768836975,53,173.65145659446716,53,173.78492283821106,53,173.92058300971985,53,174.05488348007202,53,174.25041890144348,53,174.46953630447388,53,174.6065411567688,53,174.7295105457306,53,174.86648845672607,53,175.00346207618713,53,175.20793437957764,53,175.34545302391052,53,175.54314851760864,53,175.67247080802917,53,175.80684757232666,53,176.0272696018219,53,176.2186098098755,53,176.41242003440857,53,176.60989475250244,53,176.81765031814575,53,176.95512056350708,53,177.1657373905182,53,177.3398609161377,53,177.5237319469452,53,177.65817379951477,53,177.79358577728271,53,177.92807006835938,53,178.06262803077698,53,178.25316762924194,53,178.39215540885925,53,178.58513975143433,53,178.72674918174744,53,178.84568810462952,53,179.05291843414307,53,179.1869125366211,53,179.37497758865356,53,179.56945943832397,53,179.7622950077057,53,179.96905612945557,53,180.1810541152954,53,180.31438064575195,53,180.50397109985352,53,180.72498035430908,53,180.86532759666443,53,181.00098752975464,53,181.2166211605072,53,181.41869807243347,53,181.6116201877594,53,181.65942287445068,53,181.84144186973572,53,182.09992218017578,53,182.28255081176758,53,182.3299868106842,53,182.51396203041077,53,182.64833164215088,53,182.88181614875793,53,183.01802682876587,53,183.1948103904724,53,183.42072701454163,53,183.55395007133484,53,183.67302298545837,53,183.91853618621826,53,184.05579161643982,53,184.23597931861877,53,184.44552421569824,53,184.66007804870605,53,184.7981116771698,53,184.93480229377747,53,185.14048886299133,53,185.34744024276733,53,185.51349020004272,53,185.72430801391602,53,185.93955183029175,53,186.1715009212494,53,186.3058090209961,53,186.48807501792908,53,186.62257552146912,53,186.80476784706116,53,186.93502163887024,53,187.10700726509094,53,187.2390592098236,53,187.41238021850586,53,187.65123343467712,53,187.870619058609,53,188.0051782131195,53,188.1748068332672,53,188.38585495948792,53,188.5666742324829,53,188.70450019836426,53,188.82306265830994,53,189.03291034698486,53,189.16818976402283,53,189.36249995231628,53,189.4984679222107,53,189.73730492591858,53,189.94699239730835,53,190.1724054813385,53,190.3938889503479,53,190.61159873008728,53,190.74683117866516,53,190.92365503311157,53,191.06308555603027,53,191.1912384033203,53,191.38827085494995,53,191.522607088089,53,191.72842454910278,53,191.93310856819153,53,192.13714051246643,53,192.18540120124817,53,192.23338842391968,53,192.36772227287292,53,192.55795431137085,53,192.67997813224792,53,192.8947298526764,53,192.94295454025269,53,193.08176970481873,53,193.33227920532227,53,193.47179436683655,53,193.67587184906006,53,193.72383284568787,53,193.92420411109924,53,194.13802242279053,53,194.2726104259491,53,194.43621301651,53,194.57063579559326,53,194.81525945663452,53,194.86356377601624,53,195.07644629478455,53,195.21640062332153,53,195.35131406784058,53,195.57223558425903,53,195.7066628932953,53,195.9175727367401,53,196.14439988136292,53,196.33756637573242,53,196.51499605178833,53,196.73212552070618,53,196.91033601760864,53,197.13274002075195,53,197.3599076271057,53,197.60940766334534,53,197.8074233531952,53,197.9417383670807,53,198.1323118209839,53,198.30842924118042,53,198.49119067192078,53,198.6958465576172,53,198.89289093017578,53,199.08800435066223,53,199.2780487537384,53,199.46876978874207,53,199.6050329208374,53,199.84745407104492,53,200.0309031009674,53,200.2337327003479,53,200.47136163711548,53,200.5195722579956,53,200.73710870742798,53,200.93782687187195,53,201.15443634986877,53,201.4068500995636,53,201.61671471595764,53,201.80132484436035,53,201.97516679763794,53,202.16654467582703,53,202.3609480857849,53,202.4964416027069,53,202.7103250026703,53,202.8487913608551,53,203.04178881645203,53,203.1727888584137,53,203.36857676506042,53,203.55014157295227,53,203.7947313785553,53,203.92956113815308,53,204.14308047294617,53,204.32478833198547,53,204.4590253829956,53,204.63793849945068,53,204.8830726146698,53,205.02233743667603,53,205.22058629989624,53,205.35528779029846,53,205.5725109577179,53,205.7870011329651,53,205.92380738258362,53,206.05817484855652,53,206.19593572616577,53,206.33082389831543,53,206.50761342048645,53,206.67925214767456,53,206.83836936950684,53,206.88623309135437,53,207.07567954063416,53,207.2819902896881,53,207.50399613380432,53,207.70663142204285,53,207.84208059310913,53,208.0403733253479,53,208.25996780395508,53,208.42586159706116,53,208.6348021030426,53,208.8323404788971,53,209.02669143676758,53,209.1591455936432,53,209.35071063041687,53,209.53283619880676,53,209.70816826820374,53,209.83044362068176,53,210.0231649875641,53,210.16633582115173,53,210.39538741111755,53,210.53332686424255,53,210.6674234867096,53,210.86439871788025,53,211.00272369384766,53,211.17893362045288,53,211.35732984542847,53,211.49585127830505,53,211.62666416168213,53,211.76130080223083,53,211.81039714813232,53,211.93446946144104,53,212.1576657295227,53,212.35372686386108,53,212.54687404632568,53,212.68015885353088,53,212.93100595474243,53,213.10853052139282,53,213.31398367881775,53,213.5303716659546,53,213.66823625564575,53,213.9182300567627,53,214.10590958595276,53,214.31572580337524,53,214.52009463310242,53,214.65839433670044,53,214.8348207473755,53,215.0374231338501,53,215.25973749160767,53,215.3929307460785,53,215.53063893318176,53,215.6678431034088,53,215.803462266922,53,215.852055311203,53,216.08587551116943,53,216.2649314403534,53,216.48686909675598,53,216.53541707992554,53,216.6745970249176,53,216.86724495887756,53,217.06207704544067,53,217.30962109565735,53,217.4371953010559,53,217.5695412158966,53,217.75483322143555,53,218.0043671131134,53,218.2452507019043,53,218.4285945892334,53,218.6372196674347,53,218.81337547302246,53,218.94876265525818,53,219.11473393440247,53,219.2376480102539,53,219.3738877773285,53,219.50583720207214,53,219.72110295295715,53,219.9870207309723,53,220.19822216033936,53,220.33458971977234,53,220.45468425750732,53,220.67675065994263,53,220.8893220424652,53,221.02317571640015,53,221.15724635124207,53,221.32613945007324,53,221.53032326698303,53,221.66986536979675,53,221.84119153022766,53,221.97157979011536,53,222.18078351020813,53,222.4130847454071,53,222.67646718025208,53,222.93799996376038,53,223.12497282028198,53,223.26167631149292,53,223.3999319076538,53,223.53516483306885,53,223.67009115219116,53,223.89362335205078,53,224.1432433128357,53,224.28011989593506,53,224.5272397994995,53,224.7068989276886,53,224.84158444404602,53,225.02932906150818,53,225.26805186271667,53,225.39931559562683,53,225.57699823379517,53,225.71652483940125,53,225.84531927108765,53,226.04374742507935,53,226.21016192436218,53,226.41243195533752,53,226.55816864967346,53,226.72929120063782,53,226.8608090877533,53,227.10673666000366,53,227.30317735671997,53,227.44024872779846,53,227.65940594673157,53,227.85034728050232,53,228.0477385520935,53,228.24777269363403,53,228.3822078704834,53,228.5913143157959,53,228.72544169425964,53,228.90601778030396,53,229.04209804534912,53,229.2349328994751,53,229.42854499816895,53,229.68086314201355,53,229.8074381351471,53,230.01714181900024,53,230.1865713596344,53,230.31975030899048,53,230.3685314655304,53,230.5005238056183,53,230.6358346939087,53,230.83672714233398,53,230.88453841209412,53,231.01960587501526,53,231.15502643585205,53,231.28782749176025,53,231.4975733757019,53,231.70140933990479,53,231.9482843875885,53,232.08418726921082,53,232.27130341529846,53,232.51416444778442,53,232.6368556022644,53,232.7705202102661,53,232.97925972938538,53,233.18717217445374,53,233.37997245788574,53,233.57999920845032,53,233.75063252449036,53,233.8846354484558,53,234.14940237998962,53,234.32689714431763,53,234.4605484008789,53,234.5902771949768,53,234.79436469078064,53,235.00556302070618,53,235.14349627494812,53,235.3191204071045,53,235.53229808807373,53,235.66749620437622,53,235.8831171989441,53,236.1016924381256,53,236.33018708229065,53,236.54548621177673,53,236.781414270401,53,236.91073393821716,53,236.9585566520691,53,237.12738823890686,53,237.3716173171997,53,237.5869379043579,53,237.7468867301941,53,237.97273230552673,53,238.11033034324646,53,238.29877638816833,53,238.44322848320007,53,238.6282615661621,53,238.85878658294678,53,239.1065661907196,53,239.32424759864807,53,239.555002450943,53,239.6894085407257,53,239.82583689689636,53,240.0316104888916,53,240.16511034965515,53,240.36086130142212,53,240.55225658416748,53,240.6883978843689,53,240.82097029685974,53,241.0419807434082,53,241.18183040618896,53,241.37657403945923,53,241.586683511734,53,241.7994635105133,53,241.93292570114136,53,242.06988263130188,53,242.32501244544983,53,242.46805548667908,53,242.63979077339172,53,242.87856578826904,53,243.01287364959717,53,243.2305290699005,53,243.37013697624207,53,243.54708981513977,53,243.81663966178894,53,243.99202466011047,53,244.1793258190155,53,244.3918628692627,53,244.52229118347168,53,244.73893642425537,53,244.78730249404907,53,245.0175313949585,53,245.06560230255127,53,245.25029110908508,53,245.47868466377258,53,245.65484809875488,53,245.79072976112366,53,245.91684198379517,53,246.12132811546326,53,246.25926613807678,53,246.4468433856964,53,246.5783724784851,53,246.76904225349426,53,246.90193557739258,53,247.07966947555542,53,247.27446293830872,53,247.48694467544556,53,247.65847373008728,53,247.7931730747223,53,247.9264214038849,53,248.06438994407654,53,248.19890666007996,53,248.4170958995819,53,248.5593342781067,53,248.69544553756714,53,248.8271939754486,53,249.03515481948853,53,249.17281031608582,53,249.30708265304565,53,249.52541995048523,53,249.66662788391113,53,249.80282759666443,53,249.85130381584167,53,250.07200241088867,53,250.2030382156372,53,250.33777976036072,53,250.54804873466492,53,250.78589749336243,53,251.0131049156189,53,251.15158367156982,53,251.34371638298035,53,251.61707639694214,53,251.81964778900146,53,251.96207237243652,53,252.18942189216614,53,252.41068983078003,53,252.58968591690063,53,252.72379612922668,53,252.93475794792175,53,253.07463788986206,53,253.2780749797821,53,253.46982192993164,53,253.69413661956787,53,253.83509802818298,53,254.0253872871399,53,254.07309937477112,53,254.2015187740326,53,254.3299834728241,53,254.51469373703003,53,254.65140652656555,53,254.76988863945007,53,254.9887843132019,53,255.1234633922577,53,255.37122178077698,53,255.507892370224,53,255.72286915779114,53,255.90404534339905,53,256.0402400493622,53,256.2657849788666,53,256.50447607040405,53,256.642541885376,53,256.779176235199,53,256.9889147281647,53,257.12548208236694,53,257.26022934913635,53,257.3954710960388,53,257.59698510169983,53,257.79537439346313,53,257.9894988536835,53,258.1281132698059,53,258.34371542930603,53,258.3922231197357,53,258.52784395217896,53,258.7436628341675,53,258.939462184906,53,259.18802285194397,53,259.3276455402374,53,259.5610821247101,53,259.78045415878296,53,259.9925186634064,53,260.21909260749817,53,260.2673041820526,53,260.5073437690735,53,260.55614376068115,53,260.76251244544983,53,260.96350598335266,53,261.0991177558899,53,261.31215715408325,53,261.53125286102295,53,261.76454162597656,53,261.98772740364075,53,262.2247188091278,53,262.46605134010315,53,262.67516040802,53,262.864718914032,53,263.1110129356384,53,263.28711581230164,53,263.42387080192566,53,263.6237406730652,53,263.6718075275421,53,263.91140508651733,53,264.11172747612,53,264.33088064193726,53,264.5144522190094,53,264.7103645801544,53,264.8493347167969,53,264.98438715934753,53,265.03292202949524,53,265.21907234191895,53,265.3977355957031,53,265.6014060974121,53,265.7387170791626,53,265.956903219223,53,266.1741557121277,53,266.35489439964294,53,266.601261138916,53,266.79752492904663,53,266.96894431114197,53,267.13679814338684,53,267.27339148521423,53,267.4856798648834,53,267.6202118396759,53,267.74601578712463,53,267.91508293151855,53,268.1516308784485,53,268.29082775115967,53,268.4238655567169,53,268.632461309433,53,268.6805076599121,53,268.89502024650574,53,269.0329740047455,53,269.21718168258667,53,269.26528692245483,53,269.45889496803284,53,269.6972756385803,53,269.83192682266235,53,270.0262885093689,53,270.2400255203247,53,270.37837052345276,53,270.62187147140503,53,270.75632905960083,53,270.9235734939575,53,271.1710114479065,53,271.31006693840027,53,271.5017776489258,53,271.63981103897095,53,271.7752959728241,53,271.99290323257446,53,272.13838505744934,53,272.3551642894745,53,272.403525352478,53,272.6062250137329,53,272.74176001548767,53,272.95753955841064,53,273.1266372203827,53,273.2585816383362,53,273.4646372795105,53,273.6859095096588,53,273.8791196346283,53,274.0826334953308,53,274.30641531944275,53,274.49688839912415,53,274.6315290927887,53,274.8491632938385,53,275.0539894104004,53,275.32012963294983,53,275.5196855068207,53,275.7355577945709,53,275.95897483825684,53,276.12889885902405,53,276.3365912437439,53,276.5535876750946,53,276.6908736228943,53,276.9002687931061,53,277.09723353385925,53,277.2725918292999,53,277.3999910354614,53,277.5329694747925,53,277.7748987674713,53,277.8224353790283,53,277.94880747795105,53,278.141783952713,53,278.2790379524231,53,278.4693007469177,53,278.69597148895264,53,278.859801530838,53,278.9931972026825,53,279.2458248138428,53,279.4369945526123,53,279.57726287841797,53,279.71516489982605,53,279.889053106308,53,280.0245566368103,53,280.19691491127014,53,280.4161081314087,53,280.59203362464905,53,280.7857937812805,53,281.0056722164154,53,281.0535681247711,53,281.2262978553772,53,281.3631467819214,53,281.5490884780884,53,281.68412256240845,53,281.81935954093933,53,281.95360350608826,53,282.08910870552063,53,282.2552990913391,53,282.4584822654724,53,282.69295287132263,53,282.9185950756073,53,283.11920976638794,53,283.32003474235535,53,283.5356161594391,53,283.72101378440857,53,283.9344265460968,53,284.1884582042694,53,284.3816485404968,53,284.52109384536743,53,284.7084913253784,53,284.75676822662354,53,284.9853889942169,53,285.12258982658386,53,285.29080295562744,53,285.47620272636414,53,285.61813378334045,53,285.75457239151,53,285.8880298137665,53,286.0931053161621,53,286.26692843437195,53,286.3903775215149,53,286.5871810913086,53,286.7259955406189,53,286.9593427181244,53,287.1389904022217,53,287.4002504348755,53,287.53553676605225,53,287.6720185279846,53,287.8716199398041,53,288.1031770706177,53,288.2782871723175,53,288.48960852622986,53,288.62505888938904,53,288.7627851963043,53,288.9769809246063,53,289.11267924308777,53,289.3439996242523,53,289.47924995422363,53,289.69239020347595,53,289.9000346660614,53,290.0312738418579,53,290.16683554649353,53,290.3040249347687,53,290.49688482284546,53,290.71655917167664,53,290.9217607975006,53,291.05926966667175,53,291.2474591732025,53,291.45861315727234,53,291.5989215373993,53,291.6468529701233,53,291.8459596633911,53,292.05214762687683,53,292.18840885162354,53,292.3797903060913,53,292.5731465816498,53,292.76658368110657,53,293.0104384422302,53,293.17619466781616,53,293.34826588630676,53,293.483336687088,53,293.6918456554413,53,293.92263555526733,53,294.0563473701477,53,294.25886631011963,53,294.4598731994629,53,294.7056064605713,53,294.91248416900635,53,295.13956093788147,53,295.31681060791016,53,295.53253412246704,53,295.7534296512604,53,295.89151549339294,53,296.02674412727356,53,296.2294943332672,53,296.27733540534973,53,296.4680154323578,53,296.6466770172119,53,296.7838487625122,53,296.9689803123474,53,297.09392166137695,53,297.2980031967163,53,297.5544307231903,53,297.68929719924927,53,297.89680075645447,53,298.09864354133606,53,298.2387330532074,53,298.46062183380127,53,298.6018624305725,53,298.7224848270416,53,298.7710008621216,53,298.9655783176422,53,299.106764793396,53,299.2847192287445,53,299.4180974960327,53,299.5384886264801,53,299.73659586906433,53,299.9185140132904,53,300.01974987983704
1,random graphs/big_layer/r1.5k12n8/graph1.lgbin,1268,280.47796964645386,61,146,0,105,0.29088592529296875,84,0.36154842376708984,84,0.6210379600524902,78,0.7423717975616455,63,0.9494481086730957,63,1.1546919345855713,63,1.4465677738189697,61,1.4966108798980713,61,1.526951551437378,61,1.7692666053771973,61,1.7999472618103027,61,2.087651491165161,61,2.2593929767608643,61,2.5404608249664307,61,2.571045160293579,61,2.7586402893066406,61,3.046809434890747,61,3.2330102920532227,61,3.488842010498047,61,3.6716041564941406,61,3.966189384460449,61,4.217862606048584,61,4.476212501525879,61,4.507020473480225,61,4.771019697189331,61,4.801251649856567,61,5.058948993682861,61,5.251124858856201,61,5.538251876831055,61,5.793309688568115,61,5.824145793914795,61,6.129944086074829,61,6.161534786224365,61,6.4106035232543945,61,6.587984323501587,61,6.839318037033081,61,6.87168025970459,61,7.151236295700073,61,7.182080507278442,61,7.436709403991699,61,7.4661948680877686,61,7.757071495056152,61,7.940143823623657,61,8.186133623123169,61,8.301841735839844,61,8.592901229858398,61,8.773391485214233,61,9.032341718673706,61,9.225091457366943,61,9.508593082427979,61,9.705011367797852,61,9.944860458374023,61,10.114670038223267,61,10.381485939025879,61,10.555469751358032,61,10.802021265029907,61,10.982091426849365,61,11.28010368347168,61,11.525856256484985,61,11.78518271446228,61,11.899186372756958,61,12.188528299331665,61,12.219316720962524,61,12.250354290008545,61,12.50148344039917,61,12.763737678527832,61,12.955251216888428,61,13.026723384857178,61,13.266129970550537,61,13.298576593399048,61,13.328571081161499,61,13.495205879211426,61,13.525829315185547,61,13.802426815032959,61,14.07263708114624,61,14.329874992370605,61,14.58420729637146,61,14.86768913269043,61,14.898541450500488,61,15.176956176757812,61,15.208210468292236,61,15.46133542060852,61,15.645004987716675,61,15.89604902267456,61,16.04358220100403,61,16.07987141609192,61,16.195964813232422,61,16.328757524490356,61,16.518948793411255,61,16.550829887390137,61,16.705549478530884,61,16.88620686531067,61,16.96566915512085,61,17.111212968826294,61,17.14818286895752,61,17.21668767929077,61,17.409437894821167,61,17.572412490844727,61,17.73925495147705,61,18.010217905044556,61,18.268100023269653,61,18.45663022994995,61,18.62148380279541,61,18.69331693649292,61,18.724802255630493,61,18.896934270858765,61,18.927526712417603,61,19.184353351593018,61,19.416898727416992,61,19.685487270355225,61,19.868407726287842,61,20.1490581035614,61,20.344606161117554,61,20.376952409744263,61,20.547832489013672,61,20.752512454986572,61,20.89259362220764,61,20.929551362991333,61,21.2061026096344,61,21.456912994384766,61,21.750300407409668,61,22.006946086883545,61,22.074819326400757,61,22.25904655456543,61,22.422032833099365,61,22.602785110473633,61,22.71373414993286,61,22.744250297546387,61,22.77442765235901,61,22.80492639541626,61,23.091779947280884,61,23.279905080795288,61,23.31031322479248,61,23.50016736984253,61,23.68522834777832,61,23.71444058418274,61,23.95774745941162,61,24.124061822891235,61,24.398465871810913,61,24.593953132629395,61,24.846851587295532,61,25.097756147384644,61,25.371161937713623,61,25.5547833442688,61,25.80041241645813,61,25.96719789505005,61,26.13910675048828,61,26.285406827926636,61,26.35845446586609,61,26.538723945617676,61,26.569494485855103,61,26.598413944244385,61,26.878356218338013,61,27.130374908447266,61,27.405397653579712,61,27.48023223876953,61,27.6798415184021,61,27.934305906295776,61,27.965084552764893,61,28.15401005744934,61,28.41943335533142,61,28.44996690750122,61,28.48045825958252,61,28.77233648300171,61,29.034652948379517,61,29.309415578842163,61,29.607661247253418,61,29.796370267868042,61,29.99325966835022,61,30.18393850326538,61,30.21440887451172,61,30.384397506713867,61,30.57227110862732,61,30.60302233695984,61,30.87321186065674,61,30.904767990112305,61,31.162212133407593,61,31.19299340248108,61,31.440696954727173,61,31.630324125289917,61,31.874452590942383,61,32.15343952178955,61,32.42893981933594,61,32.60316443443298,61,32.71726155281067,61,32.97586369514465,61,33.25135159492493,61,33.281808376312256,61,33.47529864311218,61,33.66408824920654,61,33.91721248626709,61,34.17022085189819,61,34.4215784072876,61,34.45248341560364,61,34.623098611831665,61,34.659196615219116,61,34.690961599349976,61,34.720022201538086,61,34.966423988342285,61,35.21975302696228,61,35.336172580718994,61,35.615517377853394,61,35.870113372802734,61,35.90267062187195,61,36.098485708236694,61,36.34459185600281,61,36.534260749816895,61,36.564993381500244,61,36.59507727622986,61,36.77467131614685,61,36.80528020858765,61,36.836670875549316,61,37.000466108322144,61,37.188852071762085,61,37.22120499610901,61,37.504331827163696,61,37.70206379890442,61,37.82068753242493,61,37.85096096992493,61,38.13040566444397,61,38.42511200904846,61,38.45565414428711,61,38.642313718795776,61,38.812066078186035,61,38.84261751174927,61,39.014288663864136,61,39.28613328933716,61,39.45725965499878,61,39.70543932914734,61,39.95906162261963,61,40.20255708694458,61,40.458613872528076,61,40.711819648742676,61,40.7833468914032,61,40.974098443984985,61,41.01083540916443,61,41.19080877304077,61,41.22286891937256,61,41.47967600822449,61,41.73588538169861,61,41.765111684799194,61,41.92985129356384,61,42.1759614944458,61,42.33085227012634,61,42.62151741981506,61,42.810094118118286,61,43.083205461502075,61,43.15721035003662,61,43.43454170227051,61,43.550981283187866,61,43.69871282577515,61,43.728997468948364,61,43.9771945476532,61,44.00791025161743,61,44.038151025772095,61,44.28394842147827,61,44.54126811027527,61,44.57275676727295,61,44.717764139175415,61,44.90917253494263,61,44.93930912017822,61,45.13210868835449,61,45.38701009750366,61,45.575692653656006,61,45.86169147491455,61,46.01123523712158,61,46.043376207351685,61,46.07387137413025,61,46.34483885765076,61,46.62688994407654,61,46.65766453742981,61,46.801830530166626,61,46.98118281364441,61,47.2743501663208,61,47.31061291694641,61,47.49262499809265,61,47.73142671585083,61,47.974565267562866,61,48.00540280342102,61,48.17914819717407,61,48.43730163574219,61,48.46795701980591,61,48.596054553985596,61,48.89366436004639,61,49.08526349067688,61,49.34325861930847,61,49.64528942108154,61,49.89451885223389,61,50.14017653465271,61,50.28673601150513,61,50.43255043029785,61,50.56859731674194,61,50.8603949546814,61,50.9712769985199,61,51.22006607055664,61,51.47523283958435,61,51.76535940170288,61,51.9540638923645,61,52.24630928039551,61,52.49269461631775,61,52.782188415527344,61,53.04624342918396,61,53.07611966133118,61,53.1063392162323,61,53.349249601364136,61,53.621392011642456,61,53.744548082351685,61,53.886826038360596,61,54.1309916973114,61,54.27742314338684,61,54.45729351043701,61,54.63319778442383,61,54.7768828868866,61,54.807706356048584,61,55.062703371047974,61,55.13696241378784,61,55.166788816452026,61,55.34068775177002,61,55.48462677001953,61,55.7644476890564,61,55.95241403579712,61,56.08617830276489,61,56.36510968208313,61,56.65247917175293,61,56.68495774269104,61,56.93701171875,61,57.12460517883301,61,57.37806177139282,61,57.41089963912964,61,57.441603899002075,61,57.55917000770569,61,57.8334002494812,61,58.08640670776367,61,58.19772911071777,61,58.36910843849182,61,58.3992760181427,61,58.68389081954956,61,58.714072465896606,61,58.90284276008606,61,59.15648865699768,61,59.34249687194824,61,59.52180504798889,61,59.71056604385376,61,59.96217894554138,61,59.99282693862915,61,60.267330169677734,61,60.29786729812622,61,60.54897212982178,61,60.58124661445618,61,60.75076675415039,61,61.036978244781494,61,61.33109664916992,61,61.362934589385986,61,61.55257558822632,61,61.58357524871826,61,61.85600256919861,61,61.89282441139221,61,61.92376136779785,61,62.03238368034363,61,62.109293699264526,61,62.38537359237671,61,62.41575837135315,61,62.67514204978943,61,62.933024883270264,61,62.96355199813843,61,63.13557744026184,61,63.16617679595947,61,63.19774866104126,61,63.45685172080994,61,63.487634897232056,61,63.772406578063965,61,64.06687498092651,61,64.25390982627869,61,64.52937579154968,61,64.79168915748596,61,64.82214665412903,61,65.00133275985718,61,65.2897961139679,61,65.57131552696228,61,65.85666847229004,61,66.14277839660645,61,66.38939189910889,61,66.67693090438843,61,66.92084550857544,61,67.19812822341919,61,67.27251052856445,61,67.55182838439941,61,67.66473865509033,61,67.69406008720398,61,67.72625756263733,61,67.98936867713928,61,68.16675853729248,61,68.19647526741028,61,68.39157581329346,61,68.67921304702759,61,68.88551902770996,61,69.13031697273254,61,69.36718678474426,61,69.6418821811676,61,69.90882277488708,61,69.94140768051147,61,70.0784158706665,61,70.36964273452759,61,70.60780787467957,61,70.85189294815063,61,70.88242936134338,61,70.99633288383484,61,71.27315545082092,61,71.30286836624146,61,71.57405757904053,61,71.7791166305542,61,71.8120014667511,61,72.07198095321655,61,72.36217594146729,61,72.47279691696167,61,72.65616011619568,61,72.68658256530762,61,72.71784901618958,61,72.9066994190216,61,73.09140038490295,61,73.27010154724121,61,73.45868015289307,61,73.70629715919495,61,73.99414825439453,61,74.02450346946716,61,74.06070590019226,61,74.34170413017273,61,74.37182688713074,61,74.6269223690033,61,74.88085746765137,61,74.91168808937073,61,74.98530435562134,61,75.0158052444458,61,75.27274131774902,61,75.52193212509155,61,75.5524091720581,61,75.630300283432,61,75.9153037071228,61,75.99002695083618,61,76.23560094833374,61,76.48325943946838,61,76.66860270500183,61,76.95177936553955,61,77.20282506942749,61,77.37829303741455,61,77.41521906852722,61,77.66879343986511,61,77.7392373085022,61,77.93524146080017,61,77.96688342094421,61,78.23822069168091,61,78.26964521408081,61,78.50776243209839,61,78.53838038444519,61,78.7992160320282,61,78.83629965782166,61,79.03234076499939,61,79.23675680160522,61,79.26733374595642,61,79.37778854370117,61,79.63268327713013,61,79.66934895515442,61,79.9235692024231,61,80.17158126831055,61,80.32171964645386,61,80.57089281082153,61,80.75023794174194,61,80.779616355896,61,80.95002794265747,61,81.22669005393982,61,81.25783801078796,61,81.52815270423889,61,81.63860702514648,61,81.82965278625488,61,82.02166819572449,61,82.1855251789093,61,82.2223629951477,61,82.512699842453,61,82.69979429244995,61,82.72912549972534,61,83.01270055770874,61,83.27950239181519,61,83.53279900550842,61,83.77961015701294,61,83.96766304969788,61,84.21430993080139,61,84.24477124214172,61,84.27474641799927,61,84.30490946769714,61,84.46451950073242,61,84.65353775024414,61,84.79900598526001,61,84.98881554603577,61,85.2824432849884,61,85.31139397621155,61,85.4990508556366,61,85.77127432823181,61,85.93740892410278,61,86.00863265991211,61,86.25887250900269,61,86.28968095779419,61,86.36076664924622,61,86.39692091941833,61,86.65494394302368,61,86.90833401679993,61,87.11712455749512,61,87.14830732345581,61,87.42411613464355,61,87.67278170585632,61,87.92875361442566,61,88.17809772491455,61,88.21478867530823,61,88.46149826049805,61,88.76231336593628,61,88.96496987342834,61,89.21284675598145,61,89.24267196655273,61,89.3981122970581,61,89.42858171463013,61,89.68610620498657,61,89.88493394851685,61,90.16988730430603,61,90.19928669929504,61,90.45402836799622,61,90.73276782035828,61,90.76325964927673,61,90.94915246963501,61,91.13610100746155,61,91.25112128257751,61,91.50505757331848,61,91.65735745429993,61,91.89414739608765,61,92.17666268348694,61,92.46628022193909,61,92.71735405921936,61,92.74786686897278,61,92.88855862617493,61,93.06150913238525,61,93.0921847820282,61,93.28427386283875,61,93.46013832092285,61,93.49169969558716,61,93.52791976928711,61,93.71320724487305,61,93.82042574882507,61,94.10400032997131,61,94.13335657119751,61,94.16365909576416,61,94.34426188468933,61,94.38098955154419,61,94.52437829971313,61,94.7089638710022,61,94.85255765914917,61,95.02224254608154,61,95.16392397880554,61,95.34541296958923,61,95.51456141471863,61,95.62901830673218,61,95.90079355239868,61,95.9794054031372,61,96.22625803947449,61,96.25633358955383,61,96.28664302825928,61,96.31711435317993,61,96.57345151901245,61,96.86300992965698,61,97.1239128112793,61,97.38556599617004,61,97.63015794754028,61,97.659419298172,61,97.93250584602356,61,98.1016755104065,61,98.38474869728088,61,98.57673645019531,61,98.60720300674438,61,98.81341171264648,61,98.84357118606567,61,98.87960457801819,61,99.13730430603027,61,99.39182305335999,61,99.56231355667114,61,99.83847427368164,61,99.8698217868805,61,100.04527926445007,61,100.31981110572815,61,100.50321245193481,61,100.67892146110535,61,100.70992851257324,61,100.87331986427307,61,100.90556621551514,61,101.15403199195862,61,101.42613339424133,61,101.5950117111206,61,101.83393931388855,61,101.87034845352173,61,102.12152171134949,61,102.31878352165222,61,102.57593536376953,61,102.87081551551819,61,103.12518310546875,61,103.40054869651794,61,103.43284153938293,61,103.69702315330505,61,103.94408392906189,61,103.97446417808533,61,104.08857560157776,61,104.11987471580505,61,104.25314474105835,61,104.28384685516357,61,104.4683620929718,61,104.65482115745544,61,104.93298697471619,61,105.17893600463867,61,105.4593026638031,61,105.65543246269226,61,105.90480065345764,61,106.15531301498413,61,106.40357637405396,61,106.64532279968262,61,106.8373634815216,61,107.09143209457397,61,107.36372232437134,61,107.55180096626282,61,107.83639645576477,61,108.10739827156067,61,108.36336469650269,61,108.53269076347351,61,108.79792428016663,61,109.05197715759277,61,109.30183720588684,61,109.45472621917725,61,109.62705206871033,61,109.6566801071167,61,109.91006779670715,61,110.18322563171387,61,110.21537804603577,61,110.49496531486511,61,110.73988914489746,61,111.02715516090393,61,111.3029146194458,61,111.58614373207092,61,111.85897517204285,61,112.09394311904907,61,112.262864112854,61,112.43664240837097,61,112.68409299850464,61,112.95297598838806,61,113.23514199256897,61,113.26608800888062,61,113.29513454437256,61,113.54065608978271,61,113.79189801216125,61,113.822744846344,61,114.10067892074585,61,114.39355683326721,61,114.58853006362915,61,114.84094953536987,61,115.12195801734924,61,115.36621260643005,61,115.51467776298523,61,115.68234395980835,61,115.71872401237488,61,115.9695885181427,61,116.22558522224426,61,116.25648593902588,61,116.50785374641418,61,116.68494319915771,61,116.96194052696228,61,117.25027251243591,61,117.52133393287659,61,117.55183148384094,61,117.80725359916687,61,117.8386013507843,61,118.02636766433716,61,118.29773545265198,61,118.4825370311737,61,118.67163014411926,61,118.92486047744751,61,119.19044327735901,61,119.43247723579407,61,119.66899681091309,61,119.69906282424927,61,119.9679114818573,61,120.21435308456421,61,120.46856808662415,61,120.71145796775818,61,121.00287461280823,61,121.03956532478333,61,121.0712480545044,61,121.1020896434784,61,121.38004517555237,61,121.41044592857361,61,121.71079540252686,61,121.82157301902771,61,122.10251998901367,61,122.13938236236572,61,122.40951895713806,61,122.59501099586487,61,122.84011197090149,61,122.87061548233032,61,123.10987520217896,61,123.29759907722473,61,123.36830425262451,61,123.56160521507263,61,123.74644231796265,61,124.02509808540344,61,124.28099465370178,61,124.55419254302979,61,124.73511409759521,61,125.01501774787903,61,125.18268775939941,61,125.46381425857544,61,125.65074157714844,61,125.92276740074158,61,126.19134020805359,61,126.22178244590759,61,126.36546468734741,61,126.6402108669281,61,126.89594721794128,61,127.18344736099243,61,127.36799716949463,61,127.55057859420776,61,127.79022693634033,61,128.07015872001648,61,128.10072922706604,61,128.13266849517822,61,128.3891623020172,61,128.63788652420044,61,128.6679186820984,61,128.92475605010986,61,129.1756193637848,61,129.4564528465271,61,129.70788884162903,61,129.8790078163147,61,130.06811237335205,61,130.23915195465088,61,130.4925775527954,61,130.67399978637695,61,130.92986011505127,61,131.18882393836975,61,131.37208485603333,61,131.66427326202393,61,131.90206909179688,61,132.09540629386902,61,132.35336256027222,61,132.46716260910034,61,132.71745705604553,61,132.90677309036255,61,133.07783889770508,61,133.35258841514587,61,133.6055691242218,61,133.8548126220703,61,134.04402542114258,61,134.31911635398865,61,134.34981298446655,61,134.52983903884888,61,134.83576655387878,61,134.87254071235657,61,135.01298689842224,61,135.0452527999878,61,135.32145810127258,61,135.5123302936554,61,135.68243646621704,61,135.9461784362793,61,136.20319414138794,61,136.39108967781067,61,136.42178964614868,61,136.6925208568573,61,136.97381567955017,61,137.1590690612793,61,137.40507340431213,61,137.66022062301636,61,137.84109807014465,61,138.1175878047943,61,138.38956570625305,61,138.5587019920349,61,138.80664229393005,61,138.837167263031,61,138.86622095108032,61,139.05122423171997,61,139.3435516357422,61,139.37440538406372,61,139.6207435131073,61,139.65155839920044,61,139.84155941009521,61,140.08655452728271,61,140.21976923942566,61,140.40650343894958,61,140.53935861587524,61,140.78445291519165,61,140.81509256362915,61,141.0874536037445,61,141.3463637828827,61,141.52891635894775,61,141.78476238250732,61,142.02713203430176,61,142.13476181030273,61,142.31999850273132,61,142.5684938430786,61,142.75920796394348,61,143.00933265686035,61,143.24699211120605,61,143.4332640171051,61,143.71299290657043,61,143.96529364585876,61,144.14763855934143,61,144.33917498588562,61,144.53277850151062,61,144.56298804283142,61,144.83794617652893,61,145.02963089942932,61,145.06065392494202,61,145.0925624370575,61,145.3340916633606,61,145.60825729370117,61,145.8949761390686,61,145.93129658699036,61,146.1268286705017,61,146.37070488929749,61,146.40096998214722,61,146.64973068237305,61,146.84112977981567,61,147.12710452079773,61,147.39533638954163,61,147.51138591766357,61,147.68336033821106,61,147.85446953773499,61,148.142418384552,61,148.3367738723755,61,148.3727355003357,61,148.40316700935364,61,148.65184926986694,61,148.68821334838867,61,148.9424693584442,61,149.12914443016052,61,149.3179223537445,61,149.55573797225952,61,149.59221720695496,61,149.86131620407104,61,150.12674236297607,61,150.16367936134338,61,150.19400787353516,61,150.48154473304749,61,150.65035343170166,61,150.6867344379425,61,150.80351328849792,61,150.98921275138855,61,151.0624668598175,61,151.25819039344788,61,151.441082239151,61,151.709862947464,61,151.98416805267334,61,152.02079844474792,61,152.28506994247437,61,152.52163434028625,61,152.55193305015564,61,152.72169995307922,61,152.9092435836792,61,152.93906688690186,61,153.18942284584045,61,153.36872363090515,61,153.6439654827118,61,153.93317246437073,61,154.20818853378296,61,154.2406520843506,61,154.53172063827515,61,154.7871036529541,61,154.9763572216034,61,155.23761677742004,61,155.5321717262268,61,155.7879536151886,61,156.0483922958374,61,156.19204473495483,61,156.22303366661072,61,156.25408911705017,61,156.52773880958557,61,156.67063522338867,61,156.8150074481964,61,156.84593272209167,61,157.1158046722412,61,157.36371088027954,61,157.54498267173767,61,157.82014966011047,61,158.09471654891968,61,158.261780500412,61,158.51308155059814,61,158.74965715408325,61,159.0284366607666,61,159.19279265403748,61,159.4465959072113,61,159.63370966911316,61,159.92096090316772,61,160.2031443119049,61,160.2333688735962,61,160.40265655517578,61,160.4336953163147,61,160.68478894233704,61,160.86527252197266,61,161.11085510253906,61,161.14126658439636,61,161.17018008232117,61,161.34416246414185,61,161.59955644607544,61,161.74335479736328,61,161.77385354042053,61,162.05174493789673,61,162.21634602546692,61,162.2872393131256,61,162.48847079277039,61,162.68186616897583,61,162.71222949028015,61,162.9969334602356,61,163.2691068649292,61,163.56053400039673,61,163.80437469482422,61,164.0758547782898,61,164.2661542892456,61,164.2967712879181,61,164.54541778564453,61,164.82841634750366,61,165.0268189907074,61,165.05886888504028,61,165.1951141357422,61,165.44205784797668,61,165.62430477142334,61,165.9034583568573,61,166.16210675239563,61,166.3518877029419,61,166.52349066734314,61,166.80572986602783,61,167.09123849868774,61,167.35080337524414,61,167.62391138076782,61,167.7711591720581,61,168.0554940700531,61,168.30998969078064,61,168.34156227111816,61,168.59891414642334,61,168.76677227020264,61,169.04623913764954,61,169.303368806839,61,169.33395409584045,61,169.518408536911,61,169.55498266220093,61,169.7465808391571,61,169.77874612808228,61,170.06388688087463,61,170.29872465133667,61,170.57274055480957,61,170.75205492973328,61,170.93640637397766,61,171.18143963813782,61,171.35254168510437,61,171.5478458404541,61,171.57821536064148,61,171.84916615486145,61,171.8798372745514,61,172.1247799396515,61,172.31764006614685,61,172.57077264785767,61,172.60159301757812,61,172.89487266540527,61,173.08251690864563,61,173.35826754570007,61,173.61591792106628,61,173.87117528915405,61,174.05963444709778,61,174.17057728767395,61,174.3564898967743,61,174.59708428382874,61,174.6269392967224,61,174.6569995880127,61,174.90857481956482,61,174.9827983379364,61,175.15548753738403,61,175.4493546485901,61,175.61640858650208,61,175.87023496627808,61,176.10562109947205,61,176.3550305366516,61,176.64562392234802,61,176.915593624115,61,177.17157912254333,61,177.36053681373596,61,177.6342339515686,61,177.80917811393738,61,177.99434423446655,61,178.02380204200745,61,178.30455040931702,61,178.44621634483337,61,178.47742414474487,61,178.50793313980103,61,178.76103901863098,61,178.93991899490356,61,178.97095680236816,61,179.16306948661804,61,179.44069170951843,61,179.57486414909363,61,179.86463594436646,61,180.14699244499207,61,180.28963541984558,61,180.4704942703247,61,180.70845246315002,61,180.89930534362793,61,181.10940957069397,61,181.40555047988892,61,181.43605732917786,61,181.6871838569641,61,181.9866967201233,61,182.01628017425537,61,182.0480387210846,61,182.1576385498047,61,182.45699834823608,61,182.74207496643066,61,182.9298346042633,61,183.17730164527893,61,183.4685914516449,61,183.75986981391907,61,183.79198288917542,61,183.9802668094635,61,184.23519015312195,61,184.49287486076355,61,184.76520323753357,61,184.894136428833,61,185.16189742088318,61,185.33286833763123,61,185.56945180892944,61,185.84398221969604,61,185.9874782562256,61,186.0180537700653,61,186.04808497428894,61,186.21719074249268,61,186.36451745033264,61,186.3949978351593,61,186.5848114490509,61,186.82342219352722,61,187.01698422431946,61,187.18066716194153,61,187.35866403579712,61,187.54334378242493,61,187.5739459991455,61,187.84766721725464,61,188.03800249099731,61,188.29420590400696,61,188.48449754714966,61,188.74138927459717,61,188.8122639656067,61,188.84375,61,189.01506686210632,61,189.04441690444946,61,189.3012752532959,61,189.3331971168518,61,189.50628280639648,61,189.6973090171814,61,189.93853497505188,61,190.19403314590454,61,190.50301790237427,61,190.61980295181274,61,190.80064368247986,61,191.05353093147278,61,191.2492389678955,61,191.5029947757721,61,191.5815451145172,61,191.61176323890686,61,191.6427230834961,61,191.67328143119812,61,191.79200625419617,61,192.06998348236084,61,192.2122814655304,61,192.38522839546204,61,192.65422105789185,61,192.72572422027588,61,192.97379851341248,61,193.1208930015564,61,193.28866052627563,61,193.54428505897522,61,193.82074213027954,61,194.0927860736847,61,194.12933325767517,61,194.29281401634216,61,194.55089616775513,61,194.83259224891663,61,194.9878385066986,61,195.13263034820557,61,195.37016773223877,61,195.67066526412964,61,195.90440917015076,61,196.08031296730042,61,196.2290904521942,61,196.41579818725586,61,196.4448697566986,61,196.70981359481812,61,197.00089025497437,61,197.26533317565918,61,197.51462173461914,61,197.79930448532104,61,198.0929856300354,61,198.21066212654114,61,198.2411503791809,61,198.41115355491638,61,198.55630731582642,61,198.7374062538147,61,198.76881074905396,61,198.79914665222168,61,198.90672492980957,61,199.17245173454285,61,199.35700058937073,61,199.63564944267273,61,199.91033911705017,61,200.18331265449524,61,200.45607256889343,61,200.71397233009338,61,200.74542021751404,61,200.85659742355347,61,200.88585329055786,61,201.07900762557983,61,201.264319896698,61,201.51421689987183,61,201.80751967430115,61,201.99715614318848,61,202.16519570350647,61,202.1944077014923,61,202.43202114105225,61,202.61369395256042,61,202.64458227157593,61,202.93354201316833,61,203.18101525306702,61,203.32703924179077,61,203.3579490184784,61,203.38845229148865,61,203.57967448234558,61,203.60986948013306,61,203.63882660865784,61,203.89398431777954,61,203.92553305625916,61,204.178364276886,61,204.2091202735901,61,204.36803531646729,61,204.55397653579712,61,204.84157609939575,61,205.02429151535034,61,205.2012095451355,61,205.38634586334229,61,205.46138429641724,61,205.71102905273438,61,206.0133454799652,61,206.18451857566833,61,206.35539412498474,61,206.43153381347656,61,206.619225025177,61,206.86220598220825,61,207.1219606399536,61,207.4178113937378,61,207.65561270713806,61,207.7245318889618,61,207.92008018493652,61,208.15626406669617,61,208.18573141098022,61,208.46339225769043,61,208.64464497566223,61,208.75642466545105,61,209.00789785385132,61,209.08182334899902,61,209.2595624923706,61,209.448175907135,61,209.47880911827087,61,209.72555828094482,61,209.84114408493042,61,210.1138153076172,61,210.35730648040771,61,210.49965620040894,61,210.7879421710968,61,211.03841996192932,61,211.28316497802734,61,211.4576563835144,61,211.699280500412,61,211.9709153175354,61,212.25781512260437,61,212.2879295349121,61,212.45786571502686,61,212.64974522590637,61,212.81860399246216,61,212.93556952476501,61,213.10725665092468,61,213.27405738830566,61,213.44737935066223,61,213.69597840309143,61,213.87664437294006,61,214.06724405288696,61,214.21088242530823,61,214.46709656715393,61,214.60754823684692,61,214.8492407798767,61,214.9689483642578,61,215.00014448165894,61,215.2574119567871,61,215.28916811943054,61,215.5261926651001,61,215.77549171447754,61,215.917090177536,61,216.109299659729,61,216.13943719863892,61,216.39920854568481,61,216.5956060886383,61,216.87372469902039,61,217.13675618171692,61,217.32023525238037,61,217.50529050827026,61,217.78920006752014,61,218.06508779525757,61,218.3055775165558,61,218.4904568195343,61,218.66152381896973,61,218.82904958724976,61,219.07804799079895,61,219.10965991020203,61,219.2953610420227,61,219.546213388443,61,219.7997546195984,61,220.09636878967285,61,220.2770516872406,61,220.54918789863586,61,220.82915616035461,61,221.11128044128418,61,221.36056923866272,61,221.61630749702454,61,221.802987575531,61,221.8336935043335,61,222.08268570899963,61,222.25236558914185,61,222.3848695755005,61,222.4158902168274,61,222.67029118537903,61,222.7002203464508,61,222.73115825653076,61,223.0095293521881,61,223.29240894317627,61,223.59178113937378,61,223.62875843048096,61,223.87146973609924,61,224.0379102230072,61,224.17894959449768,61,224.209459066391,61,224.40247464179993,61,224.58982133865356,61,224.86195492744446,61,224.89293336868286,61,225.00555562973022,61,225.27929043769836,61,225.55113172531128,61,225.74482536315918,61,225.99699091911316,61,226.25518107414246,61,226.32372760772705,61,226.56773161888123,61,226.8565354347229,61,226.88740181922913,61,227.1499924659729,61,227.33246731758118,61,227.6245939731598,61,227.8982448577881,61,227.93071746826172,61,227.96120166778564,61,227.99166536331177,61,228.23825407028198,61,228.4767837524414,61,228.51318979263306,61,228.79833912849426,61,228.98222064971924,61,229.01943063735962,61,229.09354853630066,61,229.288738489151,61,229.32034850120544,61,229.56788420677185,61,229.64211297035217,61,229.9021553993225,61,230.09599232673645,61,230.12651252746582,61,230.37719440460205,61,230.65347528457642,61,230.90903234481812,61,230.94061493873596,61,230.97106766700745,61,231.00044202804565,61,231.28832602500916,61,231.56333947181702,61,231.84889698028564,61,231.96003794670105,61,232.21779537200928,61,232.3535861968994,61,232.62829756736755,61,232.87416052818298,61,232.90472555160522,61,232.93521666526794,61,232.96558499336243,61,233.21820330619812,61,233.3858253955841,61,233.6326093673706,61,233.81842422485352,61,234.00103521347046,61,234.26892161369324,61,234.5320930480957,61,234.64715313911438,61,234.83047437667847,61,235.01321935653687,61,235.0839695930481,61,235.34019947052002,61,235.4516909122467,61,235.70321035385132,61,235.89667749404907,61,235.96922993659973,61,235.99954652786255,61,236.28292775154114,61,236.535897731781,61,236.7253966331482,61,236.96938157081604,61,237.10581707954407,61,237.39148020744324,61,237.53758144378662,61,237.81118750572205,61,238.08114004135132,61,238.3526427745819,61,238.60781455039978,61,238.79707503318787,61,238.8712136745453,61,238.90330243110657,61,238.93452835083008,61,239.1119327545166,61,239.14226055145264,61,239.17243838310242,61,239.4242491722107,61,239.67861461639404,61,239.715261220932,61,239.74521327018738,61,239.81259608268738,61,239.93693447113037,61,240.10985279083252,61,240.18604445457458,61,240.47823429107666,61,240.74696898460388,61,241.02901530265808,61,241.28069281578064,61,241.4544370174408,61,241.71250081062317,61,241.87923288345337,61,242.15666270256042,61,242.19317412376404,61,242.4636423587799,61,242.638680934906,61,242.6691415309906,61,242.74394941329956,61,242.7750539779663,61,242.80554628372192,61,242.99044013023376,61,243.2604365348816,61,243.51243782043457,61,243.76332306861877,61,244.0187406539917,61,244.2054889202118,61,244.46216797828674,61,244.49266457557678,61,244.76585245132446,61,244.9509871006012,61,244.9830048084259,61,245.12985944747925,61,245.3704388141632,61,245.6315996646881,61,245.8146252632141,61,245.95965766906738,61,246.12969493865967,61,246.16009068489075,61,246.33269429206848,61,246.52552318572998,61,246.69015407562256,61,246.9482204914093,61,247.21219968795776,61,247.24275994300842,61,247.3879325389862,61,247.41929507255554,61,247.6082730293274,61,247.63838052749634,61,247.78787088394165,61,248.07134246826172,61,248.32262110710144,61,248.49309086799622,61,248.53045558929443,61,248.66319513320923,61,248.69346714019775,61,248.72370600700378,61,248.7539963722229,61,249.0465476512909,61,249.07662868499756,61,249.34840774536133,61,249.52055144309998,61,249.55685997009277,61,249.82664847373962,61,250.0772454738617,61,250.2598967552185,61,250.5328233242035,61,250.80943131446838,61,251.06476545333862,61,251.36209964752197,61,251.61667561531067,61,251.80319023132324,61,252.0779845714569,61,252.24392104148865,61,252.27477097511292,61,252.55690598487854,61,252.58757376670837,61,252.61965131759644,61,252.86739659309387,61,252.89822626113892,61,252.92949533462524,61,252.9658944606781,61,253.20367169380188,61,253.45722460746765,61,253.70719861984253,61,253.73756790161133,61,253.76815629005432,61,254.03811621665955,61,254.3019256591797,61,254.44687128067017,61,254.4777581691742,61,254.667062997818,61,254.7037923336029,61,254.73422050476074,61,254.76477074623108,61,255.02557945251465,61,255.26155042648315,61,255.5170693397522,61,255.77476978302002,61,255.80572199821472,61,255.994042634964,61,256.2744379043579,61,256.4627101421356,61,256.494012594223,61,256.74751114845276,61,256.7780919075012,61,257.03343391418457,61,257.28026151657104,61,257.5406904220581,61,257.82289361953735,61,257.852986574173,61,257.8836145401001,61,258.1530478000641,61,258.3476209640503,61,258.60759449005127,61,258.879189491272,61,258.91079449653625,61,258.9398367404938,61,259.23606157302856,61,259.42510056495667,61,259.6992039680481,61,259.72982478141785,61,259.86901903152466,61,259.8993709087372,61,260.1716432571411,61,260.2021851539612,61,260.3728013038635,61,260.6301267147064,61,260.90604043006897,61,261.18942761421204,61,261.2203333377838,61,261.33451795578003,61,261.59272861480713,61,261.62543773651123,61,261.65477228164673,61,261.9341070652008,61,261.9645757675171,61,261.99569845199585,61,262.27332639694214,61,262.5230610370636,61,262.7805268764496,61,263.07474994659424,61,263.1049129962921,61,263.3420715332031,61,263.53422951698303,61,263.5641462802887,61,263.83407378196716,61,264.1264395713806,61,264.3704421520233,61,264.55014872550964,61,264.84602999687195,61,265.0989248752594,61,265.28779649734497,61,265.3190405368805,61,265.34958243370056,61,265.5483202934265,61,265.72804713249207,61,265.9783296585083,61,266.00905179977417,61,266.30456924438477,61,266.49468660354614,61,266.5238928794861,61,266.55418372154236,61,266.797500371933,61,266.82665514945984,61,267.1151456832886,61,267.37456607818604,61,267.5117540359497,61,267.6937551498413,61,267.80333065986633,61,267.8338050842285,61,268.0871424674988,61,268.11784958839417,61,268.3900067806244,61,268.4211747646332,61,268.55672788619995,61,268.5870819091797,61,268.85309076309204,61,269.04721331596375,61,269.23663091659546,61,269.34930658340454,61,269.51417326927185,61,269.7602460384369,61,269.9507155418396,61,270.12494802474976,61,270.4165141582489,61,270.44680190086365,61,270.7285842895508,61,270.9136755466461,61,271.16247940063477,61,271.3388087749481,61,271.5854194164276,61,271.7614736557007,61,272.01744294166565,61,272.0495581626892,61,272.23742866516113,61,272.2680060863495,61,272.4472920894623,61,272.7211661338806,61,272.8912239074707,61,273.14619994163513,61,273.40088629722595,61,273.67881774902344,61,273.70937967300415,61,273.7395935058594,61,273.98910760879517,61,274.26139998435974,61,274.334668636322,61,274.3667573928833,61,274.64860820770264,61,274.9034035205841,61,275.16948533058167,61,275.42520809173584,61,275.6044955253601,61,275.74948263168335,61,275.89533829689026,61,276.18444204330444,61,276.21495151519775,61,276.245050907135,61,276.5164759159088,61,276.55279302597046,61,276.6313886642456,61,276.7443947792053,61,277.0173673629761,61,277.2773230075836,61,277.55230808258057,61,277.8305220603943,61,278.0812714099884,61,278.3385560512543,61,278.36918592453003,61,278.53753638267517,61,278.8377389907837,61,278.86925172805786,61,278.89962124824524,61,278.93038034439087,61,278.96010088920593,61,279.14296531677246,61,279.441650390625,61,279.7016439437866,61,279.8480153083801,61,279.8851637840271,61,280.06797766685486,61,280.3071882724762,61,280.450984954834,61,280.7352523803711,61,280.76599407196045,61,281.05422163009644,61,281.3170750141144,61,281.4880669116974,61,281.6215834617615,61,281.7433514595032,61,281.99509048461914,61,282.273738861084,61,282.5703094005585,61,282.75714588165283,61,282.9255383014679,61,282.9550039768219,61,283.24406719207764,61,283.274564743042,61,283.3040804862976,61,283.57825541496277,61,283.8190813064575,61,283.8559322357178,61,283.9333155155182,61,284.2076997756958,61,284.23803424835205,61,284.5297393798828,61,284.6995162963867,61,284.97852778434753,61,285.1729383468628,61,285.4201009273529,61,285.4521396160126,61,285.64039850234985,61,285.8351171016693,61,286.02273511886597,61,286.3136878013611,61,286.46022868156433,61,286.7238509654999,61,286.8351504802704,61,287.09638261795044,61,287.23962473869324,61,287.41342782974243,61,287.4867467880249,61,287.6524555683136,61,287.841356754303,61,288.12730145454407,61,288.3728098869324,61,288.54195165634155,61,288.82402324676514,61,288.99049949645996,61,289.02062821388245,61,289.212078332901,61,289.45848965644836,61,289.5764009952545,61,289.7494270801544,61,289.7821271419525,61,289.8135235309601,61,289.8433334827423,61,289.8735189437866,61,290.0088369846344,61,290.1789495944977,61,290.45921301841736,61,290.71503615379333,61,290.8264651298523,61,291.0798006057739,61,291.3607187271118,61,291.3919575214386,61,291.57254552841187,61,291.6025450229645,61,291.7857220172882,61,291.8165657520294,61,291.98742842674255,61,292.15823769569397,61,292.1892294883728,61,292.22621393203735,61,292.4759166240692,61,292.50667905807495,61,292.7881429195404,61,292.9304132461548,61,293.1772937774658,61,293.422828912735,61,293.6751570701599,61,293.8543086051941,61,294.04629349708557,61,294.34285831451416,61,294.599116563797,61,294.74316477775574,61,294.77248072624207,61,294.80282974243164,61,295.09673595428467,61,295.21162962913513,61,295.5083146095276,61,295.7491011619568,61,295.778582572937,61,295.81024980545044,61,295.99618101119995,61,296.2803728580475,61,296.55938267707825,61,296.814902305603,61,296.99995613098145,61,297.26476645469666,61,297.5149390697479,61,297.78786277770996,61,298.02532267570496,61,298.1987781524658,61,298.4678409099579,61,298.60605812072754,61,298.78310227394104,61,299.0264422893524,61,299.28762769699097,61,299.46383023262024,61,299.7328715324402,61,299.92177629470825,61,300.01732087135315
2,random graphs/big_layer/r1.5k12n8/graph2.lgbin,1268,278.8472099304199,39,109,0,55,0.28906702995300293,41,0.4867105484008789,39,0.5439920425415039,39,0.7270476818084717,39,0.9565083980560303,39,1.1298620700836182,39,1.1663742065429688,39,1.200711965560913,39,1.4610462188720703,39,1.4952733516693115,39,1.7389390468597412,39,1.899831771850586,39,2.1690311431884766,39,2.392622470855713,39,2.6337954998016357,39,2.8460826873779297,39,3.036292552947998,39,3.2669169902801514,39,3.47145938873291,39,3.706122636795044,39,3.9170777797698975,39,3.953503370285034,39,4.156070709228516,39,4.3706581592559814,39,4.569780349731445,39,4.802746534347534,39,5.0127034187316895,39,5.299156665802002,39,5.522687196731567,39,5.557602882385254,39,5.7816736698150635,39,5.816449165344238,39,6.0332794189453125,39,6.067669868469238,39,6.283019781112671,39,6.438230752944946,39,6.661284446716309,39,6.8616673946380615,39,7.1280810832977295,39,7.341890573501587,39,7.545105695724487,39,7.752580642700195,39,7.9917402267456055,39,8.221717119216919,39,8.443230628967285,39,8.477892637252808,39,8.679530143737793,39,8.862280130386353,39,9.074583530426025,39,9.290867328643799,39,9.53419542312622,39,9.69781756401062,39,9.90944790840149,39,10.173516988754272,39,10.394357919692993,39,10.538489580154419,39,10.824285507202148,39,11.038793563842773,39,11.26504397392273,39,11.528724908828735,39,11.811102867126465,39,12.066783905029297,39,12.263553380966187,39,12.46811056137085,39,12.665958881378174,39,12.886487007141113,39,13.063310623168945,39,13.306120157241821,39,13.472513675689697,39,13.507639169692993,39,13.552318334579468,39,13.749553918838501,39,13.944225549697876,39,13.978596448898315,39,14.012866973876953,39,14.190448760986328,39,14.225653648376465,39,14.408339500427246,39,14.598705291748047,39,14.763569355010986,39,14.993091106414795,39,15.028878688812256,39,15.066152095794678,39,15.326412677764893,39,15.523038387298584,39,15.750503301620483,39,15.929487705230713,39,16.079625129699707,39,16.261762857437134,39,16.30210828781128,39,16.33845806121826,39,16.37506914138794,39,16.516155242919922,39,16.70191717147827,39,16.737517833709717,39,16.77182674407959,39,16.80863857269287,39,16.99286985397339,39,17.23885178565979,39,17.387182474136353,39,17.543036699295044,39,17.74793815612793,39,17.935808658599854,39,18.16153836250305,39,18.384256601333618,39,18.608148336410522,39,18.795207977294922,39,18.983158826828003,39,19.156114101409912,39,19.416205883026123,39,19.453476190567017,39,19.62474751472473,39,19.844902515411377,39,20.023521661758423,39,20.289642333984375,39,20.455861568450928,39,20.653005123138428,39,20.870538234710693,39,21.04450273513794,39,21.08061695098877,39,21.2996768951416,39,21.517096757888794,39,21.75725769996643,39,21.791831016540527,39,22.0163414478302,39,22.212501049041748,39,22.41870951652527,39,22.687373161315918,39,22.90269947052002,39,23.102609634399414,39,23.13724136352539,39,23.396003007888794,39,23.608267068862915,39,23.64473247528076,39,23.84864902496338,39,24.0733904838562,39,24.27812957763672,39,24.312363386154175,39,24.493962287902832,39,24.698341131210327,39,24.73249101638794,39,24.96036672592163,39,25.000780820846558,39,25.215402126312256,39,25.419018983840942,39,25.697818756103516,39,25.957303524017334,39,26.09513783454895,39,26.30304527282715,39,26.51629400253296,39,26.70668864250183,39,26.741110801696777,39,26.95251226425171,39,27.136037588119507,39,27.170405626296997,39,27.39311456680298,39,27.63356637954712,39,27.8353488445282,39,28.00874400138855,39,28.22313928604126,39,28.451918125152588,39,28.679944038391113,39,28.71422815322876,39,28.94855308532715,39,28.98871922492981,39,29.248944759368896,39,29.476070642471313,39,29.510772466659546,39,29.54487633705139,39,29.763007879257202,39,30.018369913101196,39,30.211618185043335,39,30.447592973709106,39,30.696579456329346,39,30.90139889717102,39,31.127363681793213,39,31.360578536987305,39,31.5823712348938,39,31.616973161697388,39,31.82030749320984,39,32.00253105163574,39,32.25991129875183,39,32.49332785606384,39,32.71539282798767,39,32.9171667098999,39,33.12232446670532,39,33.325165033340454,39,33.503228425979614,39,33.63744139671326,39,33.855852127075195,39,34.085195779800415,39,34.31485342979431,39,34.34948945045471,39,34.54352378845215,39,34.76825523376465,39,34.81319808959961,39,35.09011197090149,39,35.28299164772034,39,35.49740791320801,39,35.644444704055786,39,35.88031888008118,39,35.91617298126221,39,36.12945771217346,39,36.32657480239868,39,36.363553524017334,39,36.605921030044556,39,36.81491780281067,39,36.84969449043274,39,37.021368741989136,39,37.24860906600952,39,37.40795183181763,39,37.56751251220703,39,37.76790690422058,39,37.8024480342865,39,38.004674196243286,39,38.20607948303223,39,38.380393505096436,39,38.41668701171875,39,38.6396906375885,39,38.67679190635681,39,38.88968253135681,39,39.127474308013916,39,39.33771538734436,39,39.51715064048767,39,39.55462312698364,39,39.588804960250854,39,39.84413528442383,39,40.02180290222168,39,40.21935749053955,39,40.36430883407593,39,40.56176733970642,39,40.82009434700012,39,40.96719551086426,39,41.24387168884277,39,41.46984601020813,39,41.50422430038452,39,41.73271346092224,39,41.954378604888916,39,42.10719704627991,39,42.31594228744507,39,42.49724864959717,39,42.748164892196655,39,42.94938778877258,39,43.17787027359009,39,43.39760899543762,39,43.61823511123657,39,43.80054306983948,39,44.058850049972534,39,44.29956841468811,39,44.48204207420349,39,44.51837348937988,39,44.553656339645386,39,44.81184434890747,39,45.024420976638794,39,45.25019431114197,39,45.46172308921814,39,45.73837685585022,39,45.930999994277954,39,46.07805824279785,39,46.24242877960205,39,46.45827603340149,39,46.660659074783325,39,46.89782190322876,39,47.164743185043335,39,47.36309766769409,39,47.50591564178467,39,47.72454071044922,39,47.959956645965576,39,48.185141801834106,39,48.38942313194275,39,48.607356548309326,39,48.82375931739807,39,49.04159164428711,39,49.30690264701843,39,49.53595972061157,39,49.57243633270264,39,49.843505859375,39,49.87895321846008,39,49.913344383239746,39,50.088350772857666,39,50.369038105010986,39,50.53678226470947,39,50.57367539405823,39,50.78445029258728,39,50.986506938934326,39,51.19770097732544,39,51.44143271446228,39,51.66827058792114,39,51.85190677642822,39,52.06285214424133,39,52.204245805740356,39,52.39121389389038,39,52.6226122379303,39,52.85059332847595,39,53.000619411468506,39,53.034873723983765,39,53.26138758659363,39,53.29678297042847,39,53.53175473213196,39,53.69834852218628,39,53.87950825691223,39,53.91401815414429,39,54.13502883911133,39,54.36326742172241,39,54.5725781917572,39,54.80306649208069,39,54.83794045448303,39,55.03665494918823,39,55.3217978477478,39,55.5187304019928,39,55.70267415046692,39,55.91775131225586,39,56.137555837631226,39,56.360480546951294,39,56.546836137771606,39,56.58253717422485,39,56.74252486228943,39,56.906625509262085,39,57.170048236846924,39,57.33810472488403,39,57.37482833862305,39,57.54215741157532,39,57.73292684555054,39,57.9670991897583,39,58.169859647750854,39,58.38982653617859,39,58.425596475601196,39,58.59839105606079,39,58.63276290893555,39,58.66754961013794,39,58.84310841560364,39,59.11550736427307,39,59.336403131484985,39,59.513755083084106,39,59.73429775238037,39,59.93455910682678,39,60.187416315078735,39,60.387367725372314,39,60.42321181297302,39,60.457404136657715,39,60.694101095199585,39,60.8553671836853,39,61.08216643333435,39,61.29661297798157,39,61.4968159198761,39,61.727168560028076,39,61.95248198509216,39,61.99728727340698,39,62.198583364486694,39,62.399415493011475,39,62.57540988922119,39,62.7554612159729,39,62.95510530471802,39,63.154749393463135,39,63.30158805847168,39,63.50674796104431,39,63.690760374069214,39,63.937891483306885,39,63.973958253860474,39,64.20076417922974,39,64.40370869636536,39,64.67537760734558,39,64.71111416816711,39,64.89102959632874,39,65.10876607894897,39,65.31058382987976,39,65.55290818214417,39,65.77088165283203,39,66.01425170898438,39,66.21579384803772,39,66.42808103561401,39,66.65754890441895,39,66.69413876533508,39,66.87129402160645,39,67.07142329216003,39,67.21407222747803,39,67.4655966758728,39,67.67438697814941,39,67.82659363746643,39,67.86657857894897,39,68.06442832946777,39,68.09967136383057,39,68.2393102645874,39,68.45325922966003,39,68.6817696094513,39,68.94152641296387,39,69.16400480270386,39,69.30600166320801,39,69.53666377067566,39,69.57127833366394,39,69.60754251480103,39,69.80274510383606,39,70.01727724075317,39,70.28110027313232,39,70.50767922401428,39,70.73825645446777,39,70.94412970542908,39,71.14596319198608,39,71.42688155174255,39,71.64925599098206,39,71.6838891506195,39,71.86818027496338,39,72.0937991142273,39,72.26424598693848,39,72.47918438911438,39,72.68284606933594,39,72.89391541481018,39,73.12336349487305,39,73.3628203868866,39,73.56609106063843,39,73.60082411766052,39,73.76968693733215,39,73.96091270446777,39,74.19108939170837,39,74.3975260257721,39,74.43260908126831,39,74.67812132835388,39,74.89901161193848,39,75.12486028671265,39,75.35506939888,39,75.57236671447754,39,75.83383870124817,39,76.04775810241699,39,76.08344578742981,39,76.29102182388306,39,76.52856421470642,39,76.70307350158691,39,76.86626768112183,39,77.10074377059937,39,77.32596921920776,39,77.54363989830017,39,77.7408549785614,39,77.9728274345398,39,78.13653826713562,39,78.36576676368713,39,78.57581686973572,39,78.78833150863647,39,78.97214961051941,39,79.20451545715332,39,79.402272939682,39,79.43689203262329,39,79.67103552818298,39,79.8972008228302,39,80.07232785224915,39,80.22505927085876,39,80.25945043563843,39,80.52023935317993,39,80.55476427078247,39,80.69355702400208,39,80.91231608390808,39,81.14772343635559,39,81.3716356754303,39,81.559011220932,39,81.81892561912537,39,82.07880544662476,39,82.35483455657959,39,82.57936120033264,39,82.79072332382202,39,82.8262619972229,39,83.0554871559143,39,83.09028005599976,39,83.29653882980347,39,83.54780292510986,39,83.76860213279724,39,83.97915816307068,39,84.14405846595764,39,84.31319856643677,39,84.50917363166809,39,84.69238710403442,39,84.89460325241089,39,85.09845066070557,39,85.2770631313324,39,85.31258249282837,39,85.3571674823761,39,85.59285879135132,39,85.73764324188232,39,85.96108722686768,39,86.19245386123657,39,86.37621808052063,39,86.41106867790222,39,86.6137752532959,39,86.81825661659241,39,87.01742720603943,39,87.28764700889587,39,87.49068856239319,39,87.71177220344543,39,87.75207805633545,39,87.9852569103241,39,88.19884252548218,39,88.4078061580658,39,88.61168122291565,39,88.85316324234009,39,89.06852841377258,39,89.30428647994995,39,89.58059597015381,39,89.81303691864014,39,90.01421570777893,39,90.04847264289856,39,90.2517671585083,39,90.28819346427917,39,90.48473310470581,39,90.68749713897705,39,90.88995909690857,39,91.14199542999268,39,91.31997275352478,39,91.35447311401367,39,91.57624340057373,39,91.61283946037292,39,91.84839415550232,39,92.0500602722168,39,92.2855315208435,39,92.4953408241272,39,92.73206281661987,39,92.96170926094055,39,92.99893927574158,39,93.21288228034973,39,93.41504526138306,39,93.45177388191223,39,93.48832941055298,39,93.52491068840027,39,93.7288749217987,39,93.88073492050171,39,94.09130001068115,39,94.27212572097778,39,94.30896282196045,39,94.34936189651489,39,94.59323048591614,39,94.82434964179993,39,94.98706841468811,39,95.2168231010437,39,95.43379759788513,39,95.65231275558472,39,95.68715810775757,39,95.72246289253235,39,95.91243171691895,39,96.13484787940979,39,96.33963799476624,39,96.37424445152283,39,96.60726642608643,39,96.78417563438416,39,96.92111015319824,39,96.95587253570557,39,97.09019136428833,39,97.31886696815491,39,97.5314633846283,39,97.70868802070618,39,97.88822960853577,39,98.08824682235718,39,98.28764367103577,39,98.50257539749146,39,98.53712248802185,39,98.58152318000793,39,98.62190175056458,39,98.8431830406189,39,99.07625699043274,39,99.33184814453125,39,99.51147985458374,39,99.55665302276611,39,99.79646682739258,39,100.00455093383789,39,100.15870976448059,39,100.35173010826111,39,100.38735866546631,39,100.61712861061096,39,100.83777475357056,39,101.03522562980652,39,101.0724515914917,39,101.30023097991943,39,101.33563208580017,39,101.5769214630127,39,101.73875331878662,39,101.9765477180481,39,102.02251482009888,39,102.243807554245,39,102.46983647346497,39,102.6527955532074,39,102.79142141342163,39,102.96916365623474,39,103.10824418067932,39,103.37505269050598,39,103.56523942947388,39,103.80276727676392,39,104.01896953582764,39,104.26286435127258,39,104.29716753959656,39,104.47636246681213,39,104.51661705970764,39,104.6954779624939,39,104.93650984764099,39,105.15345001220703,39,105.42709422111511,39,105.46155524253845,39,105.62752532958984,39,105.82477617263794,39,106.04848337173462,39,106.28594827651978,39,106.50485968589783,39,106.54154205322266,39,106.74248433113098,39,106.7771589756012,39,106.93687558174133,39,107.1701557636261,39,107.35954070091248,39,107.60501456260681,39,107.82511353492737,39,107.86212253570557,39,108.08475661277771,39,108.22688245773315,39,108.26149988174438,39,108.47820401191711,39,108.73276448249817,39,108.96811962127686,39,109.18693399429321,39,109.22208023071289,39,109.25656962394714,39,109.48914527893066,39,109.72483801841736,39,109.9405677318573,39,110.13059306144714,39,110.31752395629883,39,110.48289680480957,39,110.68195033073425,39,110.89894104003906,39,111.11978220939636,39,111.34477210044861,39,111.37920355796814,39,111.59334897994995,39,111.82490372657776,39,111.8610348701477,39,112.06954431533813,39,112.27822732925415,39,112.47733855247498,39,112.74881982803345,39,112.78403925895691,39,112.82390642166138,39,112.8591775894165,39,113.07517719268799,39,113.28460335731506,39,113.46275305747986,39,113.70839405059814,39,113.92639207839966,39,114.1376965045929,39,114.35880160331726,39,114.39250493049622,39,114.43607187271118,39,114.69006681442261,39,114.7241940498352,39,114.90972256660461,39,115.09510207176208,39,115.29946494102478,39,115.52447462081909,39,115.72197365760803,39,115.9266209602356,39,116.14123272895813,39,116.39048385620117,39,116.6040563583374,39,116.83642578125,39,117.06296253204346,39,117.27695631980896,39,117.49664902687073,39,117.53082513809204,39,117.69235396385193,39,117.72644066810608,39,117.92550802230835,39,118.14994049072266,39,118.28845620155334,39,118.33328175544739,39,118.50219821929932,39,118.733393907547,39,118.77050399780273,39,118.9937584400177,39,119.15755891799927,39,119.34417653083801,39,119.56848454475403,39,119.7307665348053,39,119.96875953674316,39,120.15375685691833,39,120.38923025131226,39,120.65995812416077,39,120.92626667022705,39,120.96269297599792,39,120.99876093864441,39,121.22391700744629,39,121.2601420879364,39,121.45988202095032,39,121.72146105766296,39,121.75650191307068,39,121.99071764945984,39,122.18880772590637,39,122.22306847572327,39,122.4344437122345,39,122.65500664710999,39,122.68908023834229,39,122.92414474487305,39,123.12769150733948,39,123.34613037109375,39,123.5473837852478,39,123.70157742500305,39,123.7364022731781,39,123.77239465713501,39,123.93741631507874,39,124.13424897193909,39,124.35631608963013,39,124.56587338447571,39,124.74005150794983,39,124.91376876831055,39,125.10855007171631,39,125.31098747253418,39,125.34530425071716,39,125.3800106048584,39,125.6051754951477,39,125.6392388343811,39,125.67383408546448,39,125.93866777420044,39,126.11684393882751,39,126.15068697929382,39,126.37685823440552,39,126.52297115325928,39,126.7488660812378,39,126.78314566612244,39,126.99019289016724,39,127.19601702690125,39,127.42625665664673,39,127.66717457771301,39,127.84875726699829,39,127.88360857963562,39,127.9179573059082,39,127.95829820632935,39,128.16815876960754,39,128.33841729164124,39,128.56910943984985,39,128.7420949935913,39,128.95149159431458,39,129.09389996528625,39,129.3139681816101,39,129.58590841293335,39,129.74033975601196,39,129.952486038208,39,130.18007159233093,39,130.4135434627533,39,130.63725566864014,39,130.83089447021484,39,130.86729884147644,39,131.00663900375366,39,131.26843738555908,39,131.30300068855286,39,131.54698157310486,39,131.70543026924133,39,131.91331553459167,39,132.16501426696777,39,132.20015144348145,39,132.34384870529175,39,132.48068141937256,39,132.68781685829163,39,132.94992804527283,39,133.13957405090332,39,133.35054326057434,39,133.58291840553284,39,133.79511737823486,39,133.82963943481445,39,134.01269674301147,39,134.2456614971161,39,134.45146918296814,39,134.6766653060913,39,134.72112727165222,39,134.75513005256653,39,135.02679467201233,39,135.25820446014404,39,135.4605369567871,39,135.64813566207886,39,135.86213612556458,39,136.07648158073425,39,136.28814721107483,39,136.3285698890686,39,136.49674081802368,39,136.70661783218384,39,136.74153757095337,39,136.98283529281616,39,137.01728773117065,39,137.23524045944214,39,137.38473415374756,39,137.60622024536133,39,137.826397895813,39,138.05073142051697,39,138.2516269683838,39,138.28805899620056,39,138.47488141059875,39,138.51080513000488,39,138.7517373561859,39,138.7920961380005,39,138.82637214660645,39,139.0200002193451,39,139.24037170410156,39,139.45478081703186,39,139.7016580104828,39,139.9516634941101,39,139.99639415740967,39,140.18015241622925,39,140.35353255271912,39,140.38821291923523,39,140.42250609397888,39,140.66268038749695,39,140.9006850719452,39,140.93567657470703,39,141.16798305511475,39,141.20268750190735,39,141.2372648715973,39,141.27204990386963,39,141.30748462677002,39,141.5350272655487,39,141.78420090675354,39,141.99338746070862,39,142.2246217727661,39,142.4589488506317,39,142.7088978290558,39,142.93678379058838,39,143.12121510505676,39,143.35314631462097,39,143.5715832710266,39,143.778892993927,39,143.9482183456421,39,144.15092182159424,39,144.37777948379517,39,144.6032953262329,39,144.76827907562256,39,144.9905321598053,39,145.20653128623962,39,145.3638458251953,39,145.56470346450806,39,145.83817410469055,39,145.87298917770386,39,145.90795850753784,39,146.0505223274231,39,146.25697231292725,39,146.53360390663147,39,146.57430219650269,39,146.82525849342346,39,147.05582690238953,39,147.2596468925476,39,147.42547941207886,39,147.64552879333496,39,147.68233180046082,39,147.82676553726196,39,147.99413657188416,39,148.02942085266113,39,148.2519826889038,39,148.45674419403076,39,148.67419934272766,39,148.86926102638245,39,148.90370321273804,39,149.1356017589569,39,149.3578872680664,39,149.53767728805542,39,149.73482251167297,39,149.76963686943054,39,149.9489884376526,39,150.19402599334717,39,150.4202001094818,39,150.59700632095337,39,150.85168766975403,39,151.07420659065247,39,151.29720616340637,39,151.51776576042175,39,151.74735808372498,39,151.97303366661072,39,152.00774931907654,39,152.2779541015625,39,152.4631028175354,39,152.64574217796326,39,152.87143731117249,39,153.0837824344635,39,153.28484416007996,39,153.51526951789856,39,153.7142951488495,39,153.87310481071472,39,154.05444931983948,39,154.23614883422852,39,154.41498589515686,39,154.63926362991333,39,154.8978180885315,39,155.08546352386475,39,155.31251621246338,39,155.49901700019836,39,155.7212483882904,39,155.92467784881592,39,156.1688756942749,39,156.42621898651123,39,156.6395800113678,39,156.67465806007385,39,156.90976071357727,39,157.12232041358948,39,157.3313546180725,39,157.54220294952393,39,157.57708549499512,39,157.61279010772705,39,157.8301808834076,39,158.0268280506134,39,158.25033569335938,39,158.28527569770813,39,158.31935048103333,39,158.5193314552307,39,158.72030329704285,39,158.85747027397156,39,158.89173674583435,39,159.1270260810852,39,159.16147375106812,39,159.39167428016663,39,159.60074591636658,39,159.7821433544159,39,159.816312789917,39,160.0621793270111,39,160.25253081321716,39,160.46187543869019,39,160.69064831733704,39,160.93787288665771,39,161.1897909641266,39,161.39186239242554,39,161.62050485610962,39,161.66539001464844,39,161.91387701034546,39,162.13108730316162,39,162.29936337471008,39,162.33409810066223,39,162.50277519226074,39,162.7305874824524,39,162.7650032043457,39,162.94409775733948,39,163.160080909729,39,163.3260636329651,39,163.4792242050171,39,163.51445484161377,39,163.71129393577576,39,163.94078993797302,39,164.1728160381317,39,164.361478805542,39,164.56461644172668,39,164.60958886146545,39,164.85620832443237,39,165.03483653068542,39,165.221670627594,39,165.46349239349365,39,165.67050123214722,39,165.70695161819458,39,165.93356609344482,39,166.1127519607544,39,166.3230640888214,39,166.58367943763733,39,166.7946789264679,39,166.8297004699707,39,166.86363410949707,39,167.08697938919067,39,167.3339250087738,39,167.36933398246765,39,167.58478593826294,39,167.7878394126892,39,167.96939420700073,39,168.0140643119812,39,168.2811095714569,39,168.50498986244202,39,168.67370104789734,39,168.70931267738342,39,168.88559412956238,39,169.07294583320618,39,169.3038227558136,39,169.524995803833,39,169.55935072898865,39,169.7701621055603,39,170.0002121925354,39,170.2578330039978,39,170.42217421531677,39,170.6738941669464,39,170.71064949035645,39,170.7448890209198,39,170.9704282283783,39,171.16959691047668,39,171.40817141532898,39,171.60474276542664,39,171.8319127559662,39,172.04875302314758,39,172.29248809814453,39,172.49828147888184,39,172.73591113090515,39,172.77141737937927,39,172.92762160301208,39,172.96459031105042,39,173.17034101486206,39,173.3425223827362,39,173.57942533493042,39,173.7557291984558,39,173.9380431175232,39,174.08308339118958,39,174.33450031280518,39,174.53018164634705,39,174.73288202285767,39,174.962886095047,39,174.99716019630432,39,175.21440029144287,39,175.39844465255737,39,175.65003180503845,39,175.87296962738037,39,176.09239172935486,39,176.30728840827942,39,176.50277185440063,39,176.5380585193634,39,176.7779517173767,39,176.81441736221313,39,176.97004413604736,39,177.16854810714722,39,177.42930245399475,39,177.46565747261047,39,177.6715681552887,39,177.879141330719,39,178.0645067691803,39,178.29400873184204,39,178.5631718635559,39,178.81555128097534,39,178.8520212173462,39,179.047434091568,39,179.23515605926514,39,179.27039742469788,39,179.45304894447327,39,179.68179559707642,39,179.89750456809998,39,180.0670726299286,39,180.29773783683777,39,180.4988877773285,39,180.74383449554443,39,180.92549777030945,39,181.12912797927856,39,181.33441638946533,39,181.54515862464905,39,181.72010135650635,39,181.96016454696655,39,182.17460799217224,39,182.37529349327087,39,182.40962147712708,39,182.54931926727295,39,182.5854046344757,39,182.76926112174988,39,182.92500805854797,39,183.15393376350403,39,183.18855237960815,39,183.22318482398987,39,183.48708772659302,39,183.64216470718384,39,183.85820293426514,39,184.09940552711487,39,184.13605952262878,39,184.37191200256348,39,184.54768872261047,39,184.58475279808044,39,184.62072658538818,39,184.83952569961548,39,185.05143523216248,39,185.212464094162,39,185.41903638839722,39,185.65174627304077,39,185.87352180480957,39,186.12800526618958,39,186.16308784484863,39,186.36927580833435,39,186.5905704498291,39,186.78157758712769,39,186.8163628578186,39,187.0804672241211,39,187.31163239479065,39,187.5084149837494,39,187.74081659317017,39,187.97505497932434,39,188.01055932044983,39,188.04709458351135,39,188.26179575920105,39,188.2966730594635,39,188.4927797317505,39,188.69995141029358,39,188.89582204818726,39,189.10181045532227,39,189.13585114479065,39,189.32044959068298,39,189.55733966827393,39,189.78329038619995,39,189.91945266723633,39,190.1233036518097,39,190.30111980438232,39,190.5074360370636,39,190.72094583511353,39,190.93123316764832,39,191.06723928451538,39,191.30322551727295,39,191.50751781463623,39,191.54204416275024,39,191.72454047203064,39,191.92956161499023,39,191.96638774871826,39,192.14309668540955,39,192.38096165657043,39,192.57531547546387,39,192.74508905410767,39,192.93012237548828,39,193.16553711891174,39,193.39246249198914,39,193.42674922943115,39,193.60564661026,39,193.64188766479492,39,193.7874984741211,39,193.82235407829285,39,194.0009365081787,39,194.1847207546234,39,194.23003339767456,39,194.5056915283203,39,194.72819304466248,39,194.93057513237,39,194.96488690376282,39,195.18858218193054,39,195.3976879119873,39,195.43519186973572,39,195.46956849098206,39,195.69450879096985,39,195.92192816734314,39,196.17937874794006,39,196.39658761024475,39,196.63043212890625,39,196.8163731098175,39,197.06605672836304,39,197.10053086280823,39,197.36665868759155,39,197.4013798236847,39,197.4382688999176,39,197.64829874038696,39,197.87550258636475,39,197.91582489013672,39,198.1245472431183,39,198.3483817577362,39,198.5559000968933,39,198.59647059440613,39,198.8402030467987,39,199.03561520576477,39,199.07223320007324,39,199.28688549995422,39,199.5178303718567,39,199.766756772995,39,199.80367279052734,39,199.96690773963928,39,200.1539158821106,39,200.40795397758484,39,200.60507774353027,39,200.8077802658081,39,201.0000925064087,39,201.04013514518738,39,201.2556872367859,39,201.48355627059937,39,201.64838337898254,39,201.88326334953308,39,201.9184787273407,39,201.95363903045654,39,202.1567358970642,39,202.33457136154175,39,202.48888659477234,39,202.71999382972717,39,202.92909860610962,39,203.18117570877075,39,203.3898046016693,39,203.61328053474426,39,203.81282258033752,39,204.0363495349884,39,204.23822379112244,39,204.2742726802826,39,204.3078989982605,39,204.34373116493225,39,204.51872539520264,39,204.55867648124695,39,204.7931568622589,39,205.0228295326233,39,205.23725008964539,39,205.40290999412537,39,205.4371783733368,39,205.47250127792358,39,205.50642585754395,39,205.54315638542175,39,205.57925057411194,39,205.61322927474976,39,205.6493685245514,39,205.80621910095215,39,206.01517701148987,39,206.23779368400574,39,206.27378630638123,39,206.46877479553223,39,206.70794463157654,39,206.93957901000977,39,207.16357707977295,39,207.33493328094482,39,207.36920356750488,39,207.62109756469727,39,207.8772954940796,39,208.0945701599121,39,208.1324348449707,39,208.36102485656738,39,208.52998304367065,39,208.74185943603516,39,208.88469791412354,39,209.17408227920532,39,209.2083511352539,39,209.41924476623535,39,209.6502377986908,39,209.68655037879944,39,209.72260284423828,39,209.87643790245056,39,209.91145157814026,39,210.0809850692749,39,210.11639213562012,39,210.15039014816284,39,210.36148118972778,39,210.5995798110962,39,210.8312487602234,39,211.03046584129333,39,211.06462168693542,39,211.27274179458618,39,211.48900151252747,39,211.73733186721802,39,211.77238726615906,39,211.80928587913513,39,211.98658347129822,39,212.1498258113861,39,212.38036179542542,39,212.41812252998352,39,212.6449191570282,39,212.90858912467957,39,212.95337390899658,39,213.15538120269775,39,213.30148792266846,39,213.33690571784973,39,213.37148547172546,39,213.62401485443115,39,213.87825298309326,39,213.91392517089844,39,214.1115174293518,39,214.33560371398926,39,214.55303692817688,39,214.76126074790955,39,214.79663109779358,39,214.97630524635315,39,215.19022750854492,39,215.22580456733704,39,215.42622542381287,39,215.65748620033264,39,215.6917586326599,39,215.923193693161,39,216.08187890052795,39,216.3407199382782,39,216.5711636543274,39,216.77594590187073,39,216.9791886806488,39,217.18423008918762,39,217.4351212978363,39,217.46938037872314,39,217.68742632865906,39,217.89830040931702,39,218.12654638290405,39,218.32955121994019,39,218.55466842651367,39,218.70885133743286,39,218.94922947883606,39,219.1428520679474,39,219.3684184551239,39,219.54365754127502,39,219.82375144958496,39,220.05915522575378,39,220.28237414360046,39,220.31707072257996,39,220.5569920539856,39,220.75630235671997,39,220.79075622558594,39,220.82516980171204,39,220.97089552879333,39,221.1993284225464,39,221.3565022945404,39,221.56327486038208,39,221.79145503044128,39,222.00955033302307,39,222.0447998046875,39,222.08094930648804,39,222.11528611183167,39,222.31625652313232,39,222.3526840209961,39,222.6076180934906,39,222.64313888549805,39,222.88533854484558,39,223.12596678733826,39,223.35196352005005,39,223.56642127037048,39,223.83596849441528,39,224.05959391593933,39,224.2792603969574,39,224.49902272224426,39,224.72466206550598,39,224.75978827476501,39,224.80457043647766,39,224.8489236831665,39,225.05034613609314,39,225.2711775302887,39,225.50578832626343,39,225.72744822502136,39,225.90232586860657,39,225.93884778022766,39,226.11826133728027,39,226.36246132850647,39,226.49614930152893,39,226.5407567024231,39,226.76921248435974,39,227.03206658363342,39,227.19890475273132,39,227.2333540916443,39,227.45646572113037,39,227.66734313964844,39,227.7015459537506,39,227.92453289031982,39,228.12461805343628,39,228.34783124923706,39,228.57218170166016,39,228.73904705047607,39,228.8988435268402,39,229.11586689949036,39,229.30119967460632,39,229.337815284729,39,229.58204221725464,39,229.61759781837463,39,229.84302687644958,39,230.06566381454468,39,230.2694754600525,39,230.51320600509644,39,230.65024209022522,39,230.88600063323975,39,230.92014455795288,39,231.16837430000305,39,231.20337677001953,39,231.41966462135315,39,231.6214783191681,39,231.7849085330963,39,231.83006978034973,39,232.04389023780823,39,232.27798652648926,39,232.47998976707458,39,232.61723065376282,39,232.817955493927,39,232.99710845947266,39,233.22326231002808,39,233.42537140846252,39,233.60890173912048,39,233.81012868881226,39,234.0748589038849,39,234.3376305103302,39,234.53849840164185,39,234.57457661628723,39,234.75811219215393,39,234.93437314033508,39,235.08288168907166,39,235.29259586334229,39,235.3267228603363,39,235.5410418510437,39,235.7645766735077,39,235.96467399597168,39,236.19066715240479,39,236.4184160232544,39,236.62487697601318,39,236.86275601387024,39,237.06581115722656,39,237.30851554870605,39,237.5479302406311,39,237.7121865749359,39,237.92276573181152,39,238.14346075057983,39,238.17932772636414,39,238.34816527366638,39,238.57032108306885,39,238.72942924499512,39,238.8904983997345,39,239.11327528953552,39,239.3909022808075,39,239.62073755264282,39,239.87304425239563,39,240.0522587299347,39,240.28569173812866,39,240.42882776260376,39,240.46534824371338,39,240.62271809577942,39,240.836567401886,39,241.11277413368225,39,241.14911317825317,39,241.18337440490723,39,241.2185616493225,39,241.41528034210205,39,241.6027386188507,39,241.84668374061584,39,242.08965754508972,39,242.1239094734192,39,242.16424679756165,39,242.35082173347473,39,242.49667882919312,39,242.53293418884277,39,242.709538936615,39,242.8747284412384,39,243.0567922592163,39,243.2990164756775,39,243.54730558395386,39,243.72714281082153,39,243.96111512184143,39,244.14646649360657,39,244.3803334236145,39,244.5872027873993,39,244.79299306869507,39,244.97093296051025,39,245.1644685268402,39,245.38848495483398,39,245.56046104431152,39,245.7427680492401,39,245.94415998458862,39,246.20825338363647,39,246.42838263511658,39,246.62158584594727,39,246.8425998687744,39,247.03813934326172,39,247.28491806983948,39,247.3251075744629,39,247.35932445526123,39,247.5519576072693,39,247.82931065559387,39,248.0292558670044,39,248.22739005088806,39,248.44405484199524,39,248.6702160835266,39,248.87183833122253,39,249.10293316841125,39,249.13938307762146,39,249.32641434669495,39,249.48667931556702,39,249.68670916557312,39,249.914368391037,39,250.1412079334259,39,250.31826877593994,39,250.52971839904785,39,250.72925424575806,39,250.8710858821869,39,251.09725546836853,39,251.3202610015869,39,251.54559230804443,39,251.5856068134308,39,251.7626748085022,39,251.9789502620697,39,252.01375246047974,39,252.26731204986572,39,252.47943139076233,39,252.51587224006653,39,252.55198645591736,39,252.80749917030334,39,252.9752163887024,39,253.20526885986328,39,253.46205711364746,39,253.6835172176361,39,253.8805809020996,39,254.09271621704102,39,254.30226588249207,39,254.54801034927368,39,254.58462047576904,39,254.62066984176636,39,254.83944511413574,39,255.02596306800842,39,255.22159957885742,39,255.4648461341858,39,255.64304041862488,39,255.87406635284424,39,256.08825731277466,39,256.29106044769287,39,256.46681022644043,39,256.67962765693665,39,256.71589756011963,39,256.9385678768158,39,257.0934295654297,39,257.31962180137634,39,257.4963343143463,39,257.7221462726593,39,257.91490292549133,39,257.9501807689667,39,258.1837275028229,39,258.41916489601135,39,258.5615921020508,39,258.6020929813385,39,258.8132472038269,39,259.01087403297424,39,259.2945909500122,39,259.5162422657013,39,259.6765615940094,39,259.7118766307831,39,259.9249174594879,39,260.09434056282043,39,260.3067743778229,39,260.3420853614807,39,260.6030707359314,39,260.8634295463562,39,261.08646869659424,39,261.1206474304199,39,261.329708814621,39,261.561972618103,39,261.79664611816406,39,261.8318908214569,39,262.0269424915314,39,262.18589425086975,39,262.22210478782654,39,262.4512050151825,39,262.6549174785614,39,262.8827042579651,39,263.1274983882904,39,263.1618387699127,39,263.3777997493744,39,263.62131094932556,39,263.76296734809875,39,263.939240694046,39,264.1727433204651,39,264.402334690094,39,264.57367062568665,39,264.8058342933655,39,265.0396192073822,39,265.0747694969177,39,265.11119842529297,39,265.4056193828583,39,265.5867919921875,39,265.7897152900696,39,266.03657937049866,39,266.07194685935974,39,266.2731468677521,39,266.4114475250244,39,266.4480550289154,39,266.48228454589844,39,266.68830251693726,39,266.8709297180176,39,267.09692788124084,39,267.1339678764343,39,267.1685514450073,39,267.41362738609314,39,267.6255180835724,39,267.8528835773468,39,267.897292137146,39,268.09860014915466,39,268.342004776001,39,268.37762808799744,39,268.6506516933441,39,268.84938192367554,39,268.98789072036743,39,269.0235216617584,39,269.0599093437195,39,269.2969274520874,39,269.52552700042725,39,269.5619294643402,39,269.7235460281372,39,269.9062235355377,39,270.19803833961487,39,270.4118194580078,39,270.4483549594879,39,270.6961281299591,39,270.90021419525146,39,271.1101725101471,39,271.29133915901184,39,271.4782338142395,39,271.69316506385803,39,271.9122245311737,39,272.1079397201538,39,272.28986382484436,39,272.4631435871124,39,272.49769496917725,39,272.53406262397766,39,272.76083874702454,39,272.9445013999939,39,273.15659403800964,39,273.33266830444336,39,273.37801790237427,39,273.5281925201416,39,273.76729130744934,39,273.97225880622864,39,274.1691563129425,39,274.20596265792847,39,274.2403235435486,39,274.46989488601685,39,274.69192576408386,39,274.9140410423279,39,274.94862055778503,39,275.1817443370819,39,275.3961081504822,39,275.59964394569397,39,275.63398122787476,39,275.777291059494,39,276.0050480365753,39,276.2418487071991,39,276.42365193367004,39,276.6052978038788,39,276.8052382469177,39,276.9582419395447,39,277.22134017944336,39,277.4015691280365,39,277.43715715408325,39,277.47349786758423,39,277.6717743873596,39,277.89832282066345,39,278.11208748817444,39,278.31774067878723,39,278.5592210292816,39,278.79478645324707,39,278.933078289032,39,279.1869158744812,39,279.4133062362671,39,279.63353657722473,39,279.8536787033081,39,280.01957297325134,39,280.0566849708557,39,280.09211802482605,39,280.31200766563416,39,280.54561829566956,39,280.77152609825134,39,280.9755334854126,39,281.2069284915924,39,281.4423005580902,39,281.66876745224,39,281.8905153274536,39,281.92540740966797,39,282.09485936164856,39,282.3220362663269,39,282.35631036758423,39,282.5733666419983,39,282.76451683044434,39,282.95063185691833,39,283.200021982193,39,283.39639806747437,39,283.43191623687744,39,283.5777027606964,39,283.84764099121094,39,284.0690243244171,39,284.2897288799286,39,284.3244745731354,39,284.517653465271,39,284.7867739200592,39,284.99347949028015,39,285.219220161438,39,285.25509095191956,39,285.4354496002197,39,285.6207480430603,39,285.84673714637756,39,286.03034806251526,39,286.21019315719604,39,286.2443416118622,39,286.279420375824,39,286.4258646965027,39,286.62742280960083,39,286.81091046333313,39,287.0525393486023,39,287.29299807548523,39,287.5506148338318,39,287.5873062610626,39,287.7752594947815,39,287.98935532569885,39,288.19439458847046,39,288.4275813102722,39,288.6552188396454,39,288.88984847068787,39,289.0318863391876,39,289.0689375400543,39,289.10512375831604,39,289.3017873764038,39,289.5003893375397,39,289.7310173511505,39,289.7766478061676,39,290.00264859199524,39,290.2293734550476,39,290.36896777153015,39,290.5100440979004,39,290.7401897907257,39,290.99435472488403,39,291.14175939559937,39,291.3651704788208,39,291.5258004665375,39,291.76520705223083,39,291.9980745315552,39,292.1958677768707,39,292.2303137779236,39,292.39800548553467,39,292.4323124885559,39,292.46729135513306,39,292.66914224624634,39,292.85318303108215,39,293.0387268066406,39,293.24140977859497,39,293.4421315193176,39,293.6209602355957,39,293.8588843345642,39,294.05747175216675,39,294.09498262405396,39,294.12979078292847,39,294.3949611186981,39,294.555020570755,39,294.71547508239746,39,294.7601408958435,39,295.02711725234985,39,295.2339560985565,39,295.2710020542145,39,295.5369465351105,39,295.6899833679199,39,295.9177083969116,39,296.0927493572235,39,296.2832372188568,39,296.52586674690247,39,296.8193099498749,39,297.0304811000824,39,297.0661060810089,39,297.2046015262604,39,297.3886501789093,39,297.42515444755554,39,297.6362054347992,39,297.9133839607239,39,297.94840931892395,39,297.992956161499,39,298.2153949737549,39,298.4446988105774,39,298.6631271839142,39,298.8891501426697,39,298.9243874549866,39,299.14075994491577,39,299.3747601509094,39,299.41174840927124,39,299.55306601524353,39,299.78431391716003,39,300.0022540092468
3,random graphs/big_layer/r1.5k12n8/graph3.lgbin,1268,274.0224578380585,65,146,0,92,0.05762672424316406,66,0.3805654048919678,65,0.5156757831573486,65,0.7455399036407471,65,0.7759807109832764,65,1.0086703300476074,65,1.1470370292663574,65,1.1772563457489014,65,1.2160415649414062,65,1.2464308738708496,65,1.463247537612915,65,1.683058738708496,65,1.8095979690551758,65,2.0339624881744385,65,2.2595009803771973,65,2.3840267658233643,65,2.4145309925079346,65,2.684343099594116,65,2.908639907836914,65,2.9390647411346436,65,2.969046115875244,65,3.193481206893921,65,3.224439859390259,65,3.457712173461914,65,3.5903780460357666,65,3.861931324005127,65,3.993868827819824,65,4.22510027885437,65,4.2555320262908936,65,4.4810707569122314,65,4.511745929718018,65,4.780281066894531,65,4.810670852661133,65,5.030816555023193,65,5.264014959335327,65,5.392725229263306,65,5.664266109466553,65,5.887836933135986,65,5.916660785675049,65,6.126050710678101,65,6.259711742401123,65,6.492353916168213,65,6.523070812225342,65,6.753443717956543,65,6.787306785583496,65,7.015770435333252,65,7.142833709716797,65,7.374133110046387,65,7.6425981521606445,65,7.869520425796509,65,7.899914741516113,65,7.934286832809448,65,8.157524347305298,65,8.224453210830688,65,8.454054594039917,65,8.59133005142212,65,8.821532249450684,65,8.852062463760376,65,9.120990753173828,65,9.151047945022583,65,9.374647855758667,65,9.625698804855347,65,9.760282754898071,65,9.789935111999512,65,9.923370361328125,65,10.051152467727661,65,10.186168432235718,65,10.215643405914307,65,10.342146873474121,65,10.475629091262817,65,10.504803657531738,65,10.540323734283447,65,10.570414066314697,65,10.701771259307861,65,10.736052989959717,65,10.774020671844482,65,10.897554636001587,65,11.026912689208984,65,11.300865411758423,65,11.337380647659302,65,11.468103408813477,65,11.512179613113403,65,11.544460535049438,65,11.578710079193115,65,11.607775688171387,65,11.64051079750061,65,11.670226573944092,65,11.704440593719482,65,11.847769021987915,65,11.881500959396362,65,11.918923377990723,65,11.951269626617432,65,11.983461618423462,65,12.24645471572876,65,12.376263618469238,65,12.518057823181152,65,12.645217180252075,65,12.675892353057861,65,12.810872554779053,65,12.843261241912842,65,12.985318422317505,65,13.016093015670776,65,13.291277408599854,65,13.532865285873413,65,13.563576698303223,65,13.846512794494629,65,14.118890523910522,65,14.355687856674194,65,14.614058256149292,65,14.844284057617188,65,14.914705514907837,65,15.135133743286133,65,15.266882181167603,65,15.297627687454224,65,15.331419706344604,65,15.463889360427856,65,15.493045330047607,65,15.639232873916626,65,15.773828268051147,65,15.808481931686401,65,16.04270339012146,65,16.27278780937195,65,16.506563186645508,65,16.773667573928833,65,16.91078281402588,65,17.204418420791626,65,17.235486268997192,65,17.462732315063477,65,17.725685358047485,65,17.948923587799072,65,18.077407836914062,65,18.20479464530945,65,18.235196352005005,65,18.49295973777771,65,18.523491621017456,65,18.78297734260559,65,18.813596963882446,65,19.03852081298828,65,19.072901487350464,65,19.105915784835815,65,19.138278484344482,65,19.366452932357788,65,19.64175796508789,65,19.67225670814514,65,19.907735109329224,65,19.938363790512085,65,19.968612670898438,65,20.09737730026245,65,20.32369589805603,65,20.553340435028076,65,20.589273691177368,65,20.620466947555542,65,20.881899118423462,65,21.10559916496277,65,21.330418586730957,65,21.54924988746643,65,21.586997032165527,65,21.81075096130371,65,22.038556337356567,65,22.171061754226685,65,22.397383213043213,65,22.427839279174805,65,22.461204528808594,65,22.694122552871704,65,22.95418667793274,65,23.157610654830933,65,23.28870916366577,65,23.42008900642395,65,23.647794485092163,65,23.676941394805908,65,23.70963740348816,65,23.842164993286133,65,23.98184037208557,65,24.2430682182312,65,24.273561477661133,65,24.410609245300293,65,24.61799454689026,65,24.745776414871216,65,24.77635169029236,65,24.81408143043518,65,24.843669891357422,65,25.06424570083618,65,25.097826719284058,65,25.1279354095459,65,25.360068559646606,65,25.60083317756653,65,25.630289316177368,65,25.862645387649536,65,26.106609582901,65,26.234309911727905,65,26.46645975112915,65,26.597697973251343,65,26.73331379890442,65,26.988906860351562,65,27.019352912902832,65,27.152673959732056,65,27.182989835739136,65,27.404446125030518,65,27.5355122089386,65,27.662076473236084,65,27.922428607940674,65,27.9530189037323,65,28.209022283554077,65,28.43933343887329,65,28.67102313041687,65,28.704416036605835,65,28.734612226486206,65,28.95631980895996,65,29.08288836479187,65,29.32443356513977,65,29.588318347930908,65,29.716904401779175,65,29.942827701568604,65,30.169204711914062,65,30.3915536403656,65,30.612632513046265,65,30.841835975646973,65,30.983070611953735,65,31.12273073196411,65,31.39123558998108,65,31.421451568603516,65,31.64943242073059,65,31.67994213104248,65,31.90003752708435,65,32.12543344497681,65,32.25943326950073,65,32.290072202682495,65,32.52469229698181,65,32.653921604156494,65,32.68765950202942,65,32.719860792160034,65,32.750107526779175,65,33.02515363693237,65,33.171260356903076,65,33.403692960739136,65,33.43351626396179,65,33.63955473899841,65,33.87908315658569,65,34.09937405586243,65,34.130003213882446,65,34.16059350967407,65,34.196290493011475,65,34.22588920593262,65,34.2558650970459,65,34.2860221862793,65,34.41492438316345,65,34.44876050949097,65,34.51860690116882,65,34.55503749847412,65,34.58492612838745,65,34.808241844177246,65,34.9433913230896,65,34.97404408454895,65,35.20342493057251,65,35.23788666725159,65,35.503780364990234,65,35.53843832015991,65,35.772154569625854,65,36.04478073120117,65,36.17338013648987,65,36.403146266937256,65,36.62584471702576,65,36.85314083099365,65,37.077956438064575,65,37.110469579696655,65,37.140952825546265,65,37.209219455718994,65,37.47054672241211,65,37.50120234489441,65,37.784066677093506,65,37.8132221698761,65,37.947036027908325,65,38.09899020195007,65,38.129900217056274,65,38.39984202384949,65,38.43059229850769,65,38.67454981803894,65,38.705405950546265,65,38.740216970443726,65,38.7746307849884,65,38.90219736099243,65,38.93560791015625,65,39.16645336151123,65,39.21092391014099,65,39.34955334663391,65,39.482245206832886,65,39.61465549468994,65,39.64562225341797,65,39.676148891448975,65,39.815685510635376,65,40.05498433113098,65,40.279911041259766,65,40.410908699035645,65,40.5481915473938,65,40.815378189086914,65,41.042418241500854,65,41.269091844558716,65,41.30372190475464,65,41.334315061569214,65,41.369585275650024,65,41.59387683868408,65,41.827287435531616,65,41.86499071121216,65,41.89440178871155,65,42.165255308151245,65,42.19570875167847,65,42.22509551048279,65,42.45225667953491,65,42.67907667160034,65,42.7097544670105,65,42.936570167541504,65,42.96690797805786,65,43.001734495162964,65,43.135703802108765,65,43.16631722450256,65,43.296520471572876,65,43.55815553665161,65,43.68911051750183,65,43.72232270240784,65,43.75175404548645,65,43.88945508003235,65,44.147223234176636,65,44.177420139312744,65,44.20775294303894,65,44.23848223686218,65,44.27530479431152,65,44.41030406951904,65,44.43949270248413,65,44.66248321533203,65,44.69707202911377,65,44.835787534713745,65,45.05660533905029,65,45.18818140029907,65,45.44842505455017,65,45.57717728614807,65,45.611934185028076,65,45.748271226882935,65,45.883514404296875,65,45.91371941566467,65,45.9428768157959,65,46.16319537162781,65,46.423022508621216,65,46.552850008010864,65,46.58376455307007,65,46.61362552642822,65,46.84043288230896,65,46.912535429000854,65,47.046382665634155,65,47.269163608551025,65,47.497843503952026,65,47.76380252838135,65,47.7943811416626,65,48.066936016082764,65,48.10490536689758,65,48.135597229003906,65,48.266170501708984,65,48.49726223945618,65,48.53483819961548,65,48.563485860824585,65,48.796196699142456,65,48.9292995929718,65,49.056761503219604,65,49.32500743865967,65,49.577818393707275,65,49.71233034133911,65,49.748247385025024,65,49.967243909835815,65,50.18945336341858,65,50.21984648704529,65,50.36452794075012,65,50.59245157241821,65,50.816718339920044,65,50.8458616733551,65,51.07036828994751,65,51.20018005371094,65,51.22905707359314,65,51.45408272743225,65,51.68013834953308,65,51.92075705528259,65,52.18052315711975,65,52.4433159828186,65,52.57873821258545,65,52.60880708694458,65,52.740086793899536,65,52.865020751953125,65,52.895227670669556,65,53.02008557319641,65,53.05031156539917,65,53.08037209510803,65,53.305046796798706,65,53.43660306930542,65,53.46637678146362,65,53.68940711021423,65,53.71973490715027,65,53.947566747665405,65,54.20406222343445,65,54.439581871032715,65,54.47028183937073,65,54.49957823753357,65,54.726014614105225,65,54.755300760269165,65,54.98544359207153,65,55.21650671958923,65,55.24638748168945,65,55.27694654464722,65,55.30711269378662,65,55.33718991279602,65,55.369569301605225,65,55.39982604980469,65,55.52641439437866,65,55.55658173561096,65,55.586714029312134,65,55.80796027183533,65,55.94143009185791,65,55.9746778011322,65,56.10337853431702,65,56.133272647857666,65,56.354750633239746,65,56.38951015472412,65,56.41941046714783,65,56.69810938835144,65,56.83381485939026,65,56.86319184303284,65,56.893798828125,65,56.92642307281494,65,56.95883345603943,65,57.09871554374695,65,57.32872200012207,65,57.358845472335815,65,57.59000205993652,65,57.620734214782715,65,57.84326100349426,65,58.10682034492493,65,58.234513998031616,65,58.2691650390625,65,58.301910638809204,65,58.52913165092468,65,58.65816354751587,65,58.69291877746582,65,58.72914218902588,65,58.86901569366455,65,58.90825295448303,65,58.93891358375549,65,58.97198009490967,65,59.001176595687866,65,59.03350019454956,65,59.268736124038696,65,59.40243697166443,65,59.62470030784607,65,59.904407024383545,65,59.93582367897034,65,59.96500301361084,65,60.197558879852295,65,60.32854962348938,65,60.566428422927856,65,60.798012495040894,65,60.83603501319885,65,60.97020387649536,65,61.00366926193237,65,61.245187520980835,65,61.47570776939392,65,61.50601100921631,65,61.63473081588745,65,61.86709785461426,65,61.897109270095825,65,61.93628168106079,65,62.06710696220398,65,62.09707188606262,65,62.330005407333374,65,62.46324300765991,65,62.6021032333374,65,62.63452172279358,65,62.664546966552734,65,62.802143573760986,65,62.83191227912903,65,62.862295627593994,65,63.086220264434814,65,63.116113901138306,65,63.14929461479187,65,63.29616045951843,65,63.585675954818726,65,63.61657404899597,65,63.74476170539856,65,63.98577356338501,65,64.27433824539185,65,64.41058468818665,65,64.55565786361694,65,64.5863983631134,65,64.61710619926453,65,64.64738583564758,65,64.78246808052063,65,65.01719737052917,65,65.04845309257507,65,65.08663201332092,65,65.15177917480469,65,65.18126964569092,65,65.21110081672668,65,65.25053548812866,65,65.48833990097046,65,65.75832557678223,65,65.89269924163818,65,66.12207293510437,65,66.1547224521637,65,66.39284586906433,65,66.52832078933716,65,66.56101369857788,65,66.79504203796387,65,67.06065106391907,65,67.34472298622131,65,67.4802987575531,65,67.51049542427063,65,67.63880586624146,65,67.67108941078186,65,67.94767117500305,65,68.08058714866638,65,68.21646642684937,65,68.48276162147522,65,68.71749830245972,65,68.74798250198364,65,68.77851462364197,65,69.0050220489502,65,69.274338722229,65,69.30452728271484,65,69.33493971824646,65,69.62627577781677,65,69.65713787078857,65,69.88701844215393,65,69.9195990562439,65,70.15334439277649,65,70.186603307724,65,70.48249411582947,65,70.51239609718323,65,70.73331546783447,65,70.763671875,65,70.98352718353271,65,71.21136331558228,65,71.44297552108765,65,71.47359442710876,65,71.60580658912659,65,71.7361798286438,65,72.01477813720703,65,72.24250435829163,65,72.4996886253357,65,72.76008701324463,65,72.78999090194702,65,72.92159914970398,65,72.95186495780945,65,73.21716547012329,65,73.25044894218445,65,73.48460483551025,65,73.515300989151,65,73.54778265953064,65,73.5783896446228,65,73.65287709236145,65,73.87647557258606,65,74.01181554794312,65,74.15601539611816,65,74.28325843811035,65,74.50978946685791,65,74.7434070110321,65,74.78293037414551,65,74.91211915016174,65,74.94171595573425,65,75.17738938331604,65,75.31654238700867,65,75.44993114471436,65,75.58009386062622,65,75.70912575721741,65,75.8412013053894,65,75.97131276130676,65,76.13363790512085,65,76.16324782371521,65,76.23768138885498,65,76.27515649795532,65,76.55659508705139,65,76.5871410369873,65,76.81534934043884,65,76.8455765247345,65,76.87780332565308,65,77.00978970527649,65,77.04348587989807,65,77.07987856864929,65,77.21685028076172,65,77.34700393676758,65,77.381507396698,65,77.5115864276886,65,77.74050831794739,65,77.9718849658966,65,78.2554886341095,65,78.47632002830505,65,78.60729169845581,65,78.8355073928833,65,78.87023782730103,65,79.00717043876648,65,79.03767156600952,65,79.26926326751709,65,79.49074411392212,65,79.52187943458557,65,79.55177164077759,65,79.81432151794434,65,79.94290089607239,65,80.07387065887451,65,80.22356486320496,65,80.45639109611511,65,80.74510526657104,65,80.77803754806519,65,80.81246399879456,65,80.8505859375,65,81.11052918434143,65,81.241450548172,65,81.37222337722778,65,81.40457916259766,65,81.43678975105286,65,81.70683288574219,65,81.73763155937195,65,81.87421679496765,65,81.9079041481018,65,82.03644633293152,65,82.30216526985168,65,82.52348303794861,65,82.80210733413696,65,82.83268594741821,65,82.86352825164795,65,82.99264025688171,65,83.11969876289368,65,83.35464787483215,65,83.49377846717834,65,83.63609027862549,65,83.6661024093628,65,83.8966224193573,65,83.9273133277893,65,83.96506428718567,65,84.19711923599243,65,84.33010482788086,65,84.59407925605774,65,84.626882314682,65,84.65691709518433,65,84.86631798744202,65,84.89719438552856,65,85.10202670097351,65,85.16929984092712,65,85.20518040657043,65,85.33644104003906,65,85.56561017036438,65,85.82519006729126,65,86.10233187675476,65,86.13300108909607,65,86.39289355278015,65,86.61960005760193,65,86.6486439704895,65,86.87003087997437,65,86.90154075622559,65,87.04136228561401,65,87.26700901985168,65,87.30098366737366,65,87.3318521976471,65,87.62030124664307,65,87.74936366081238,65,87.78537440299988,65,87.81465911865234,65,87.94840931892395,65,88.15642189979553,65,88.28949666023254,65,88.3205873966217,65,88.3530924320221,65,88.38354206085205,65,88.42001295089722,65,88.45083594322205,65,88.48133754730225,65,88.70603609085083,65,88.74058413505554,65,88.97633457183838,65,89.10887885093689,65,89.34004068374634,65,89.61384201049805,65,89.85089802742004,65,89.88582968711853,65,90.01373648643494,65,90.24110507965088,65,90.27229285240173,65,90.4043698310852,65,90.63497710227966,65,90.77797842025757,65,90.8088161945343,65,91.07949495315552,65,91.3099889755249,65,91.5531325340271,65,91.58937001228333,65,91.61935758590698,65,91.75334763526917,65,91.99575996398926,65,92.12529397010803,65,92.17005681991577,65,92.21439123153687,65,92.24464344978333,65,92.46651840209961,65,92.51069712638855,65,92.64151954650879,65,92.67368936538696,65,92.89189910888672,65,93.0200583934784,65,93.04977416992188,65,93.17798066139221,65,93.40111064910889,65,93.43564772605896,65,93.67625427246094,65,93.71046900749207,65,93.74044966697693,65,93.8649001121521,65,94.00006055831909,65,94.23793196678162,65,94.27141451835632,65,94.51142311096191,65,94.77005195617676,65,95.00330638885498,65,95.03591251373291,65,95.3000340461731,65,95.32997298240662,65,95.36272144317627,65,95.62579870223999,65,95.65593242645264,65,95.79492115974426,65,95.82477450370789,65,96.05948162078857,65,96.09394764900208,65,96.12509369850159,65,96.15836071968079,65,96.1881148815155,65,96.41945219039917,65,96.45030808448792,65,96.48061847686768,65,96.52519941329956,65,96.66232872009277,65,96.92667269706726,65,96.96517133712769,65,96.99586892127991,65,97.03369045257568,65,97.07290077209473,65,97.10191869735718,65,97.32693552970886,65,97.55607032775879,65,97.78827452659607,65,98.05016016960144,65,98.2823326587677,65,98.41084051132202,65,98.63956427574158,65,98.86267685890198,65,98.99373006820679,65,99.25274062156677,65,99.40417766571045,65,99.67395520210266,65,99.90231275558472,65,100.13478899002075,65,100.37554574012756,65,100.40609049797058,65,100.54551672935486,65,100.58464479446411,65,100.80994439125061,65,100.93832015991211,65,100.97294902801514,65,101.1924409866333,65,101.22211766242981,65,101.35165786743164,65,101.38500261306763,65,101.41528987884521,65,101.44552230834961,65,101.67393589019775,65,101.91022038459778,65,101.94691920280457,65,101.97678184509277,65,102.00669884681702,65,102.03601789474487,65,102.25610661506653,65,102.38765406608582,65,102.41820502281189,65,102.5472559928894,65,102.67862176895142,65,102.81026721000671,65,102.94014072418213,65,103.06612133979797,65,103.29434418678284,65,103.51997184753418,65,103.55306386947632,65,103.58707594871521,65,103.85028386116028,65,103.98338603973389,65,104.21473002433777,65,104.25397086143494,65,104.3884449005127,65,104.51988458633423,65,104.56395125389099,65,104.59807777404785,65,104.62770295143127,65,104.65755558013916,65,104.8798930644989,65,105.1446316242218,65,105.1738052368164,65,105.20622134208679,65,105.33349084854126,65,105.36971402168274,65,105.59663128852844,65,105.63209414482117,65,105.85614013671875,65,105.88632655143738,65,105.92007517814636,65,106.13989305496216,65,106.17264747619629,65,106.43293023109436,65,106.5680103302002,65,106.60132598876953,65,106.82306003570557,65,106.85385251045227,65,107.07588124275208,65,107.10619735717773,65,107.23775553703308,65,107.26758480072021,65,107.49607515335083,65,107.5270586013794,65,107.74901509284973,65,107.88462686538696,65,108.1164345741272,65,108.15050554275513,65,108.37380599975586,65,108.51115798950195,65,108.54217743873596,65,108.6727967262268,65,108.70398497581482,65,108.73452162742615,65,108.7681713104248,65,108.79796051979065,65,108.92979717254639,65,109.15349125862122,65,109.37889504432678,65,109.60083842277527,65,109.73017239570618,65,109.95260381698608,65,110.24708676338196,65,110.51207733154297,65,110.54272103309631,65,110.76742386817932,65,110.90675354003906,65,111.04352641105652,65,111.27727746963501,65,111.40973997116089,65,111.44896268844604,65,111.47907185554504,65,111.51479196548462,65,111.7433671951294,65,111.9811143875122,65,112.0255355834961,65,112.06314635276794,65,112.09688758850098,65,112.23174095153809,65,112.26179480552673,65,112.2939805984497,65,112.51760673522949,65,112.74935531616211,65,112.98388314247131,65,113.01463842391968,65,113.14502310752869,65,113.37104868888855,65,113.40158247947693,65,113.4316246509552,65,113.65644383430481,65,113.68880128860474,65,113.71923685073853,65,113.74908590316772,65,113.77883648872375,65,113.80860257148743,65,113.93235945701599,65,114.19535946846008,65,114.41950273513794,65,114.45004224777222,65,114.68368148803711,65,114.7160701751709,65,114.98395943641663,65,115.26464080810547,65,115.49278593063354,65,115.64071416854858,65,115.89523720741272,65,115.92969703674316,65,115.95879530906677,65,115.99285912513733,65,116.02684354782104,65,116.05744767189026,65,116.28201150894165,65,116.31282758712769,65,116.34336233139038,65,116.57225346565247,65,116.84386944770813,65,116.87816953659058,65,117.10792326927185,65,117.24356770515442,65,117.27990913391113,65,117.31585764884949,65,117.34601616859436,65,117.56731629371643,65,117.59724187850952,65,117.73782157897949,65,117.76820921897888,65,117.90840268135071,65,117.94371294975281,65,118.01345086097717,65,118.04379272460938,65,118.27156591415405,65,118.49997925758362,65,118.52963209152222,65,118.80052351951599,65,118.95488429069519,65,119.19422149658203,65,119.22904539108276,65,119.36634731292725,65,119.40218472480774,65,119.4353404045105,65,119.56583499908447,65,119.828298330307,65,119.8644506931305,65,120.13426184654236,65,120.2624831199646,65,120.48915982246399,65,120.51964521408081,65,120.54983282089233,65,120.6661627292633,65,120.6964750289917,65,120.91796231269836,65,121.14671683311462,65,121.28607749938965,65,121.31873631477356,65,121.59395217895508,65,121.80845785140991,65,121.93440294265747,65,122.06261610984802,65,122.10050845146179,65,122.23000073432922,65,122.26415705680847,65,122.49176073074341,65,122.52195143699646,65,122.65703654289246,65,122.68801164627075,65,122.97196984291077,65,123.00477504730225,65,123.23091268539429,65,123.36148190498352,65,123.39154005050659,65,123.64791822433472,65,123.67835140228271,65,123.94492697715759,65,124.08874011039734,65,124.11910700798035,65,124.1534104347229,65,124.1871919631958,65,124.21762561798096,65,124.347238779068,65,124.62711501121521,65,124.76336598396301,65,125.02906942367554,65,125.06186103820801,65,125.09228372573853,65,125.2215473651886,65,125.3529589176178,65,125.48820638656616,65,125.74257206916809,65,125.97401475906372,65,126.01066398620605,65,126.23962473869324,65,126.37441563606262,65,126.40358638763428,65,126.43408155441284,65,126.72164392471313,65,126.75210118293762,65,126.98146438598633,65,127.11591148376465,65,127.34297347068787,65,127.56386184692383,65,127.78839468955994,65,128.01642775535583,65,128.27502703666687,65,128.3050410747528,65,128.5786395072937,65,128.70396494865417,65,128.74202060699463,65,128.96904850006104,65,129.1955440044403,65,129.22885656356812,65,129.49036502838135,65,129.71690273284912,65,129.74730587005615,65,129.7862687110901,65,129.92348980903625,65,130.14475750923157,65,130.1743369102478,65,130.31393432617188,65,130.5461494922638,65,130.5756754875183,65,130.6059708595276,65,130.74771285057068,65,130.7841830253601,65,130.91571497917175,65,131.1375856399536,65,131.16824436187744,65,131.3959937095642,65,131.42939066886902,65,131.55844593048096,65,131.59276223182678,65,131.62296104431152,65,131.65361738204956,65,131.69770979881287,65,131.7279098033905,65,131.76226997375488,65,131.79284739494324,65,131.82372784614563,65,131.95330691337585,65,131.98800659179688,65,132.02030396461487,65,132.05479907989502,65,132.32186651229858,65,132.45215487480164,65,132.71666312217712,65,132.85078978538513,65,133.07854795455933,65,133.1232841014862,65,133.25739908218384,65,133.3886890411377,65,133.6193127632141,65,133.64966750144958,65,133.8739297389984,65,134.02130246162415,65,134.25170278549194,65,134.48153591156006,65,134.51497650146484,65,134.54510593414307,65,134.76688027381897,65,134.9967122077942,65,135.0276563167572,65,135.06035327911377,65,135.09039402008057,65,135.1264271736145,65,135.39530515670776,65,135.5259222984314,65,135.65838646888733,65,135.89256501197815,65,136.15648412704468,65,136.292738199234,65,136.54670596122742,65,136.77311491966248,65,136.80407810211182,65,136.83481669425964,65,137.06029605865479,65,137.09141421318054,65,137.37007188796997,65,137.50321245193481,65,137.53857016563416,65,137.56912446022034,65,137.70542693138123,65,137.73781371116638,65,137.76775360107422,65,137.80175805091858,65,137.8309588432312,65,137.96335554122925,65,138.19601821899414,65,138.2266924381256,65,138.3726682662964,65,138.5906958580017,65,138.85194301605225,65,139.07502961158752,65,139.20425009727478,65,139.2418179512024,65,139.2718448638916,65,139.50166392326355,65,139.73479628562927,65,139.76576018333435,65,139.89721655845642,65,140.12393927574158,65,140.25688433647156,65,140.28638100624084,65,140.5208375453949,65,140.552330493927,65,140.77673268318176,65,141.01169347763062,65,141.2340109348297,65,141.45656943321228,65,141.49150395393372,65,141.71521925926208,65,141.94232845306396,65,142.0765688419342,65,142.20853662490845,65,142.2392613887787,65,142.27323269844055,65,142.49251174926758,65,142.6186990737915,65,142.64932370185852,65,142.67860865592957,65,142.90659976005554,65,143.12731742858887,65,143.15829038619995,65,143.41422939300537,65,143.44495606422424,65,143.4757215976715,65,143.60801124572754,65,143.832177400589,65,143.86582469940186,65,143.89624524116516,65,143.93573260307312,65,144.0771324634552,65,144.11127614974976,65,144.34271621704102,65,144.4833002090454,65,144.51382899284363,65,144.73642683029175,65,144.8682782649994,65,145.1243577003479,65,145.1568865776062,65,145.3832070827484,65,145.52815103530884,65,145.66086053848267,65,145.89292168617249,65,146.03046798706055,65,146.06354212760925,65,146.32552123069763,65,146.5458493232727,65,146.77282166481018,65,146.9190056324005,65,146.9495460987091,65,147.07710456848145,65,147.30933570861816,65,147.33960962295532,65,147.41003441810608,65,147.64076852798462,65,147.67094349861145,65,147.7014021873474,65,147.77259421348572,65,148.04291319847107,65,148.26622796058655,65,148.39208555221558,65,148.6433925628662,65,148.7711799144745,65,149.0417401790619,65,149.27127528190613,65,149.5372829437256,65,149.57019305229187,65,149.83928537368774,65,150.09972262382507,65,150.32704305648804,65,150.5919806957245,65,150.62442350387573,65,150.65410447120667,65,150.6871211528778,65,150.71654725074768,65,150.98216462135315,65,151.21327137947083,65,151.24467301368713,65,151.46608805656433,65,151.59805631637573,65,151.64243149757385,65,151.67873859405518,65,151.9493911266327,65,151.9797122478485,65,152.00979709625244,65,152.23617553710938,65,152.46311616897583,65,152.49366641044617,65,152.52398538589478,65,152.5985770225525,65,152.73275923728943,65,152.7626509666443,65,152.79670310020447,65,152.93204927444458,65,153.06386399269104,65,153.10010409355164,65,153.2327983379364,65,153.4583773612976,65,153.4884912967682,65,153.6232511997223,65,153.83235716819763,65,153.98053455352783,65,154.0109338760376,65,154.04182171821594,65,154.3104863166809,65,154.44315671920776,65,154.66537475585938,65,154.92956066131592,65,155.1704843044281,65,155.29574465751648,65,155.326580286026,65,155.36279559135437,65,155.5976104736328,65,155.8308231830597,65,155.86108136177063,65,156.08353853225708,65,156.1139941215515,65,156.14677381515503,65,156.17700815200806,65,156.20929098129272,65,156.4909884929657,65,156.75173568725586,65,156.7862639427185,65,157.01757884025574,65,157.14946722984314,65,157.1857213973999,65,157.2302405834198,65,157.26474165916443,65,157.2937581539154,65,157.51041913032532,65,157.5410361289978,65,157.67133951187134,65,157.70072484016418,65,157.73067140579224,65,157.76067996025085,65,157.79101753234863,65,158.02034330368042,65,158.15300631523132,65,158.4171838760376,65,158.44697546958923,65,158.7075047492981,65,158.83648991584778,65,158.8671793937683,65,159.1256103515625,65,159.3516685962677,65,159.57193732261658,65,159.60291647911072,65,159.82762265205383,65,159.96323084831238,65,160.1030101776123,65,160.13308429718018,65,160.35973000526428,65,160.57977390289307,65,160.61931371688843,65,160.65340185165405,65,160.7839207649231,65,161.03983449935913,65,161.17119789123535,65,161.20177602767944,65,161.33429217338562,65,161.36520743370056,65,161.39923310279846,65,161.42903661727905,65,161.65648293495178,65,161.68707704544067,65,161.82293343544006,65,161.85548448562622,65,161.9854118824005,65,162.01844120025635,65,162.04907417297363,65,162.31590247154236,65,162.34945392608643,65,162.580491065979,65,162.80240988731384,65,163.032972574234,65,163.25409841537476,65,163.29179048538208,65,163.43307328224182,65,163.6843900680542,65,163.7184488773346,65,163.75587582588196,65,163.88573145866394,65,163.91837239265442,65,163.95741033554077,65,164.08547019958496,65,164.21647834777832,65,164.44472551345825,65,164.57271718978882,65,164.7967414855957,65,164.82745265960693,65,164.86686730384827,65,165.0163369178772,65,165.23757934570312,65,165.26757073402405,65,165.29730820655823,65,165.4365472793579,65,165.5688157081604,65,165.80807185173035,65,165.94477653503418,65,165.97402095794678,65,166.00508666038513,65,166.23267006874084,65,166.36879539489746,65,166.60189247131348,65,166.83644556999207,65,166.86620330810547,65,166.93112635612488,65,167.1569094657898,65,167.38489723205566,65,167.64464712142944,65,167.67527103424072,65,167.90415358543396,65,168.11733078956604,65,168.25409078598022,65,168.28440594673157,65,168.32072186470032,65,168.448792219162,65,168.6730740070343,65,168.90537095069885,65,169.0374674797058,65,169.29595565795898,65,169.3266086578369,65,169.3623490333557,65,169.5899543762207,65,169.620596408844,65,169.8440191745758,65,169.87463426589966,65,169.91097831726074,65,169.945645570755,65,169.97579407691956,65,170.20288395881653,65,170.43351411819458,65,170.464426279068,65,170.49481558799744,65,170.56593489646912,65,170.5961935520172,65,170.7282748222351,65,170.75852274894714,65,171.0160915851593,65,171.0555121898651,65,171.19518780708313,65,171.42291402816772,65,171.5592007637024,65,171.78323459625244,65,172.013117313385,65,172.04920768737793,65,172.27608275413513,65,172.41694498062134,65,172.4530794620514,65,172.72902250289917,65,172.95094084739685,65,172.9854381084442,65,173.2084276676178,65,173.43161153793335,65,173.5682671070099,65,173.79616808891296,65,173.83032727241516,65,173.96282744407654,65,174.18636751174927,65,174.41996598243713,65,174.56426787376404,65,174.69878840446472,65,174.7292411327362,65,174.96346759796143,65,174.99360132217407,65,175.12451338768005,65,175.15452313423157,65,175.4294135570526,65,175.4626715183258,65,175.59606337547302,65,175.85275197029114,65,175.88325667381287,65,176.1042194366455,65,176.32781624794006,65,176.35767269134521,65,176.50206875801086,65,176.53084707260132,65,176.57047629356384,65,176.60079622268677,65,176.63841795921326,65,176.66866493225098,65,176.81035923957825,65,176.93482971191406,65,177.06442189216614,65,177.29789209365845,65,177.42625164985657,65,177.6567144393921,65,177.68720078468323,65,177.82136273384094,65,178.0494306087494,65,178.07937860488892,65,178.21428442001343,65,178.4437701702118,65,178.47373986244202,65,178.50423073768616,65,178.53846526145935,65,178.57112765312195,65,178.70710945129395,65,178.73925924301147,65,178.76965975761414,65,178.79951763153076,65,178.83701133728027,65,179.067711353302,65,179.09842896461487,65,179.22304034233093,65,179.25301432609558,65,179.48241329193115,65,179.61555099487305,65,179.64628791809082,65,179.8597605228424,65,180.08421540260315,65,180.30514860153198,65,180.43432545661926,65,180.47813868522644,65,180.74121236801147,65,180.96927976608276,65,181.26358151435852,65,181.49320459365845,65,181.52420616149902,65,181.56207370758057,65,181.59233617782593,65,181.62293100357056,65,181.75193548202515,65,182.03662610054016,65,182.2563750743866,65,182.28912091255188,65,182.3191056251526,65,182.5426528453827,65,182.5766317844391,65,182.80010223388672,65,182.92904829978943,65,182.9657428264618,65,183.1890218257904,65,183.21929335594177,65,183.35099577903748,65,183.38160705566406,65,183.4118309020996,65,183.64098644256592,65,183.67113971710205,65,183.70123434066772,65,183.73148155212402,65,183.93425369262695,65,183.9646852016449,65,183.9970624446869,65,184.22461795806885,65,184.45627164840698,65,184.58646202087402,65,184.71909260749817,65,184.7479178905487,65,184.87907600402832,65,185.0116879940033,65,185.04619646072388,65,185.07654929161072,65,185.12099361419678,65,185.1513271331787,65,185.37507581710815,65,185.40581464767456,65,185.6230821609497,65,185.84207439422607,65,185.97703909873962,65,186.0132279396057,65,186.08253288269043,65,186.23195219039917,65,186.3651213645935,65,186.59847116470337,65,186.73018670082092,65,186.76017570495605,65,187.04670310020447,65,187.2720823287964,65,187.40341305732727,65,187.4427146911621,65,187.47520971298218,65,187.6059160232544,65,187.63577246665955,65,187.67017364501953,65,187.92854237556458,65,187.9591109752655,65,187.99423694610596,65,188.12894678115845,65,188.36058926582336,65,188.61634731292725,65,188.75011706352234,65,188.97553753852844,65,189.20444416999817,65,189.42788362503052,65,189.6512634754181,65,189.6842701435089,65,189.8182623386383,65,189.85099267959595,65,190.0725929737091,65,190.1058051586151,65,190.13625574111938,65,190.3991675376892,65,190.42921137809753,65,190.66419863700867,65,190.69789218902588,65,190.83269453048706,65,190.8671796321869,65,190.9370346069336,65,191.21127772331238,65,191.34819746017456,65,191.61339855194092,65,191.74982380867004,65,191.78302192687988,65,192.02297353744507,65,192.0672914981842,65,192.0978560447693,65,192.3307273387909,65,192.56528520584106,65,192.80340790748596,65,192.83832478523254,65,193.10626435279846,65,193.38444542884827,65,193.4192590713501,65,193.64971947669983,65,193.6802728176117,65,193.71045303344727,65,193.740620136261,65,193.87176179885864,65,194.10655975341797,65,194.1411736011505,65,194.397070646286,65,194.54594373703003,65,194.5769441127777,65,194.60743379592896,65,194.8815941810608,65,195.11240434646606,65,195.3897352218628,65,195.42013716697693,65,195.44978260993958,65,195.58388113975525,65,195.8070685863495,65,196.0355851650238,65,196.16393971443176,65,196.20043277740479,65,196.2310585975647,65,196.27034854888916,65,196.30104756355286,65,196.5296368598938,65,196.79680180549622,65,197.06871938705444,65,197.0990297794342,65,197.3244092464447,65,197.45662188529968,65,197.68302965164185,65,197.71224069595337,65,197.74169397354126,65,197.77202224731445,65,197.99955034255981,65,198.03597807884216,65,198.31262612342834,65,198.54296565055847,65,198.5738229751587,65,198.80399107933044,65,198.83684825897217,65,198.96420907974243,65,198.99471235275269,65,199.02518343925476,65,199.0556082725525,65,199.28347396850586,65,199.51346111297607,65,199.74753999710083,65,199.8786940574646,65,200.10042238235474,65,200.13068151474,65,200.2670395374298,65,200.39816331863403,65,200.6245322227478,65,200.6557593345642,65,200.68879055976868,65,200.94197702407837,65,200.97235655784607,65,201.1142497062683,65,201.34140539169312,65,201.47449231147766,65,201.50921773910522,65,201.63894653320312,65,201.87273931503296,65,202.10876989364624,65,202.34009313583374,65,202.5697214603424,65,202.79707717895508,65,203.02719569206238,65,203.30039834976196,65,203.33480548858643,65,203.4736247062683,65,203.62369179725647,65,203.75155687332153,65,203.88706040382385,65,204.11473894119263,65,204.14738535881042,65,204.1837034225464,65,204.2183437347412,65,204.2484745979309,65,204.2776744365692,65,204.53411746025085,65,204.6835379600525,65,204.71358585357666,65,204.84549260139465,65,205.12274527549744,65,205.15328931808472,65,205.28993821144104,65,205.32476806640625,65,205.4569797515869,65,205.59164357185364,65,205.81913375854492,65,205.96664953231812,65,205.99597454071045,65,206.02623009681702,65,206.28265523910522,65,206.31659626960754,65,206.44355607032776,65,206.70433235168457,65,206.93972730636597,65,207.07129049301147,65,207.10190987586975,65,207.32183480262756,65,207.35634922981262,65,207.58498167991638,65,207.81514692306519,65,207.84579038619995,65,207.97472190856934,65,208.01900911331177,65,208.2463002204895,65,208.27955794334412,65,208.30952143669128,65,208.53470993041992,65,208.79825282096863,65,208.82840824127197,65,208.86732721328735,65,208.89782404899597,65,209.1592779159546,65,209.1899447441101,65,209.4138309955597,65,209.6800513267517,65,209.7127583026886,65,209.9361891746521,65,209.96861481666565,65,210.1006214618683,65,210.22814226150513,65,210.45881605148315,65,210.49677157402039,65,210.54083967208862,65,210.58492016792297,65,210.8140411376953,65,210.96344900131226,65,211.19486618041992,65,211.23937964439392,65,211.46766924858093,65,211.49847626686096,65,211.72138810157776,65,211.85142993927002,65,212.07009077072144,65,212.10019659996033,65,212.13083720207214,65,212.36164474487305,65,212.58379745483398,65,212.61396646499634,65,212.6443853378296,65,212.77504515647888,65,212.80515384674072,65,212.941260099411,65,212.97592997550964,65,213.0124752521515,65,213.0463478565216,65,213.27828192710876,65,213.533189535141,65,213.66576266288757,65,213.69631576538086,65,213.73073434829712,65,213.7750482559204,65,213.80550861358643,65,214.0333957672119,65,214.2526514530182,65,214.28253531455994,65,214.4117305278778,65,214.63615345954895,65,214.8652036190033,65,214.99639987945557,65,215.02656722068787,65,215.15747666358948,65,215.29783868789673,65,215.4294409751892,65,215.66293454170227,65,215.8917715549469,65,216.11909890174866,65,216.25437903404236,65,216.3825969696045,65,216.41318368911743,65,216.64337134361267,65,216.87039041519165,65,217.10388612747192,65,217.33204054832458,65,217.58809757232666,65,217.8134467601776,65,217.844468832016,65,217.98110604286194,65,218.1160762310028,65,218.1468071937561,65,218.17711520195007,65,218.32383966445923,65,218.36197113990784,65,218.39239645004272,65,218.6263861656189,65,218.88711214065552,65,219.02151584625244,65,219.24561715126038,65,219.27568173408508,65,219.49220967292786,65,219.52528548240662,65,219.55525517463684,65,219.58606100082397,65,219.80980587005615,65,220.06409120559692,65,220.28423357009888,65,220.3166742324829,65,220.44601249694824,65,220.58033394813538,65,220.72047424316406,65,220.85685873031616,65,220.8869526386261,65,221.12277555465698,65,221.25080347061157,65,221.4863543510437,65,221.51757907867432,65,221.54846858978271,65,221.81614756584167,65,222.05822110176086,65,222.08939814567566,65,222.11964178085327,65,222.18755626678467,65,222.4172956943512,65,222.44756817817688,65,222.6831452846527,65,222.75090193748474,65,222.97260522842407,65,223.0030496120453,65,223.2352418899536,65,223.26484894752502,65,223.3960599899292,65,223.43053936958313,65,223.46326541900635,65,223.4993588924408,65,223.76526737213135,65,223.88901281356812,65,224.01769423484802,65,224.28501892089844,65,224.4114055633545,65,224.44238662719727,65,224.47268056869507,65,224.7671287059784,65,224.83977913856506,65,225.12759494781494,65,225.3857080936432,65,225.51991534233093,65,225.7431001663208,65,225.7778835296631,65,225.90834498405457,65,225.93925714492798,65,225.97352194786072,65,226.11811804771423,65,226.25008630752563,65,226.28096413612366,65,226.3117914199829,65,226.3460681438446,65,226.56954669952393,65,226.60053491592407,65,226.86877179145813,65,227.09228920936584,65,227.21930646896362,65,227.4816062450409,65,227.62155985832214,65,227.65200018882751,65,227.68231582641602,65,227.94141101837158,65,228.20136308670044,65,228.2398543357849,65,228.47337794303894,65,228.50367093086243,65,228.5369222164154,65,228.7677459716797,65,228.80107498168945,65,228.93942022323608,65,228.97005939483643,65,229.20470881462097,65,229.23505210876465,65,229.26474571228027,65,229.3370816707611,65,229.48053169250488,65,229.51145601272583,65,229.74457025527954,65,229.96722555160522,65,230.1959524154663,65,230.32511687278748,65,230.35526657104492,65,230.42728066444397,65,230.55977988243103,65,230.79058599472046,65,231.0235230922699,65,231.05428457260132,65,231.29052114486694,65,231.3223578929901,65,231.55283522605896,65,231.780113697052,65,232.01379227638245,65,232.24432373046875,65,232.38011002540588,65,232.58764052391052,65,232.7206575870514,65,232.9425654411316,65,233.17475628852844,65,233.20530819892883,65,233.42746829986572,65,233.45766854286194,65,233.48784947395325,65,233.5222625732422,65,233.66846227645874,65,233.6993293762207,65,233.92700576782227,65,234.1596598625183,65,234.38949251174927,65,234.4237186908722,65,234.6513636112213,65,234.78406476974487,65,234.81405067443848,65,234.8452866077423,65,235.1109893321991,65,235.36466193199158,65,235.59644293785095,65,235.63289761543274,65,235.8682897090912,65,235.9391758441925,65,235.96953868865967,65,236.101464509964,65,236.1304852962494,65,236.20056581497192,65,236.46491885185242,65,236.5009844303131,65,236.5734043121338,65,236.61007046699524,65,236.74495649337769,65,236.77538108825684,65,236.99830222129822,65,237.2202844619751,65,237.44942355155945,65,237.48202252388,65,237.51199650764465,65,237.54171180725098,65,237.82409763336182,65,237.85486435890198,65,238.00358891487122,65,238.03468537330627,65,238.0656509399414,65,238.35576581954956,65,238.3860445022583,65,238.6070909500122,65,238.63719272613525,65,238.6675248146057,65,238.92755770683289,65,239.15011620521545,65,239.2869348526001,65,239.3198778629303,65,239.56319117546082,65,239.6935863494873,65,239.91715264320374,65,239.94826126098633,65,240.08476400375366,65,240.11517214775085,65,240.24498510360718,65,240.2750883102417,65,240.41882944107056,65,240.44902563095093,65,240.4814636707306,65,240.5177299976349,65,240.54769849777222,65,240.82292342185974,65,240.85384464263916,65,240.99878478050232,65,241.27384543418884,65,241.50066804885864,65,241.53500175476074,65,241.5693290233612,65,241.59861254692078,65,241.62916207313538,65,241.76386737823486,65,241.9968912601471,65,242.1424617767334,65,242.27013516426086,65,242.49746227264404,65,242.728506565094,65,242.96160459518433,65,242.99479842185974,65,243.0310242176056,65,243.06530284881592,65,243.19224762916565,65,243.31825828552246,65,243.5462760925293,65,243.78727412223816,65,244.0161554813385,65,244.14862418174744,65,244.2791793346405,65,244.32402634620667,65,244.45067834854126,65,244.48100638389587,65,244.5116422176361,65,244.73301815986633,65,244.9592056274414,65,245.18280053138733,65,245.3163104057312,65,245.54630327224731,65,245.57662677764893,65,245.60684537887573,65,245.86983132362366,65,245.90624928474426,65,245.93642950057983,65,246.18657207489014,65,246.45363020896912,65,246.67376112937927,65,246.71182417869568,65,246.74200749397278,65,246.87406134605408,65,247.09733128547668,65,247.3263463973999,65,247.58178615570068,65,247.7067232131958,65,247.93883419036865,65,247.96960735321045,65,248.000150680542,65,248.1262664794922,65,248.15674471855164,65,248.19641518592834,65,248.43224167823792,65,248.66512298583984,65,248.69624280929565,65,248.9242856502533,65,249.05409598350525,65,249.1873550415039,65,249.21742177009583,65,249.25020098686218,65,249.47993969917297,65,249.6095414161682,65,249.6453502178192,65,249.67579174041748,65,249.87994742393494,65,250.14758110046387,65,250.37479376792908,65,250.50599718093872,65,250.63524794578552,65,250.855082988739,65,250.99092483520508,65,251.0207657814026,65,251.05021953582764,65,251.08771634101868,65,251.11824464797974,65,251.15224170684814,65,251.18205213546753,65,251.21254920959473,65,251.24636459350586,65,251.49714517593384,65,251.53523421287537,65,251.65950083732605,65,251.68952322006226,65,251.72153520584106,65,251.97900557518005,65,252.00878953933716,65,252.23615860939026,65,252.37686824798584,65,252.50595116615295,65,252.63806128501892,65,252.67219376564026,65,252.7048909664154,65,252.738596200943,65,252.76762771606445,65,252.90141987800598,65,253.12243628501892,65,253.1604311466217,65,253.42540979385376,65,253.46517062187195,65,253.68077659606934,65,253.71499252319336,65,253.74725365638733,65,253.96831941604614,65,254.25992250442505,65,254.29394912719727,65,254.32477617263794,65,254.36266112327576,65,254.58240628242493,65,254.71074390411377,65,254.74145245552063,65,254.77560997009277,65,254.9037482738495,65,255.13468956947327,65,255.36132955551147,65,255.39224195480347,65,255.52363419532776,65,255.78796339035034,65,255.82153916358948,65,255.85501050949097,65,255.88475155830383,65,256.01736974716187,65,256.04791831970215,65,256.077351808548,65,256.30144810676575,65,256.33414101600647,65,256.5547275543213,65,256.5847201347351,65,256.8391795158386,65,257.0905303955078,65,257.1249256134033,65,257.36572265625,65,257.4977834224701,65,257.527704000473,65,257.75700879096985,65,257.7913827896118,65,257.82122254371643,65,257.9537441730499,65,258.0799329280853,65,258.11761450767517,65,258.3501617908478,65,258.3812701702118,65,258.6425983905792,65,258.6729962825775,65,258.70531392097473,65,258.7358298301697,65,258.8647816181183,65,258.89476203918457,65,259.1184163093567,65,259.3414466381073,65,259.5703341960907,65,259.6984295845032,65,259.7289946079254,65,259.85804510116577,65,260.09122371673584,65,260.2370934486389,65,260.46305680274963,65,260.69639825820923,65,260.95219326019287,65,260.987428188324,65,261.01750445365906,65,261.1488356590271,65,261.17804288864136,65,261.2157025337219,65,261.48164796829224,65,261.515070438385,65,261.55154371261597,65,261.7729699611664,65,262.03761076927185,65,262.0669732093811,65,262.10487818717957,65,262.1343312263489,65,262.16439270973206,65,262.4254095554352,65,262.70026874542236,65,262.73091650009155,65,262.76084446907043,65,262.79312348365784,65,262.8220856189728,65,263.05743741989136,65,263.09009051322937,65,263.11985206604004,65,263.3823585510254,65,263.41352891921997,65,263.64058017730713,65,263.670702457428,65,263.70106768608093,65,263.83448600769043,65,263.9635944366455,65,263.99771213531494,65,264.027272939682,65,264.2972939014435,65,264.3305194377899,65,264.60006642341614,65,264.6328854560852,65,264.66535210609436,65,264.6973485946655,65,264.95510387420654,65,264.9931197166443,65,265.02435541152954,65,265.0544002056122,65,265.18193888664246,65,265.4050352573395,65,265.43614625930786,65,265.70831537246704,65,265.738552570343,65,265.7825298309326,65,266.0028567314148,65,266.22604036331177,65,266.26395058631897,65,266.2984035015106,65,266.57063245773315,65,266.79597640037537,65,267.0244905948639,65,267.284038066864,65,267.412472486496,65,267.44363713264465,65,267.57376313209534,65,267.60478615760803,65,267.6354203224182,65,267.67022490501404,65,267.8932089805603,65,267.92369747161865,65,268.0576663017273,65,268.3565454483032,65,268.38707756996155,65,268.42506432533264,65,268.69481921195984,65,268.91567730903625,65,268.9466712474823,65,269.17448139190674,65,269.2040891647339,65,269.23499846458435,65,269.2713944911957,65,269.3107945919037,65,269.54060530662537,65,269.5718295574188,65,269.6097378730774,65,269.63943576812744,65,269.86265563964844,65,270.1058900356293,65,270.23603343963623,65,270.4655623435974,65,270.5049843788147,65,270.76699924468994,65,270.8008654117584,65,271.0672585964203,65,271.09708166122437,65,271.16715693473816,65,271.42547845840454,65,271.49284744262695,65,271.7488977909088,65,271.779833316803,65,271.8103942871094,65,272.0438907146454,65,272.0733416080475,65,272.3615484237671,65,272.62701416015625,65,272.6572711467743,65,272.68766140937805,65,272.83275079727173,65,273.0595700740814,65,273.28555274009705,65,273.3181025981903,65,273.3482599258423,65,273.378205537796,65,273.508296251297,65,273.77522587776184,65,274.0004577636719,65,274.26154041290283,65,274.39336943626404,65,274.6183762550354,65,274.6529245376587,65,274.7822754383087,65,274.91595697402954,65,274.9505093097687,65,274.97964882850647,65,275.11900329589844,65,275.1532402038574,65,275.38338923454285,65,275.61109685897827,65,275.744012594223,65,275.774706363678,65,275.9972155094147,65,276.0277669429779,65,276.25535702705383,65,276.4781949520111,65,276.70043087005615,65,276.7306957244873,65,276.76366114616394,65,276.9970643520355,65,277.0278699398041,65,277.2551884651184,65,277.2856855392456,65,277.3251111507416,65,277.5850729942322,65,277.71728110313416,65,277.94045996665955,65,277.97496223449707,65,278.11047315597534,65,278.3393988609314,65,278.6017334461212,65,278.8318991661072,65,279.05413603782654,65,279.27654218673706,65,279.4023733139038,65,279.53593397140503,65,279.7691309452057,65,279.7995364665985,65,279.83218908309937,65,279.866580247879,65,280.0014896392822,65,280.0345585346222,65,280.25539779663086,65,280.493613243103,65,280.61983585357666,65,280.75451397895813,65,280.890869140625,65,281.1160616874695,65,281.2473132610321,65,281.50853967666626,65,281.6375479698181,65,281.6714401245117,65,281.942351102829,65,282.0832018852234,65,282.1209485530853,65,282.15084433555603,65,282.18458008766174,65,282.21451687812805,65,282.3448555469513,65,282.4719612598419,65,282.6986949443817,65,282.72937273979187,65,282.7595729827881,65,283.02912640571594,65,283.2508544921875,65,283.38683795928955,65,283.5208327770233,65,283.7491075992584,65,283.9788637161255,65,284.11310839653015,65,284.1474907398224,65,284.28323197364807,65,284.4159619808197,65,284.44583559036255,65,284.6772849559784,65,284.71326637268066,65,284.9385325908661,65,285.17073249816895,65,285.4098587036133,65,285.4395315647125,65,285.4699795246124,65,285.7209675312042,65,285.7509288787842,65,285.9837603569031,65,286.21192479133606,65,286.4433317184448,65,286.4734332561493,65,286.68578481674194,65,286.9173512458801,65,287.1508274078369,65,287.38189673423767,65,287.6482264995575,65,287.88105273246765,65,287.9144320487976,65,287.9448051452637,65,288.16667127609253,65,288.1969804763794,65,288.3274099826813,65,288.35736107826233,65,288.3875586986542,65,288.6487412452698,65,288.9183716773987,65,289.1893970966339,65,289.2193338871002,65,289.4469656944275,65,289.57869839668274,65,289.7988827228546,65,289.832745552063,65,290.09385323524475,65,290.1225724220276,65,290.3486325740814,65,290.59984135627747,65,290.727251291275,65,290.9963297843933,65,291.026775598526,65,291.2558877468109,65,291.4775183200836,65,291.5081293582916,65,291.72144627571106,65,291.75175380706787,65,291.88957953453064,65,291.9195032119751,65,292.0506272315979,65,292.08082461357117,65,292.10931754112244,65,292.13940596580505,65,292.18408155441284,65,292.3228929042816,65,292.353360414505,65,292.4813551902771,65,292.5190920829773,65,292.6497826576233,65,292.7900094985962,65,292.92531633377075,65,292.95545387268066,65,293.0870463848114,65,293.3163435459137,65,293.4465024471283,65,293.6780903339386,65,293.71268010139465,65,293.9402115345001,65,293.97041487693787,65,294.000855922699,65,294.26256561279297,65,294.4840955734253,65,294.7101526260376,65,294.74041080474854,65,294.7849359512329,65,294.81491255760193,65,294.94543266296387,65,294.9797477722168,65,295.0147497653961,65,295.2448761463165,65,295.47333121299744,65,295.5025227069855,65,295.7245247364044,65,295.75541520118713,65,295.89124393463135,65,296.11863565444946,65,296.25397086143494,65,296.5211775302887,65,296.7485420703888,65,296.8808262348175,65,297.0173530578613,65,297.0461037158966,65,297.2763593196869,65,297.4123766422272,65,297.4430537223816,65,297.5725951194763,65,297.7777283191681,65,297.8075575828552,65,297.83695697784424,65,297.8671634197235,65,297.89565658569336,65,298.0334372520447,65,298.2630226612091,65,298.3892123699188,65,298.5138487815857,65,298.54432249069214,65,298.576562166214,65,298.81058979034424,65,299.04212284088135,65,299.1782512664795,65,299.2124264240265,65,299.3397560119629,65,299.5970847606659,65,299.6271667480469,65,299.657265663147,65,299.78424191474915,65,299.8187839984894,65,299.948890209198,65,300.0175211429596
4,random graphs/big_layer/r1.5k12n8/graph4.lgbin,1268,266.25267791748047,64,147,0,128,0.1686854362487793,101,0.41405487060546875,85,0.47859883308410645,68,0.7062606811523438,67,0.7692723274230957,67,0.943110466003418,66,1.1013667583465576,64,1.2505407333374023,64,1.2963058948516846,64,1.3515539169311523,64,1.492159366607666,64,1.6434197425842285,64,1.6981730461120605,64,1.8429677486419678,64,2.056156635284424,64,2.0942094326019287,64,2.242948532104492,64,2.406062364578247,64,2.5436410903930664,64,2.7028679847717285,64,2.85079026222229,64,2.8883097171783447,64,3.0969045162200928,64,3.2280311584472656,64,3.4245920181274414,64,3.571071147918701,64,3.752345323562622,64,3.898786783218384,64,3.9451446533203125,64,4.1065673828125,64,4.257000923156738,64,4.418771505355835,64,4.573558807373047,64,4.631546974182129,64,4.7836034297943115,64,4.821094274520874,64,5.018598318099976,64,5.1590986251831055,64,5.32291054725647,64,5.47282862663269,64,5.625483751296997,64,5.776207208633423,64,5.932411193847656,64,6.108334541320801,64,6.146054029464722,64,6.303550720214844,64,6.480110168457031,64,6.631097316741943,64,6.773087024688721,64,6.93871283531189,64,7.085568189620972,64,7.281380653381348,64,7.440803289413452,64,7.599291563034058,64,7.7986838817596436,64,7.93964695930481,64,8.10705828666687,64,8.26006269454956,64,8.440502643585205,64,8.574708461761475,64,8.73433780670166,64,8.87702488899231,64,9.037092208862305,64,9.127314329147339,64,9.16485071182251,64,9.329021692276001,64,9.467347860336304,64,9.50723147392273,64,9.647431373596191,64,9.846593856811523,64,9.929577112197876,64,9.969953298568726,64,10.051145315170288,64,10.192870855331421,64,10.331678867340088,64,10.36994457244873,64,10.41240406036377,64,10.4552903175354,64,10.496089458465576,64,10.589118957519531,64,10.680863618850708,64,10.726133584976196,64,10.764189720153809,64,10.810922384262085,64,10.847076177597046,64,10.93681788444519,64,10.973497867584229,64,11.016791105270386,64,11.062081575393677,64,11.116844892501831,64,11.208447694778442,64,11.245739221572876,64,11.39672303199768,64,11.548300504684448,64,11.641173839569092,64,11.69194483757019,64,11.789727210998535,64,11.828351974487305,64,11.87662124633789,64,12.08013105392456,64,12.227564811706543,64,12.32416844367981,64,12.364871263504028,64,12.494776248931885,64,12.532578706741333,64,12.682132720947266,64,12.883980512619019,64,12.926847696304321,64,12.966958284378052,64,13.005191802978516,64,13.059749126434326,64,13.09763479232788,64,13.248652219772339,64,13.286565065383911,64,13.446019649505615,64,13.619984149932861,64,13.756576538085938,64,13.802152633666992,64,13.95652961730957,64,13.997544527053833,64,14.139806985855103,64,14.287343978881836,64,14.327735424041748,64,14.47399616241455,64,14.638091564178467,64,14.798635482788086,64,14.99555492401123,64,15.215439081192017,64,15.293773889541626,64,15.351797342300415,64,15.503125429153442,64,15.648861646652222,64,15.703193426132202,64,15.844563722610474,64,15.882873296737671,64,15.962406635284424,64,16.110007524490356,64,16.262611150741577,64,16.399741649627686,64,16.562297821044922,64,16.740927934646606,64,16.893359661102295,64,16.9813129901886,64,17.14981460571289,64,17.313758850097656,64,17.462634563446045,64,17.50057029724121,64,17.592432260513306,64,17.630333423614502,64,17.77292490005493,64,17.935548543930054,64,17.977832794189453,64,18.132271766662598,64,18.170095682144165,64,18.336209297180176,64,18.486340045928955,64,18.633787155151367,64,18.834888458251953,64,19.003183364868164,64,19.095431804656982,64,19.235817432403564,64,19.400399923324585,64,19.44662570953369,64,19.492468118667603,64,19.65630054473877,64,19.865752458572388,64,20.015356302261353,64,20.182835817337036,64,20.3873507976532,64,20.601896286010742,64,20.777440309524536,64,20.82629895210266,64,20.980123281478882,64,21.12166738510132,64,21.206543922424316,64,21.249545574188232,64,21.342167615890503,64,21.492642164230347,64,21.652095317840576,64,21.811222076416016,64,21.84944772720337,64,21.893500804901123,64,22.046377420425415,64,22.25206184387207,64,22.39664340019226,64,22.60152792930603,64,22.647923469543457,64,22.849761962890625,64,22.939945220947266,64,23.026325464248657,64,23.173588752746582,64,23.221906185150146,64,23.371619939804077,64,23.546551942825317,64,23.69258165359497,64,23.894490957260132,64,23.949978828430176,64,24.044368743896484,64,24.08186984062195,64,24.226140022277832,64,24.271865367889404,64,24.445143699645996,64,24.48565363883972,64,24.64385414123535,64,24.772897720336914,64,24.925618886947632,64,24.96596384048462,64,25.121559858322144,64,25.176517009735107,64,25.21420121192932,64,25.257850170135498,64,25.347809076309204,64,25.508880376815796,64,25.66490936279297,64,25.825154304504395,64,25.983738899230957,64,26.186357736587524,64,26.229947090148926,64,26.26843571662903,64,26.475433111190796,64,26.62685489654541,64,26.770251035690308,64,26.939186096191406,64,27.079938411712646,64,27.120187759399414,64,27.26390838623047,64,27.40315341949463,64,27.484359741210938,64,27.632914304733276,64,27.78743863105774,64,27.947498559951782,64,28.080064296722412,64,28.21098017692566,64,28.352468252182007,64,28.490832090377808,64,28.6528160572052,64,28.691176414489746,64,28.850353240966797,64,28.90906047821045,64,29.049464464187622,64,29.199561834335327,64,29.34822154045105,64,29.39952516555786,64,29.43964719772339,64,29.604289531707764,64,29.819689750671387,64,29.96023416519165,64,30.170260429382324,64,30.21603226661682,64,30.309977054595947,64,30.47256350517273,64,30.685628175735474,64,30.85487675666809,64,30.892791509628296,64,30.930578470230103,64,31.067720413208008,64,31.227325677871704,64,31.265337228775024,64,31.439913034439087,64,31.600144863128662,64,31.807129383087158,64,31.850369930267334,64,31.979490995407104,64,32.14804720878601,64,32.284101247787476,64,32.322932958602905,64,32.369346141815186,64,32.52900052070618,64,32.67096424102783,64,32.82188701629639,64,32.97979712486267,64,33.018672704696655,64,33.16250801086426,64,33.25952768325806,64,33.46827530860901,64,33.52399826049805,64,33.65847086906433,64,33.787739992141724,64,33.84298253059387,64,33.99921941757202,64,34.161126375198364,64,34.20378279685974,64,34.36043620109558,64,34.504150390625,64,34.67967748641968,64,34.77027940750122,64,34.91602945327759,64,34.95203232765198,64,35.114498138427734,64,35.271867990493774,64,35.35512018203735,64,35.392263412475586,64,35.53759980201721,64,35.69317173957825,64,35.747987031936646,64,35.78897452354431,64,35.950549364089966,64,36.07452082633972,64,36.11713695526123,64,36.17200994491577,64,36.211939096450806,64,36.37793278694153,64,36.41585683822632,64,36.568817138671875,64,36.60643434524536,64,36.700031995773315,64,36.870678424835205,64,37.023985624313354,64,37.061732053756714,64,37.099371671676636,64,37.137080669403076,64,37.29551863670349,64,37.46175479888916,64,37.614829540252686,64,37.65553092956543,64,37.80264711380005,64,37.84794354438782,64,38.00365090370178,64,38.166675329208374,64,38.205259799957275,64,38.36740303039551,64,38.51495695114136,64,38.681581020355225,64,38.829612493515015,64,38.9841742515564,64,39.1453378200531,64,39.31603789329529,64,39.354498624801636,64,39.497339963912964,64,39.540118932724,64,39.585599422454834,64,39.682284355163574,64,39.81674861907959,64,40.02381086349487,64,40.06228280067444,64,40.1089973449707,64,40.14751577377319,64,40.191221714019775,64,40.34348654747009,64,40.38405203819275,64,40.53981971740723,64,40.677472829818726,64,40.71746230125427,64,40.87182116508484,64,41.002647399902344,64,41.169493436813354,64,41.307015895843506,64,41.45763659477234,64,41.602795124053955,64,41.747523069381714,64,41.84042549133301,64,41.982338666915894,64,42.02573800086975,64,42.06609392166138,64,42.23822236061096,64,42.39088463783264,64,42.554102420806885,64,42.70288920402527,64,42.915459871292114,64,42.97350335121155,64,43.12043237686157,64,43.263512134552,64,43.42833590507507,64,43.56023573875427,64,43.703683614730835,64,43.754642963409424,64,43.90413689613342,64,44.065115213394165,64,44.270233392715454,64,44.436150550842285,64,44.4738028049469,64,44.52217626571655,64,44.577880859375,64,44.71414566040039,64,44.878469944000244,64,44.97716021537781,64,45.13715934753418,64,45.28762865066528,64,45.382866859436035,64,45.526349782943726,64,45.62014365196228,64,45.67850112915039,64,45.715965270996094,64,45.76423406600952,64,45.92525029182434,64,46.079174518585205,64,46.11708045005798,64,46.2868230342865,64,46.376036167144775,64,46.52363848686218,64,46.56044888496399,64,46.60564160346985,64,46.75680088996887,64,46.971537590026855,64,47.016631841659546,64,47.05669403076172,64,47.26360511779785,64,47.424997329711914,64,47.515615463256836,64,47.55263638496399,64,47.70293045043945,64,47.92199659347534,64,48.01351809501648,64,48.176106214523315,64,48.32377362251282,64,48.4715461730957,64,48.50756001472473,64,48.54753851890564,64,48.69347357749939,64,48.8725266456604,64,48.90985417366028,64,49.12984323501587,64,49.29584217071533,64,49.33175468444824,64,49.4769127368927,64,49.56808161735535,64,49.71619439125061,64,49.77487564086914,64,49.86786770820618,64,50.07217049598694,64,50.21201539039612,64,50.25773739814758,64,50.3925359249115,64,50.54117131233215,64,50.633145332336426,64,50.78492045402527,64,50.93328380584717,64,50.98212718963623,64,51.13139748573303,64,51.26225447654724,64,51.412384271621704,64,51.62478446960449,64,51.662291526794434,64,51.73810172080994,64,51.89641332626343,64,52.05127787590027,64,52.193729639053345,64,52.23180603981018,64,52.39514231681824,64,52.53050351142883,64,52.56839609146118,64,52.718093395233154,64,52.81582021713257,64,52.87365961074829,64,53.049651861190796,64,53.097816705703735,64,53.24360156059265,64,53.383965492248535,64,53.43485236167908,64,53.47538113594055,64,53.513192892074585,64,53.653860092163086,64,53.81521534919739,64,54.02568221092224,64,54.187033891677856,64,54.22550320625305,64,54.31627583503723,64,54.518378257751465,64,54.55635738372803,64,54.70383167266846,64,54.75865936279297,64,54.79575848579407,64,54.88861632347107,64,54.98167538642883,64,55.18813753128052,64,55.347660541534424,64,55.564496755599976,64,55.611398220062256,64,55.767568588256836,64,55.908310890197754,64,56.05334234237671,64,56.101754665374756,64,56.14447569847107,64,56.23850107192993,64,56.446473836898804,64,56.59760236740112,64,56.743666887283325,64,56.91068243980408,64,57.002760887145996,64,57.206541776657104,64,57.285301208496094,64,57.439481019973755,64,57.494645833969116,64,57.662747859954834,64,57.81711983680725,64,58.039960861206055,64,58.187204122543335,64,58.2298047542572,64,58.27777814865112,64,58.4224956035614,64,58.587125062942505,64,58.73280096054077,64,58.8806357383728,64,59.01744890213013,64,59.175482511520386,64,59.255287170410156,64,59.347591161727905,64,59.48822641372681,64,59.66952133178711,64,59.872129917144775,64,60.07036519050598,64,60.166794776916504,64,60.259812116622925,64,60.308897972106934,64,60.47143793106079,64,60.5558397769928,64,60.6023690700531,64,60.76853561401367,64,60.80947494506836,64,60.89578175544739,64,61.02218961715698,64,61.2392373085022,64,61.40558862686157,64,61.4980583190918,64,61.54432415962219,64,61.69255971908569,64,61.733171463012695,64,61.94835138320923,64,62.09456992149353,64,62.14207673072815,64,62.371644258499146,64,62.43088126182556,64,62.57618570327759,64,62.619611978530884,64,62.665807485580444,64,62.71751117706299,64,62.899004220962524,64,63.10504198074341,64,63.17894983291626,64,63.328649044036865,64,63.484429359436035,64,63.68996596336365,64,63.840078592300415,64,63.87899899482727,64,63.92054557800293,64,64.12568998336792,64,64.28433418273926,64,64.32323360443115,64,64.48112559318542,64,64.57857775688171,64,64.71983551979065,64,64.75786137580872,64,64.92451763153076,64,64.96803712844849,64,65.10593557357788,64,65.25938081741333,64,65.2971830368042,64,65.36828088760376,64,65.56355953216553,64,65.75750231742859,64,65.8034303188324,64,65.84722304344177,64,65.89239454269409,64,65.93022775650024,64,66.14024949073792,64,66.27317714691162,64,66.42981576919556,64,66.51333141326904,64,66.55095720291138,64,66.70317530632019,64,66.84448647499084,64,66.88218426704407,64,66.93795943260193,64,67.1053900718689,64,67.14309215545654,64,67.20140433311462,64,67.23947191238403,64,67.36916875839233,64,67.40736269950867,64,67.57105898857117,64,67.71507668495178,64,67.91955637931824,64,67.95816779136658,64,68.1019172668457,64,68.15321159362793,64,68.30562353134155,64,68.34381937980652,64,68.49603605270386,64,68.65056228637695,64,68.81656503677368,64,68.98352146148682,64,69.15199184417725,64,69.2417528629303,64,69.37980246543884,64,69.45144295692444,64,69.60792374610901,64,69.69939732551575,64,69.8564088344574,64,70.02912044525146,64,70.08427214622498,64,70.13016176223755,64,70.29180979728699,64,70.33800864219666,64,70.37649965286255,64,70.54944849014282,64,70.6988275051117,64,70.84428358078003,64,70.88523173332214,64,70.93099737167358,64,70.97453665733337,64,71.13875102996826,64,71.31159853935242,64,71.34944295883179,64,71.40449929237366,64,71.5712423324585,64,71.60814261436462,64,71.7635703086853,64,71.90883183479309,64,71.98709487915039,64,72.12604975700378,64,72.20792531967163,64,72.36329340934753,64,72.50915670394897,64,72.73349595069885,64,72.87434554100037,64,73.0370032787323,64,73.20079565048218,64,73.36528635025024,64,73.40363931655884,64,73.44160056114197,64,73.59043955802917,64,73.7515823841095,64,73.8386902809143,64,73.97553181648254,64,74.02137088775635,64,74.10250067710876,64,74.24464917182922,64,74.28349709510803,64,74.41879057884216,64,74.56406354904175,64,74.60064840316772,64,74.75504636764526,64,74.90745162963867,64,74.95077848434448,64,74.99711441993713,64,75.16727232933044,64,75.20586276054382,64,75.35067391395569,64,75.51782274246216,64,75.55581521987915,64,75.5932080745697,64,75.72749400138855,64,75.86619091033936,64,76.04658055305481,64,76.21801280975342,64,76.26346182823181,64,76.41658806800842,64,76.5652482509613,64,76.72482180595398,64,76.81517052650452,64,76.85284948348999,64,77.01346254348755,64,77.15470504760742,64,77.31017851829529,64,77.3537757396698,64,77.41212964057922,64,77.45008850097656,64,77.56901240348816,64,77.6065514087677,64,77.81544733047485,64,77.96008658409119,64,78.11671614646912,64,78.27285099029541,64,78.47733211517334,64,78.62369203567505,64,78.77990889549255,64,78.82535171508789,64,78.91805720329285,64,79.05342364311218,64,79.18931341171265,64,79.2281105518341,64,79.26630735397339,64,79.4640851020813,64,79.6658399105072,64,79.7216682434082,64,79.7592351436615,64,79.90884232521057,64,79.94677305221558,64,80.01660633087158,64,80.16213822364807,64,80.20286583900452,64,80.36773037910461,64,80.53022527694702,64,80.72060489654541,64,80.91352534294128,64,80.996013879776,64,81.0418963432312,64,81.23965525627136,64,81.2882821559906,64,81.42952752113342,64,81.59423184394836,64,81.63193774223328,64,81.6691963672638,64,81.82809376716614,64,81.86532759666443,64,81.90329313278198,64,82.0457055568695,64,82.2031638622284,64,82.28158664703369,64,82.43314051628113,64,82.5873281955719,64,82.74017095565796,64,82.78744435310364,64,82.88075017929077,64,82.93944048881531,64,83.09241509437561,64,83.23798036575317,64,83.38977599143982,64,83.47291970252991,64,83.62575769424438,64,83.78163504600525,64,83.81941652297974,64,83.99505567550659,64,84.03269004821777,64,84.07032799720764,64,84.1253182888031,64,84.16894841194153,64,84.20741558074951,64,84.24585819244385,64,84.38089966773987,64,84.58415150642395,64,84.66209435462952,64,84.69965887069702,64,84.7380211353302,64,84.78759598731995,64,84.9519853591919,64,85.08832955360413,64,85.257315158844,64,85.29512977600098,64,85.47059798240662,64,85.61709308624268,64,85.75556755065918,64,85.90677261352539,64,86.11486434936523,64,86.27526140213013,64,86.31122303009033,64,86.35000205039978,64,86.5050356388092,64,86.71541857719421,64,86.85874199867249,64,86.8987832069397,64,87.11381196975708,64,87.24858331680298,64,87.39235711097717,64,87.54203820228577,64,87.70193433761597,64,87.85818386077881,64,87.99122095108032,64,88.13562393188477,64,88.34298944473267,64,88.51005029678345,64,88.54814434051514,64,88.6968400478363,64,88.77389621734619,64,88.928142786026,64,89.09585356712341,64,89.1356132030487,64,89.28367185592651,64,89.45331048965454,64,89.49893498420715,64,89.64363217353821,64,89.68683123588562,64,89.84351658821106,64,90.0133740901947,64,90.17862033843994,64,90.21657681465149,64,90.3596293926239,64,90.52449226379395,64,90.67428302764893,64,90.71549963951111,64,90.8658275604248,64,90.90410208702087,64,91.05142021179199,64,91.14846539497375,64,91.2340931892395,64,91.28259491920471,64,91.48075556755066,64,91.51960492134094,64,91.57081365585327,64,91.71981143951416,64,91.87096166610718,64,92.01915073394775,64,92.18601703643799,64,92.3338737487793,64,92.49706721305847,64,92.63701915740967,64,92.79572105407715,64,92.94709014892578,64,93.09377861022949,64,93.2618350982666,64,93.41551208496094,64,93.58206033706665,64,93.67717695236206,64,93.82280778884888,64,93.90851354598999,64,93.96402025222778,64,94.00192642211914,64,94.09251189231873,64,94.24812889099121,64,94.42256569862366,64,94.55519270896912,64,94.6893892288208,64,94.73622393608093,64,94.82752132415771,64,94.96848893165588,64,95.11398243904114,64,95.28088855743408,64,95.41827535629272,64,95.57738995552063,64,95.75604391098022,64,95.80466079711914,64,95.97718811035156,64,96.19797396659851,64,96.2537202835083,64,96.30491256713867,64,96.44716429710388,64,96.5328676700592,64,96.5790421962738,64,96.72177243232727,64,96.76083540916443,64,96.91715741157532,64,97.00799989700317,64,97.04879307746887,64,97.08639287948608,64,97.12665867805481,64,97.27971410751343,64,97.31748247146606,64,97.47102379798889,64,97.67582678794861,64,97.8240909576416,64,97.99446177482605,64,98.16247606277466,64,98.30802702903748,64,98.46560287475586,64,98.50647163391113,64,98.63949465751648,64,98.79777479171753,64,98.94029569625854,64,98.97870421409607,64,99.07352495193481,64,99.27922821044922,64,99.31957507133484,64,99.46342921257019,64,99.60732507705688,64,99.6955349445343,64,99.746666431427,64,99.83871746063232,64,99.97624611854553,64,100.11941528320312,64,100.26085901260376,64,100.4605872631073,64,100.53859066963196,64,100.67603397369385,64,100.71358394622803,64,100.75154733657837,64,100.83642220497131,64,100.9684624671936,64,101.06525921821594,64,101.22717380523682,64,101.38667368888855,64,101.52983355522156,64,101.56860613822937,64,101.71655011177063,64,101.86311602592468,64,102.03467750549316,64,102.07317900657654,64,102.21351718902588,64,102.25136184692383,64,102.40008902549744,64,102.4371292591095,64,102.49158310890198,64,102.70727467536926,64,102.84815502166748,64,102.98923659324646,64,103.12100481987,64,103.16681909561157,64,103.33789896965027,64,103.38092303276062,64,103.52805399894714,64,103.69627022743225,64,103.84367752075195,64,103.88761901855469,64,104.01566958427429,64,104.053715467453,64,104.19330167770386,64,104.34012055397034,64,104.43443465232849,64,104.57758903503418,64,104.61867761611938,64,104.77221202850342,64,104.86569333076477,64,104.90864992141724,64,104.95514917373657,64,105.11667108535767,64,105.20938086509705,64,105.29197192192078,64,105.44387316703796,64,105.60254120826721,64,105.65517568588257,64,105.80620336532593,64,105.94953274726868,64,106.0989465713501,64,106.22984147071838,64,106.36398339271545,64,106.52500891685486,64,106.68040108680725,64,106.72394609451294,64,106.92839121818542,64,106.98414993286133,64,107.19662857055664,64,107.23430752754211,64,107.2756769657135,64,107.42439794540405,64,107.57234621047974,64,107.613450050354,64,107.74661874771118,64,107.91396403312683,64,108.00674247741699,64,108.06286716461182,64,108.11810159683228,64,108.27031636238098,64,108.48833417892456,64,108.69896149635315,64,108.78138709068298,64,108.87536716461182,64,108.91190075874329,64,109.03912806510925,64,109.08726453781128,64,109.25314545631409,64,109.40838837623596,64,109.54626989364624,64,109.70090341567993,64,109.8539686203003,64,110.02950406074524,64,110.17182564735413,64,110.25166320800781,64,110.38762402534485,64,110.54783725738525,64,110.68970966339111,64,110.85052990913391,64,110.89589023590088,64,111.05241751670837,64,111.09746170043945,64,111.23935794830322,64,111.37497091293335,64,111.54287719726562,64,111.67107605934143,64,111.72239446640015,64,111.80576586723328,64,111.94325876235962,64,112.10612559318542,64,112.26451301574707,64,112.3023886680603,64,112.45030212402344,64,112.59181809425354,64,112.74863409996033,64,112.90587759017944,64,113.04818415641785,64,113.08552074432373,64,113.24217200279236,64,113.40870451927185,64,113.57049894332886,64,113.61405849456787,64,113.65257740020752,64,113.74434804916382,64,113.9015121459961,64,114.05719423294067,64,114.21336078643799,64,114.36033272743225,64,114.39808201789856,64,114.55873465538025,64,114.70601892471313,64,114.84185218811035,64,114.98916101455688,64,115.02745652198792,64,115.18999218940735,64,115.35759830474854,64,115.40006828308105,64,115.43782663345337,64,115.47511911392212,64,115.61664009094238,64,115.76044607162476,64,115.9797625541687,64,116.1256353855133,64,116.2732982635498,64,116.4915714263916,64,116.63601684570312,64,116.72327637672424,64,116.81362557411194,64,116.96504759788513,64,117.02426648139954,64,117.17275905609131,64,117.257319688797,64,117.40902471542358,64,117.5687952041626,64,117.72982883453369,64,117.77649903297424,64,117.81982898712158,64,117.85711860656738,64,118.06346273422241,64,118.20882225036621,64,118.24713659286499,64,118.41281199455261,64,118.57919406890869,64,118.73344397544861,64,118.88233661651611,64,118.91990852355957,64,119.089510679245,64,119.23333859443665,64,119.38566637039185,64,119.5263512134552,64,119.65930843353271,64,119.8038899898529,64,119.8415949344635,64,119.88453769683838,64,119.92473673820496,64,120.12428498268127,64,120.34768152236938,64,120.50239610671997,64,120.64820408821106,64,120.74471259117126,64,120.79587411880493,64,120.9410924911499,64,121.08614373207092,64,121.30584836006165,64,121.47698283195496,64,121.62496447563171,64,121.76109719276428,64,121.79898118972778,64,121.94268107414246,64,122.0792384147644,64,122.29449892044067,64,122.33751463890076,64,122.37379693984985,64,122.46526646614075,64,122.60639357566833,64,122.65186381340027,64,122.68864512443542,64,122.7287905216217,64,122.81790924072266,64,122.97293591499329,64,123.13184642791748,64,123.26413869857788,64,123.4131727218628,64,123.56055045127869,64,123.59873819351196,64,123.75311923027039,64,123.84990859031677,64,123.88774967193604,64,124.03332114219666,64,124.2036497592926,64,124.36133146286011,64,124.50404262542725,64,124.54086899757385,64,124.68728709220886,64,124.72969126701355,64,124.88502812385559,64,125.02800440788269,64,125.1934003829956,64,125.23848605155945,64,125.40943098068237,64,125.50170540809631,64,125.6492486000061,64,125.80410480499268,64,126.00141739845276,64,126.05957078933716,64,126.26103162765503,64,126.38861918449402,64,126.55666208267212,64,126.76346826553345,64,126.92492771148682,64,127.0646550655365,64,127.26335835456848,64,127.3011679649353,64,127.50646996498108,64,127.54521584510803,64,127.68847107887268,64,127.89386224746704,64,127.94847917556763,64,128.09569239616394,64,128.23985314369202,64,128.40052151679993,64,128.44117331504822,64,128.580970287323,64,128.7340486049652,64,128.8863444328308,64,129.04944038391113,64,129.10421061515808,64,129.14189410209656,64,129.33783793449402,64,129.49291968345642,64,129.64409041404724,64,129.77848768234253,64,129.82415318489075,64,129.97231149673462,64,130.1064908504486,64,130.24420475959778,64,130.45899558067322,64,130.59846782684326,64,130.643563747406,64,130.86277747154236,64,131.0234432220459,64,131.1897280216217,64,131.2750837802887,64,131.3145251274109,64,131.45664739608765,64,131.5455641746521,64,131.71177458763123,64,131.74885320663452,64,131.90314650535583,64,131.9588816165924,64,132.02953124046326,64,132.12155890464783,64,132.27136206626892,64,132.4351737499237,64,132.5254602432251,64,132.6912899017334,64,132.8424997329712,64,133.04233050346375,64,133.18558764457703,64,133.2663848400116,64,133.41460299491882,64,133.55607318878174,64,133.59337902069092,64,133.7501003742218,64,133.91095781326294,64,133.95134234428406,64,134.1157202720642,64,134.2596938610077,64,134.41637992858887,64,134.50887870788574,64,134.65593767166138,64,134.69403457641602,64,134.8466601371765,64,134.9861536026001,64,135.03189396858215,64,135.19655585289001,64,135.40718746185303,64,135.56164407730103,64,135.59891176223755,64,135.7651240825653,64,135.92144060134888,64,136.0916063785553,64,136.18326497077942,64,136.3222484588623,64,136.48562502861023,64,136.6493911743164,64,136.78118324279785,64,136.8598370552063,64,136.90023016929626,64,137.04937958717346,64,137.19760274887085,64,137.23450565338135,64,137.39220809936523,64,137.43863153457642,64,137.48414778709412,64,137.69851231575012,64,137.84248876571655,64,137.88764238357544,64,138.0540885925293,64,138.26411604881287,64,138.46627068519592,64,138.59698367118835,64,138.6346936225891,64,138.77642273902893,64,138.93085432052612,64,138.97719383239746,64,139.15400576591492,64,139.2909426689148,64,139.4304437637329,64,139.58213305473328,64,139.74627423286438,64,139.87140417099,64,139.92946362495422,64,140.0948510169983,64,140.24854111671448,64,140.2888321876526,64,140.32905650138855,64,140.37169432640076,64,140.41959881782532,64,140.55930399894714,64,140.59530234336853,64,140.80341792106628,64,140.88741540908813,64,141.03171229362488,64,141.18590188026428,64,141.35234379768372,64,141.5110788345337,64,141.66160583496094,64,141.70678210258484,64,141.85078120231628,64,141.88715291023254,64,141.93005108833313,64,142.06852006912231,64,142.27413487434387,64,142.43965816497803,64,142.57874178886414,64,142.62713050842285,64,142.7726171016693,64,142.99194288253784,64,143.0393989086151,64,143.07934474945068,64,143.11675000190735,64,143.27802157402039,64,143.32298159599304,64,143.5016896724701,64,143.65290570259094,64,143.79892587661743,64,143.85395526885986,64,143.89148211479187,64,143.97875094413757,64,144.13063168525696,64,144.17564582824707,64,144.32381749153137,64,144.41570377349854,64,144.58172798156738,64,144.7357144355774,64,144.79366970062256,64,144.87799787521362,64,144.97073459625244,64,145.0141532421112,64,145.15756964683533,64,145.28963565826416,64,145.44223546981812,64,145.52854347229004,64,145.68048095703125,64,145.82374167442322,64,145.90202522277832,64,145.9478530883789,64,146.09841322898865,64,146.23580980300903,64,146.43688774108887,64,146.59592843055725,64,146.73951935768127,64,146.94511604309082,64,146.9960560798645,64,147.05162572860718,64,147.10951566696167,64,147.23670887947083,64,147.38260102272034,64,147.4661741256714,64,147.5110456943512,64,147.65546011924744,64,147.69386506080627,64,147.7305407524109,64,147.87406206130981,64,148.0357985496521,64,148.1616916656494,64,148.3081533908844,64,148.4863464832306,64,148.52319025993347,64,148.5776789188385,64,148.7410764694214,64,148.89382767677307,64,149.03764605522156,64,149.18679118156433,64,149.28374767303467,64,149.42483377456665,64,149.58588361740112,64,149.73637986183167,64,149.78322887420654,64,149.82142639160156,64,149.86119556427002,64,149.89691352844238,64,150.03281950950623,64,150.15996837615967,64,150.200767993927,64,150.3395059108734,64,150.51035928726196,64,150.66552877426147,64,150.70405268669128,64,150.8544955253601,64,151.0221712589264,64,151.17093920707703,64,151.3279299736023,64,151.41801500320435,64,151.4629509449005,64,151.61473631858826,64,151.7522041797638,64,151.79757809638977,64,151.83537673950195,64,152.06014752388,64,152.20461702346802,64,152.36153268814087,64,152.50967073440552,64,152.54810404777527,64,152.69427609443665,64,152.7343533039093,64,152.88255715370178,64,152.92763757705688,64,153.0192482471466,64,153.1644229888916,64,153.20751929283142,64,153.26548290252686,64,153.43224239349365,64,153.5579640865326,64,153.72258758544922,64,153.78152203559875,64,153.93406748771667,64,154.0904324054718,64,154.1284420490265,64,154.2830774784088,64,154.41903471946716,64,154.63309860229492,64,154.78191232681274,64,154.8331093788147,64,154.98420476913452,64,155.02160120010376,64,155.15354824066162,64,155.36275815963745,64,155.54268169403076,64,155.70661044120789,64,155.8658835887909,64,156.00955176353455,64,156.1505045890808,64,156.29048132896423,64,156.38049364089966,64,156.47054290771484,64,156.63296389579773,64,156.78824400901794,64,156.94303178787231,64,157.03473377227783,64,157.17997908592224,64,157.2251169681549,64,157.39256262779236,64,157.43104767799377,64,157.52546215057373,64,157.5688931941986,64,157.72399306297302,64,157.86978697776794,64,158.02159690856934,64,158.1015076637268,64,158.2630639076233,64,158.30895328521729,64,158.38402342796326,64,158.4214072227478,64,158.578271150589,64,158.73413372039795,64,158.8901584148407,64,158.9794797897339,64,159.07671451568604,64,159.1165750026703,64,159.17114186286926,64,159.32364749908447,64,159.36935710906982,64,159.5159420967102,64,159.5587236881256,64,159.63631916046143,64,159.79959917068481,64,159.8448395729065,64,159.9786376953125,64,160.09879302978516,64,160.23831057548523,64,160.44545459747314,64,160.6010181903839,64,160.6393859386444,64,160.7290449142456,64,160.81668901443481,64,161.01818108558655,64,161.16672587394714,64,161.30432796478271,64,161.4624743461609,64,161.59681677818298,64,161.68901991844177,64,161.84614872932434,64,161.97406244277954,64,162.11815428733826,64,162.27989196777344,64,162.31976509094238,64,162.36484479904175,64,162.4007363319397,64,162.48989725112915,64,162.70083832740784,64,162.85941743850708,64,162.89677143096924,64,163.03360152244568,64,163.20859789848328,64,163.34869170188904,64,163.38683080673218,64,163.52784657478333,64,163.66877031326294,64,163.72685956954956,64,163.76673913002014,64,163.90833044052124,64,164.03956842422485,64,164.18060898780823,64,164.3590726852417,64,164.48303818702698,64,164.5744993686676,64,164.73469185829163,64,164.81700325012207,64,164.95807814598083,64,165.12654209136963,64,165.27149295806885,64,165.45288372039795,64,165.50815176963806,64,165.65987825393677,64,165.6974446773529,64,165.89801144599915,64,165.9358835220337,64,166.09920978546143,64,166.26482582092285,64,166.47250485420227,64,166.5181176662445,64,166.55479073524475,64,166.70619750022888,64,166.85021042823792,64,166.8877453804016,64,166.92491936683655,64,167.07157611846924,64,167.1227331161499,64,167.27217173576355,64,167.42790746688843,64,167.5763418674469,64,167.61323285102844,64,167.77864241600037,64,167.94058418273926,64,167.99608850479126,64,168.03454732894897,64,168.1798496246338,64,168.31646156311035,64,168.46574115753174,64,168.61193680763245,64,168.79453825950623,64,168.95168781280518,64,169.04899883270264,64,169.20998239517212,64,169.36056995391846,64,169.56890392303467,64,169.6072597503662,64,169.81375551223755,64,169.9658501148224,64,170.11953377723694,64,170.20845365524292,64,170.41957688331604,64,170.45674681663513,64,170.61187720298767,64,170.649267911911,64,170.695250749588,64,170.84324288368225,64,170.97944474220276,64,171.07076811790466,64,171.20947527885437,64,171.24725222587585,64,171.39907598495483,64,171.53786659240723,64,171.69229674339294,64,171.8595585823059,64,171.9985330104828,64,172.20986676216125,64,172.3394582271576,64,172.42330503463745,64,172.5842719078064,64,172.7418897151947,64,172.78712344169617,64,172.8782444000244,64,173.0251591205597,64,173.1655569076538,64,173.32691717147827,64,173.4774146080017,64,173.6334524154663,64,173.84580397605896,64,173.99142456054688,64,174.0362937450409,64,174.16729760169983,64,174.3116331100464,64,174.47104811668396,64,174.64800786972046,64,174.6848165988922,64,174.74018478393555,64,174.94921350479126,64,175.07784843444824,64,175.2244725227356,64,175.36918187141418,64,175.53615713119507,64,175.67886328697205,64,175.84920287132263,64,175.98214864730835,64,176.1365225315094,64,176.17442512512207,64,176.31622552871704,64,176.46348571777344,64,176.61504673957825,64,176.7747757434845,64,176.8199908733368,64,176.8569540977478,64,177.0272204875946,64,177.06487226486206,64,177.1992371082306,64,177.4045112133026,64,177.44955348968506,64,177.58104634284973,64,177.7716190814972,64,177.9796106815338,64,178.12885999679565,64,178.21150875091553,64,178.25154614448547,64,178.40683317184448,64,178.55952882766724,64,178.60479497909546,64,178.7487177848816,64,178.79145431518555,64,178.9668152332306,64,179.1264271736145,64,179.28279423713684,64,179.42265629768372,64,179.57447242736816,64,179.73411560058594,64,179.7768247127533,64,179.93331289291382,64,179.98424100875854,64,180.12447571754456,64,180.1614053249359,64,180.30872178077698,64,180.45021533966064,64,180.6141107082367,64,180.75941252708435,64,180.9616801738739,64,181.10437941551208,64,181.23711133003235,64,181.368328332901,64,181.52076387405396,64,181.6683406829834,64,181.71319437026978,64,181.87304639816284,64,182.02927923202515,64,182.19646167755127,64,182.37096691131592,64,182.4632933139801,64,182.5997817516327,64,182.75448346138,64,182.79993605613708,64,182.8549861907959,64,182.9390938282013,64,182.97622323036194,64,183.18395733833313,64,183.30903029441833,64,183.34547758102417,64,183.3906066417694,64,183.59780025482178,64,183.74711990356445,64,183.893737077713,64,184.10138773918152,64,184.25388741493225,64,184.43363904953003,64,184.6406695842743,64,184.67850875854492,64,184.8037257194519,64,184.84935069084167,64,185.0148229598999,64,185.21746921539307,64,185.42620396614075,64,185.59966850280762,64,185.69519209861755,64,185.73560166358948,64,185.88437414169312,64,185.9648735523224,64,186.12455105781555,64,186.2018802165985,64,186.401611328125,64,186.4419665336609,64,186.60239243507385,64,186.64053678512573,64,186.7826817035675,64,186.9294183254242,64,186.9666600227356,64,187.01353907585144,64,187.1779420375824,64,187.38858032226562,64,187.47946429252625,64,187.63321447372437,64,187.6792802810669,64,187.8305060863495,64,187.92415690422058,64,188.0148367881775,64,188.16682648658752,64,188.20472288131714,64,188.24536037445068,64,188.41791343688965,64,188.56775784492493,64,188.778062582016,64,188.91929602622986,64,189.056218624115,64,189.20867156982422,64,189.36422634124756,64,189.41536045074463,64,189.5790514945984,64,189.73083400726318,64,189.7688593864441,64,189.92962050437927,64,189.97689747810364,64,190.02516889572144,64,190.06329202651978,64,190.20567870140076,64,190.38186311721802,64,190.5252115726471,64,190.57378149032593,64,190.71787071228027,64,190.75386714935303,64,190.89181566238403,64,190.9288890361786,64,191.0767683982849,64,191.20968914031982,64,191.3469579219818,64,191.56787610054016,64,191.6047167778015,64,191.64276719093323,64,191.797349691391,64,191.9390368461609,64,191.9841651916504,64,192.13063025474548,64,192.27755117416382,64,192.4312424659729,64,192.57526898384094,64,192.70846104621887,64,192.87446808815002,64,193.00608229637146,64,193.04596614837646,64,193.20826172828674,64,193.35695219039917,64,193.5015857219696,64,193.72627115249634,64,193.78128266334534,64,193.94274163246155,64,194.09462904930115,64,194.26520895957947,64,194.30243802070618,64,194.45921397209167,64,194.49958395957947,64,194.72426557540894,64,194.86400532722473,64,194.90213441848755,64,195.03049635887146,64,195.12242031097412,64,195.28460025787354,64,195.43422508239746,64,195.52254843711853,64,195.66664934158325,64,195.82932567596436,64,195.9758381843567,64,196.12707209587097,64,196.27699542045593,64,196.41720819473267,64,196.46288132667542,64,196.61016750335693,64,196.69339680671692,64,196.73135232925415,64,196.76957988739014,64,196.8051359653473,64,196.93755531311035,64,197.13595914840698,64,197.17622351646423,64,197.21684050559998,64,197.27230668067932,64,197.44508171081543,64,197.48284721374512,64,197.64990639686584,64,197.68989157676697,64,197.82151818275452,64,197.97366213798523,64,198.1248996257782,64,198.17295861244202,64,198.32458877563477,64,198.46261715888977,64,198.50779247283936,64,198.6679515838623,64,198.70622777938843,64,198.85063529014587,64,199.06291389465332,64,199.22707962989807,64,199.3961696624756,64,199.43375706672668,64,199.51686453819275,64,199.665944814682,64,199.7979097366333,64,199.95988988876343,64,200.00500750541687,64,200.042231798172,64,200.08716082572937,64,200.12460803985596,64,200.2731683254242,64,200.31086468696594,64,200.4742784500122,64,200.63057923316956,64,200.6711311340332,64,200.82946133613586,64,200.98970127105713,64,201.1613552570343,64,201.2011318206787,64,201.34150099754333,64,201.49314856529236,64,201.57306003570557,64,201.6516227722168,64,201.8037405014038,64,201.93776655197144,64,201.99228978157043,64,202.1504945755005,64,202.27904319763184,64,202.3613576889038,64,202.4987452030182,64,202.54407858848572,64,202.58120608329773,64,202.61775302886963,64,202.78210186958313,64,202.81941723823547,64,202.9766402244568,64,203.03188157081604,64,203.12269282341003,64,203.16010808944702,64,203.24401021003723,64,203.3844428062439,64,203.58616089820862,64,203.7277376651764,64,203.89451694488525,64,204.05531907081604,64,204.09795784950256,64,204.25143551826477,64,204.38188433647156,64,204.5158622264862,64,204.64809608459473,64,204.70261812210083,64,204.74229550361633,64,204.78863620758057,64,204.828626871109,64,204.9731044769287,64,205.0159182548523,64,205.05819606781006,64,205.14690232276917,64,205.30104064941406,64,205.33975625038147,64,205.48957538604736,64,205.6206567287445,64,205.7571063041687,64,205.8113374710083,64,205.84830331802368,64,206.0433406829834,64,206.0862090587616,64,206.25439476966858,64,206.46242690086365,64,206.62473225593567,64,206.77645874023438,64,206.9018955230713,64,207.04619479179382,64,207.2091588973999,64,207.3495695590973,64,207.49096655845642,64,207.70043325424194,64,207.86307191848755,64,208.00937604904175,64,208.1030604839325,64,208.2774419784546,64,208.32033038139343,64,208.46635842323303,64,208.5041000843048,64,208.6638889312744,64,208.80889248847961,64,208.8461356163025,64,208.88917756080627,64,208.92650389671326,64,209.06494688987732,64,209.21421670913696,64,209.3530261516571,64,209.39034414291382,64,209.44464564323425,64,209.53508067131042,64,209.6779589653015,64,209.72849774360657,64,209.87772417068481,64,209.97535753250122,64,210.0134642124176,64,210.18886756896973,64,210.22628211975098,64,210.3175060749054,64,210.4081151485443,64,210.54712176322937,64,210.69667768478394,64,210.83304810523987,64,211.00553584098816,64,211.06073474884033,64,211.09844708442688,64,211.1368329524994,64,211.17481136322021,64,211.2198028564453,64,211.26486158370972,64,211.40266060829163,64,211.5625123977661,64,211.72846245765686,64,211.77442574501038,64,211.92505288124084,64,211.96269178390503,64,212.00011491775513,64,212.05511379241943,64,212.19565224647522,64,212.24172568321228,64,212.39502048492432,64,212.55932116508484,64,212.7012174129486,64,212.7382402420044,64,212.9330370426178,64,213.09724473953247,64,213.14567685127258,64,213.29199314117432,64,213.4397692680359,64,213.58212900161743,64,213.61937499046326,64,213.76620030403137,64,213.8114049434662,64,213.84893798828125,64,213.9991476535797,64,214.03661847114563,64,214.07929372787476,64,214.21433305740356,64,214.3735547065735,64,214.5347661972046,64,214.66613841056824,64,214.79857063293457,64,214.938955783844,64,215.08576083183289,64,215.25383067131042,64,215.42111492156982,64,215.5621862411499,64,215.76155042648315,64,215.92383670806885,64,216.0799298286438,64,216.23856949806213,64,216.27576231956482,64,216.31882905960083,64,216.46267437934875,64,216.60280966758728,64,216.74287843704224,64,216.8284227848053,64,216.9762532711029,64,217.13267731666565,64,217.17884826660156,64,217.30736827850342,64,217.4773440361023,64,217.69900345802307,64,217.7783019542694,64,217.9379756450653,64,218.06492352485657,64,218.22915387153625,64,218.27440190315247,64,218.41093754768372,64,218.46161699295044,64,218.51636672019958,64,218.72086191177368,64,218.88103556632996,64,219.04116892814636,64,219.0901620388031,64,219.2384181022644,64,219.41060280799866,64,219.56326460838318,64,219.71046113967896,64,219.79762077331543,64,219.9543833732605,64,220.0316014289856,64,220.11880445480347,64,220.25163006782532,64,220.30698204040527,64,220.44580245018005,64,220.48310780525208,64,220.62892723083496,64,220.78860807418823,64,220.8253526687622,64,220.98002696037292,64,221.14713144302368,64,221.29830980300903,64,221.4307141304016,64,221.5974636077881,64,221.65336227416992,64,221.7878613471985,64,221.93395233154297,64,222.08813524246216,64,222.23066902160645,64,222.39251470565796,64,222.53205466270447,64,222.5694785118103,64,222.73021030426025,64,222.77723479270935,64,222.9383580684662,64,223.0197925567627,64,223.18795800209045,64,223.32115507125854,64,223.41517066955566,64,223.55905151367188,64,223.6961064338684,64,223.89609003067017,64,224.02991271018982,64,224.12778615951538,64,224.31842303276062,64,224.5210039615631,64,224.7213056087494,64,224.88261651992798,64,224.92953443527222,64,225.09046459197998,64,225.13583207130432,64,225.30391597747803,64,225.44919180870056,64,225.57723784446716,64,225.73587489128113,64,225.89963269233704,64,226.03507661819458,64,226.17491745948792,64,226.328763961792,64,226.47711944580078,64,226.62128472328186,64,226.65888142585754,64,226.82313656806946,64,226.95725870132446,64,227.00319623947144,64,227.21827220916748,64,227.30939364433289,64,227.3471179008484,64,227.40167546272278,64,227.55160641670227,64,227.59072184562683,64,227.6292381286621,64,227.7715322971344,64,227.85091257095337,64,228.00856709480286,64,228.09662461280823,64,228.15489149093628,64,228.36646485328674,64,228.5285279750824,64,228.7332887649536,64,228.78180694580078,64,228.82219171524048,64,228.87721800804138,64,228.9201672077179,64,228.95742917060852,64,229.01605939865112,64,229.05412030220032,64,229.22750449180603,64,229.2643518447876,64,229.302428483963,64,229.34031009674072,64,229.4808533191681,64,229.51901006698608,64,229.66322588920593,64,229.81994009017944,64,229.97733569145203,64,230.05211281776428,64,230.17995429039001,64,230.33132886886597,64,230.53043413162231,64,230.6861457824707,64,230.89224219322205,64,230.92844200134277,64,231.0937099456787,64,231.23379850387573,64,231.32457327842712,64,231.40291595458984,64,231.4399688243866,64,231.52298712730408,64,231.68760466575623,64,231.84614253044128,64,232.00822806358337,64,232.0487036705017,64,232.10258436203003,64,232.18008184432983,64,232.3207881450653,64,232.4636652469635,64,232.51803302764893,64,232.55442571640015,64,232.69238209724426,64,232.84483194351196,64,232.97455048561096,64,233.12749695777893,64,233.18305850028992,64,233.2209827899933,64,233.26937341690063,64,233.32011651992798,64,233.4593150615692,64,233.5078432559967,64,233.5461506843567,64,233.67665457725525,64,233.82421684265137,64,233.86936569213867,64,233.906503200531,64,233.95127844810486,64,233.9915316104889,64,234.03090906143188,64,234.18992376327515,64,234.38959074020386,64,234.544189453125,64,234.5845959186554,64,234.62747478485107,64,234.83476877212524,64,234.97559022903442,64,235.06636452674866,64,235.14621949195862,64,235.18316984176636,64,235.33055543899536,64,235.3677475452423,64,235.51333260536194,64,235.55093502998352,64,235.58843970298767,64,235.62618279457092,64,235.68401837348938,64,235.82406282424927,64,235.97625851631165,64,236.0136420726776,64,236.05121493339539,64,236.09330224990845,64,236.14798283576965,64,236.19631695747375,64,236.24318528175354,64,236.42314791679382,64,236.57659482955933,64,236.6142361164093,64,236.70498633384705,64,236.8663363456726,64,237.03045320510864,64,237.2288727760315,64,237.28444981575012,64,237.4447319507599,64,237.49974608421326,64,237.64969325065613,64,237.6928517818451,64,237.73351407051086,64,237.78423190116882,64,237.92511582374573,64,238.07937836647034,64,238.2587432861328,64,238.46488785743713,64,238.5571734905243,64,238.72101736068726,64,238.91975951194763,64,238.96283197402954,64,239.10664057731628,64,239.24667096138,64,239.41660928726196,64,239.45939111709595,64,239.55047369003296,64,239.63202953338623,64,239.79115176200867,64,239.93794322013855,64,239.97410035133362,64,240.01636958122253,64,240.15478706359863,64,240.19282793998718,64,240.28891396522522,64,240.44089460372925,64,240.48116374015808,64,240.51894760131836,64,240.6546323299408,64,240.80603051185608,64,240.94485020637512,64,240.9827859401703,64,241.13945984840393,64,241.17710518836975,64,241.32255935668945,64,241.48622846603394,64,241.62634944915771,64,241.66502904891968,64,241.88379836082458,64,241.92439675331116,64,242.05840182304382,64,242.09657883644104,64,242.15186047554016,64,242.18924474716187,64,242.34279131889343,64,242.51631450653076,64,242.60837125778198,64,242.74923658370972,64,242.91282963752747,64,243.0793375968933,64,243.16983079910278,64,243.3083209991455,64,243.34896111488342,64,243.39434337615967,64,243.53068232536316,64,243.5686433315277,64,243.78186058998108,64,243.93635249137878,64,244.10884761810303,64,244.26307845115662,64,244.30371499061584,64,244.44997644424438,64,244.5996174812317,64,244.642737865448,64,244.6883237361908,64,244.7254946231842,64,244.76368951797485,64,244.81058430671692,64,245.03314995765686,64,245.20549297332764,64,245.3669557571411,64,245.45743370056152,64,245.59597063064575,64,245.7490894794464,64,245.90941977500916,64,245.94716668128967,64,246.08995079994202,64,246.1715018749237,64,246.208811044693,64,246.37644028663635,64,246.53338313102722,64,246.67371082305908,64,246.82351756095886,64,246.86131024360657,64,247.03260898590088,64,247.2633318901062,64,247.41913652420044,64,247.57835292816162,64,247.72638845443726,64,247.8911383152008,64,248.1018521785736,64,248.24998259544373,64,248.2973165512085,64,248.4461967945099,64,248.4844455718994,64,248.5223994255066,64,248.66964387893677,64,248.82285499572754,64,248.97674250602722,64,249.12912845611572,64,249.28011274337769,64,249.4538311958313,64,249.60989785194397,64,249.77040433883667,64,249.9764678478241,64,250.01455783843994,64,250.05088186264038,64,250.0935685634613,64,250.23764753341675,64,250.37766456604004,64,250.51450085639954,64,250.55161690711975,64,250.67899250984192,64,250.81114888191223,64,250.85611414909363,64,250.89894270896912,64,250.95290994644165,64,251.11192727088928,64,251.2640244960785,64,251.42877650260925,64,251.6282730102539,64,251.77969002723694,64,251.94617176055908,64,251.9917643070221,64,252.03993725776672,64,252.18854689598083,64,252.3195023536682,64,252.4171690940857,64,252.47522926330566,64,252.67815709114075,64,252.82073163986206,64,252.98083686828613,64,253.12142848968506,64,253.16834664344788,64,253.21633791923523,64,253.25912594795227,64,253.29496264457703,64,253.452143907547,64,253.59756922721863,64,253.69012832641602,64,253.8514952659607,64,254.00672388076782,64,254.09534406661987,64,254.24179124832153,64,254.44350123405457,64,254.60087513923645,64,254.74149227142334,64,254.78723788261414,64,254.8248291015625,64,254.97360706329346,64,255.1772005558014,64,255.25728678703308,64,255.29514145851135,64,255.33290839195251,64,255.49383091926575,64,255.64192080497742,64,255.78190803527832,64,255.90615892410278,64,256.0522403717041,64,256.106458902359,64,256.268452167511,64,256.31373834609985,64,256.5160038471222,64,256.55379009246826,64,256.5904293060303,64,256.6312675476074,64,256.68667125701904,64,256.84440565109253,64,256.88748121261597,64,256.94640731811523,64,257.09723830223083,64,257.18177676200867,64,257.24014163017273,64,257.4048159122467,64,257.46280097961426,64,257.6010503768921,64,257.6385266780853,64,257.7747824192047,64,257.8107125759125,64,257.98947954177856,64,258.14923882484436,64,258.31902384757996,64,258.35948872566223,64,258.4101574420929,64,258.5624523162842,64,258.6808581352234,64,258.7181634902954,64,258.8801860809326,64,259.01029324531555,64,259.1533899307251,64,259.32068610191345,64,259.4538311958313,64,259.54106760025024,64,259.68980956077576,64,259.7263195514679,64,259.81476759910583,64,259.97514629364014,64,260.12957859039307,64,260.1678876876831,64,260.31332755088806,64,260.3587818145752,64,260.4997043609619,64,260.5543124675751,64,260.700049161911,64,260.86044907569885,64,260.984655380249,64,261.1499345302582,64,261.3045463562012,64,261.39717984199524,64,261.4422917366028,64,261.47929883003235,64,261.6818461418152,64,261.7365701198578,64,261.79115986824036,64,261.828165769577,64,261.9769206047058,64,262.1513147354126,64,262.2833173274994,64,262.4533591270447,64,262.508455991745,64,262.67105412483215,64,262.8205440044403,64,262.97489070892334,64,263.1280107498169,64,263.21820640563965,64,263.2560634613037,64,263.4205663204193,64,263.588586807251,64,263.8061738014221,64,263.95865082740784,64,264.08204889297485,64,264.24530577659607,64,264.3912558555603,64,264.5933094024658,64,264.76283526420593,64,264.8003122806549,64,264.9520261287689,64,264.9924371242523,64,265.11866784095764,64,265.27671241760254,64,265.4423134326935,64,265.4973530769348,64,265.6443929672241,64,265.78901076316833,64,265.8840687274933,64,266.097286939621,64,266.26399540901184,64,266.30132365226746,64,266.3472099304199,64,266.4380235671997,64,266.58521151542664,64,266.7102653980255,64,266.8466157913208,64,267.00747776031494,64,267.14535570144653,64,267.19045782089233,64,267.2274258136749,64,267.32479524612427,64,267.49215602874756,64,267.64735198020935,64,267.7937059402466,64,267.83257722854614,64,267.9905455112457,64,268.0414710044861,64,268.1794445514679,64,268.32972621917725,64,268.38489413261414,64,268.5449802875519,64,268.60315918922424,64,268.6932966709137,64,268.7722508907318,64,268.8156111240387,64,268.9782135486603,64,269.12311911582947,64,269.17761635780334,64,269.3184189796448,64,269.35622358322144,64,269.40732645988464,64,269.5578508377075,64,269.5940728187561,64,269.74521040916443,64,269.8820493221283,64,270.0309000015259,64,270.18733620643616,64,270.24588990211487,64,270.2865014076233,64,270.44451546669006,64,270.59800267219543,64,270.7563638687134,64,270.7937104701996,64,270.87712025642395,64,271.0180616378784,64,271.0611004829407,64,271.0996034145355,64,271.2453074455261,64,271.2839105129242,64,271.43826127052307,64,271.4939560890198,64,271.6576600074768,64,271.812038898468,64,271.972576379776,64,272.11344027519226,64,272.20268034935,64,272.257479429245,64,272.4141981601715,64,272.54070949554443,64,272.7149395942688,64,272.80562376976013,64,272.8443052768707,64,273.0014617443085,64,273.16994976997375,64,273.31486535072327,64,273.35887598991394,64,273.5133967399597,64,273.5593011379242,64,273.70393896102905,64,273.85287380218506,64,273.90772557258606,64,273.9508421421051,64,273.9936420917511,64,274.1513662338257,64,274.28120017051697,64,274.41099977493286,64,274.4538116455078,64,274.6091549396515,64,274.7480471134186,64,274.9148371219635,64,275.08503770828247,64,275.1409864425659,64,275.1771194934845,64,275.3872718811035,64,275.542343378067,64,275.68816447257996,64,275.7798228263855,64,275.81978583335876,64,275.95881724357605,64,276.0016531944275,64,276.03954005241394,64,276.0768373012543,64,276.2049672603607,64,276.3508794307709,64,276.3912467956543,64,276.52875661849976,64,276.6837201118469,64,276.8317391872406,64,277.03701972961426,64,277.2458281517029,64,277.2863116264343,64,277.4917242527008,64,277.649338722229,64,277.7982316017151,64,277.9629256725311,64,278.00344014167786,64,278.0486681461334,64,278.08643913269043,64,278.21647548675537,64,278.3631875514984,64,278.5071425437927,64,278.7250928878784,64,278.8209972381592,64,278.9739465713501,64,279.1822009086609,64,279.3319664001465,64,279.48372292518616,64,279.6153132915497,64,279.6949260234833,64,279.7311556339264,64,279.76807928085327,64,279.8464369773865,64,280.0042026042938,64,280.16657972335815,64,280.30812096595764,64,280.45967388153076,64,280.50083589553833,64,280.53747606277466,64,280.58246302604675,64,280.61819767951965,64,280.7876784801483,64,280.92276430130005,64,281.070383310318,64,281.2393081188202,64,281.27647137641907,64,281.4170060157776,64,281.64972734451294,64,281.72229504585266,64,281.8561317920685,64,282.08333015441895,64,282.2316086292267,64,282.3896219730377,64,282.52609181404114,64,282.564932346344,64,282.7102656364441,64,282.7532088756561,64,282.7910330295563,64,282.95110845565796,64,282.99638509750366,64,283.07567405700684,64,283.2519247531891,64,283.29037618637085,64,283.32863545417786,64,283.3723871707916,64,283.5243339538574,64,283.56270456314087,64,283.7733066082001,64,283.810751914978,64,283.85630202293396,64,283.90192461013794,64,284.10980892181396,64,284.2639672756195,64,284.30755162239075,64,284.52508211135864,64,284.6863269805908,64,284.837673664093,64,284.8784420490265,64,285.0217525959015,64,285.05888056755066,64,285.10464119911194,64,285.26075172424316,64,285.43475365638733,64,285.5819058418274,64,285.63649344444275,64,285.8140959739685,64,285.97420501708984,64,286.1326470375061,64,286.17095136642456,64,286.3090796470642,64,286.34734869003296,64,286.3930332660675,64,286.4381802082062,64,286.63328862190247,64,286.78954100608826,64,286.9418840408325,64,287.08171701431274,64,287.24235224723816,64,287.408269405365,64,287.553640127182,64,287.6092755794525,64,287.69527077674866,64,287.74075841903687,64,287.7861921787262,64,287.82310605049133,64,287.97784090042114,64,288.0162661075592,64,288.1483871936798,64,288.18814063072205,64,288.3559718132019,64,288.3931407928467,64,288.43839406967163,64,288.48901438713074,64,288.65899682044983,64,288.7023251056671,64,288.8470501899719,64,288.99609327316284,64,289.2179753780365,64,289.3716583251953,64,289.5077545642853,64,289.66065979003906,64,289.7058880329132,64,289.74204778671265,64,289.89850974082947,64,289.93636870384216,64,289.9748899936676,64,290.1189341545105,64,290.15577125549316,64,290.211377620697,64,290.24902272224426,64,290.3518719673157,64,290.5006456375122,64,290.6472358703613,64,290.70241260528564,64,290.74045753479004,64,290.8848738670349,64,291.1076657772064,64,291.2481760978699,64,291.3411726951599,64,291.386691570282,64,291.4242420196533,64,291.46165132522583,64,291.5564937591553,64,291.69406747817993,64,291.86671257019043,64,291.909672498703,64,292.0437433719635,64,292.25570821762085,64,292.3012557029724,64,292.43417620658875,64,292.50602412223816,64,292.7046911716461,64,292.7554156780243,64,292.8459646701813,64,293.01971793174744,64,293.1600799560547,64,293.20905113220215,64,293.259384393692,64,293.41289019584656,64,293.5552034378052,64,293.67947936058044,64,293.7708580493927,64,293.9284403324127,64,293.98282074928284,64,294.0199763774872,64,294.2310736179352,64,294.4363281726837,64,294.64731884002686,64,294.7855625152588,64,294.95250606536865,64,295.11028242111206,64,295.1475625038147,64,295.29963183403015,64,295.4540915489197,64,295.6080334186554,64,295.6479799747467,64,295.7907302379608,64,295.8453252315521,64,295.977637052536,64,296.0607793331146,64,296.22272992134094,64,296.39625787734985,64,296.549631357193,64,296.6258068084717,64,296.6629273891449,64,296.70814180374146,64,296.75335717201233,64,296.7905731201172,64,296.88357043266296,64,296.9615993499756,64,297.1227858066559,64,297.2516508102417,64,297.403418302536,64,297.44132685661316,64,297.47818660736084,64,297.5229842662811,64,297.6075761318207,64,297.81027722358704,64,297.953547000885,64,298.0007333755493,64,298.14433455467224,64,298.22893381118774,64,298.31946635246277,64,298.45701026916504,64,298.62446689605713,64,298.7179443836212,64,298.7758758068085,64,298.94492197036743,64,298.9998562335968,64,299.1536431312561,64,299.2949523925781,64,299.4326560497284,64,299.57004857063293,64,299.606885433197,64,299.7456679344177,64,299.7842524051666,64,299.83901500701904,64,299.98084902763367,64,300.0163748264313
0,random graphs/big_layer/r1.5k12n8/graph0.lgbin,2474,291.27204513549805,53,170,0,84,0.197859525680542,60,0.5394406318664551,60,0.8848726749420166,56,1.6810986995697021,53,2.117445230484009,53,2.4192371368408203,53,3.185864210128784,53,3.4856908321380615,53,4.263525485992432,53,5.023410320281982,53,5.321726560592651,53,5.633080244064331,53,6.395153284072876,53,6.705848455429077,53,7.489084005355835,53,8.249311447143555,53,8.602793455123901,53,9.353790521621704,53,9.657838582992554,53,10.430986642837524,53,10.743204355239868,53,11.036822080612183,53,11.30993938446045,53,11.569329500198364,53,12.320698976516724,53,13.088042497634888,53,13.867034673690796,53,14.642289161682129,53,14.940715312957764,53,15.21619963645935,53,15.564803838729858,53,15.913881778717041,53,16.22532057762146,53,16.534385681152344,53,17.306638479232788,53,18.068668127059937,53,18.825563192367554,53,19.594268560409546,53,20.383622646331787,53,21.164060831069946,53,21.471561670303345,53,21.78156065940857,53,22.099658966064453,53,22.868382453918457,53,23.184622049331665,53,23.48334288597107,53,23.80111289024353,53,24.588497638702393,53,25.352588653564453,53,26.1141619682312,53,26.431707620620728,53,27.19471263885498,53,27.483999252319336,53,27.744099855422974,53,28.04508948326111,53,28.317209482192993,53,28.63405728340149,53,29.40532922744751,53,29.69727897644043,53,30.464895486831665,53,30.769630908966064,53,31.550837993621826,53,32.32685375213623,53,32.63608956336975,53,33.405558824539185,53,34.18501830101013,53,34.95324230194092,53,35.723628759384155,53,36.05040764808655,53,36.3425395488739,53,36.63092255592346,53,36.93532943725586,53,37.2317750453949,53,38.006579637527466,53,38.77177119255066,53,39.542683839797974,53,40.307812452316284,53,40.570319175720215,53,40.86857581138611,53,41.16697430610657,53,41.48219156265259,53,42.26784086227417,53,42.52935528755188,53,42.83804392814636,53,43.15560340881348,53,43.93948292732239,53,44.26550769805908,53,44.55812454223633,53,44.85610389709473,53,45.146809101104736,53,45.919530391693115,53,46.691835165023804,53,47.47026538848877,53,47.79065012931824,53,48.10935735702515,53,48.43609094619751,53,48.76058793067932,53,49.54584860801697,53,49.86193299293518,53,50.18278622627258,53,50.960808753967285,53,51.712066650390625,53,52.46714234352112,53,52.79107308387756,53,53.082852840423584,53,53.353352308273315,53,53.65766215324402,53,53.95149040222168,53,54.23603534698486,53,55.0059494972229,53,55.776031255722046,53,56.03193545341492,53,56.79219889640808,53,57.09075117111206,53,57.40552544593811,53,58.18592166900635,53,58.48038864135742,53,58.743342876434326,53,59.06800174713135,53,59.83676362037659,53,60.0874879360199,53,60.39131760597229,53,60.69102644920349,53,61.470542192459106,53,62.23754835128784,53,63.010976791381836,53,63.77652668952942,53,64.10812520980835,53,64.8667209148407,53,65.62373566627502,53,66.39161157608032,53,67.15597820281982,53,67.93450236320496,53,68.23540472984314,53,68.53500628471375,53,68.83254313468933,53,69.15770483016968,53,69.45023131370544,53,70.20405960083008,53,70.96939730644226,53,71.27527379989624,53,71.59421801567078,53,71.90253520011902,53,72.67204332351685,53,72.968740940094,53,73.3004903793335,53,74.07236623764038,53,74.83719897270203,53,75.61428689956665,53,76.39320468902588,53,76.70190048217773,53,77.02787160873413,53,77.80050206184387,53,78.57760071754456,53,78.87077021598816,53,79.64330458641052,53,80.42344045639038,53,81.20624351501465,53,81.5020740032196,53,81.7610445022583,53,82.52687311172485,53,82.80234742164612,53,83.58976674079895,53,83.88227391242981,53,84.65085887908936,53,85.42491245269775,53,85.72013282775879,53,86.49769878387451,53,87.26462030410767,53,88.03342866897583,53,88.80269885063171,53,89.10077548027039,53,89.39683318138123,53,89.71633243560791,53,90.01298379898071,53,90.78457450866699,53,91.54981708526611,53,91.86072635650635,53,92.63143229484558,53,92.9260139465332,53,93.6960597038269,53,93.97173380851746,53,94.29937267303467,53,95.06076335906982,53,95.37174415588379,53,95.64296245574951,53,95.95696020126343,53,96.23275589942932,53,96.99151301383972,53,97.34129309654236,53,97.61118698120117,53,97.91935896873474,53,98.68147659301758,53,98.9778687953949,53,99.75646162033081,53,100.05227017402649,53,100.35488319396973,53,100.65790438652039,53,100.96437168121338,53,101.26975226402283,53,101.56763648986816,53,102.33920979499817,53,102.63338685035706,53,102.95039987564087,53,103.20456171035767,53,103.49829173088074,53,103.79787516593933,53,104.11356520652771,53,104.88499236106873,53,105.65005707740784,53,106.44336438179016,53,107.22272634506226,53,107.99551558494568,53,108.7700560092926,53,109.5452573299408,53,110.3041512966156,53,110.61539220809937,53,111.3877911567688,53,112.14947080612183,53,112.44715785980225,53,113.21558332443237,53,113.57409739494324,53,114.36253261566162,53,114.6205096244812,53,115.38351321220398,53,115.6760721206665,53,115.98588442802429,53,116.75336217880249,53,117.0749020576477,53,117.84535694122314,53,118.15621900558472,53,118.45448660850525,53,119.23036813735962,53,119.99890780448914,53,120.7787709236145,53,121.55742907524109,53,121.86303114891052,53,122.21568274497986,53,122.99186253547668,53,123.29844927787781,53,123.57968735694885,53,123.86676049232483,53,124.62557697296143,53,124.96769762039185,53,125.731192111969,53,126.51520252227783,53,126.80949449539185,53,127.5817174911499,53,128.35163402557373,53,128.60843801498413,53,128.91418194770813,53,129.69668626785278,53,129.96850848197937,53,130.28146600723267,53,130.62245917320251,53,130.9126856327057,53,131.21767854690552,53,132.00514245033264,53,132.77765560150146,53,133.07742309570312,53,133.38328099250793,53,134.1385326385498,53,134.88946914672852,53,135.64135766029358,53,135.8984134197235,53,136.14154434204102,53,136.42102313041687,53,137.16903686523438,53,137.4668526649475,53,137.81322145462036,53,138.11873126029968,53,138.88196539878845,53,139.2051613330841,53,139.53979873657227,53,140.29754400253296,53,140.61341953277588,53,141.39107489585876,53,142.14701437950134,53,142.43643188476562,53,142.7074499130249,53,143.48206424713135,53,143.77031755447388,53,144.51928877830505,53,144.80575942993164,53,145.5371823310852,53,146.28836464881897,53,147.04517602920532,53,147.3758454322815,53,147.67559266090393,53,148.43382096290588,53,148.72580289840698,53,149.47891855239868,53,150.2432508468628,53,150.54022073745728,53,150.82486295700073,53,151.12588143348694,53,151.42082285881042,53,151.70036792755127,53,151.99083495140076,53,152.24493193626404,53,152.52728986740112,53,153.28911662101746,53,153.6217737197876,53,154.37098383903503,53,155.1302936077118,53,155.4689908027649,53,156.2310299873352,53,157.00493359565735,53,157.3123197555542,53,157.58386611938477,53,157.92104935646057,53,158.22530126571655,53,158.99744749069214,53,159.78151106834412,53,160.05167078971863,53,160.35035848617554,53,160.6612627506256,53,160.96039533615112,53,161.7197139263153,53,162.03861021995544,53,162.34793090820312,53,163.10347771644592,53,163.8560562133789,53,164.14242100715637,53,164.43520283699036,53,164.7259442806244,53,165.48415541648865,53,166.2427520751953,53,167.0090024471283,53,167.25502371788025,53,167.53598308563232,53,168.28487086296082,53,168.56303524971008,53,169.29919290542603,53,169.59150052070618,53,169.87884879112244,53,170.17797350883484,53,170.9502034187317,53,171.7135636806488,53,172.47834992408752,53,172.77366399765015,53,173.51511478424072,53,173.80365633964539,53,174.09077882766724,53,174.84576511383057,53,175.6131730079651,53,175.92400455474854,53,176.2044198513031,53,176.50310611724854,53,176.81548690795898,53,177.10066604614258,53,177.42370414733887,53,178.1795575618744,53,178.93991923332214,53,179.7121706008911,53,180.47475957870483,53,180.74051666259766,53,181.04429483413696,53,181.31272220611572,53,182.0745313167572,53,182.84476351737976,53,183.13879704475403,53,183.42180514335632,53,183.7152373790741,53,184.03257989883423,53,184.79233574867249,53,185.553382396698,53,185.8351104259491,53,186.1334671974182,53,186.44628739356995,53,187.21694207191467,53,187.51993775367737,53,187.82024765014648,53,188.12783861160278,53,188.42319917678833,53,189.19073867797852,53,189.5068531036377,53,190.26483058929443,53,190.55834770202637,53,191.31987285614014,53,192.0899019241333,53,192.85014295578003,53,193.14011192321777,53,193.900705575943,53,194.67822432518005,53,194.97956895828247,53,195.30547332763672,53,196.06777596473694,53,196.352685213089,53,196.66746592521667,53,197.4324870109558,53,198.17891454696655,53,198.9324769973755,53,199.23800373077393,53,199.5200798511505,53,200.26684260368347,53,201.01891231536865,53,201.77376222610474,53,202.08107566833496,53,202.4034366607666,53,203.1556785106659,53,203.45372915267944,53,204.21789026260376,53,204.98954701423645,53,205.77046585083008,53,206.5190978050232,53,207.27817225456238,53,207.59287095069885,53,207.89489698410034,53,208.22077178955078,53,208.9825882911682,53,209.7508692741394,53,210.0031349658966,53,210.29954195022583,53,210.61101579666138,53,211.37498426437378,53,212.132737159729,53,212.44861817359924,53,213.213476896286,53,213.97376561164856,53,214.2671320438385,53,214.56716179847717,53,215.33629274368286,53,215.59196758270264,53,216.35936450958252,53,217.11780738830566,53,217.38234853744507,53,217.6662905216217,53,218.4274787902832,53,219.17375802993774,53,219.47412776947021,53,220.22007656097412,53,220.513573884964,53,220.80411624908447,53,221.55514574050903,53,222.29268717765808,53,223.05136275291443,53,223.823748588562,53,224.12811017036438,53,224.88729810714722,53,225.1949863433838,53,225.93111634254456,53,226.23329854011536,53,226.5397651195526,53,226.8478717803955,53,227.1926712989807,53,227.947856426239,53,228.26929235458374,53,229.0247437953949,53,229.3243989944458,53,229.63008189201355,53,229.9448220729828,53,230.24420976638794,53,230.53045535087585,53,231.27755165100098,53,231.5931510925293,53,232.35125589370728,53,232.60652494430542,53,233.35473537445068,53,233.61584210395813,53,233.93430185317993,53,234.23596835136414,53,235.01108646392822,53,235.29990029335022,53,235.59436917304993,53,236.35993146896362,53,236.7081642150879,53,237.01714324951172,53,237.32415318489075,53,237.64919257164001,53,237.96293783187866,53,238.72605514526367,53,239.47904133796692,53,239.79048943519592,53,240.1014769077301,53,240.87329196929932,53,241.6460816860199,53,241.9410948753357,53,242.26660180091858,53,242.55555129051208,53,242.8851625919342,53,243.64759254455566,53,243.9303014278412,53,244.23248624801636,53,245.00797033309937,53,245.7707874774933,53,246.0654113292694,53,246.815331697464,53,247.07826471328735,53,247.3851432800293,53,247.6909852027893,53,248.47560834884644,53,248.78186011314392,53,249.10388135910034,53,249.8822877407074,53,250.64691400527954,53,250.95516157150269,53,251.26190900802612,53,252.0257740020752,53,252.33175134658813,53,252.63462615013123,53,253.39704060554504,53,253.66397190093994,53,254.42754530906677,53,254.72585225105286,53,255.49297285079956,53,255.79645991325378,53,256.1024262905121,53,256.86784982681274,53,257.1588261127472,53,257.46749210357666,53,258.2264733314514,53,258.54533863067627,53,258.84893822669983,53,259.6144371032715,53,260.36885690689087,53,260.68610310554504,53,261.45053148269653,53,261.733603477478,53,262.0217983722687,53,262.33741426467896,53,263.10055136680603,53,263.8600835800171,53,264.1514689922333,53,264.459037065506,53,265.22901010513306,53,265.5104594230652,53,266.2687530517578,53,267.02764558792114,53,267.2950818538666,53,268.0470311641693,53,268.34969210624695,53,269.1051802635193,53,269.4253752231598,53,269.70831656455994,53,269.98154759407043,53,270.7469975948334,53,271.5150218009949,53,271.7947471141815,53,272.05983090400696,53,272.8241608142853,53,273.1353998184204,53,273.4230251312256,53,273.71324825286865,53,274.4717938899994,53,274.7692036628723,53,275.53777623176575,53,276.3029475212097,53,277.078134059906,53,277.3711471557617,53,278.13761949539185,53,278.43993854522705,53,278.76995849609375,53,279.5346734523773,53,279.8402988910675,53,280.17049193382263,53,280.4996430873871,53,281.26438164711,53,281.57976722717285,53,281.8771035671234,53,282.65775752067566,53,283.42424154281616,53,284.1862497329712,53,284.4845459461212,53,285.2723071575165,53,286.05527114868164,53,286.35461616516113,53,286.65155482292175,53,286.9404265880585,53,287.70677161216736,53,288.02348709106445,53,288.80340027809143,53,289.5928268432617,53,290.3382000923157,53,290.6423180103302,53,291.4119713306427,53,291.7181944847107,53,292.476749420166,53,293.23858857154846,53,293.5422625541687,53,294.29622626304626,53,295.0645079612732,53,295.3677427768707,53,296.12605333328247,53,296.87693428993225,53,297.1769230365753,53,297.5052671432495,53,297.74814772605896,53,298.01766896247864,53,298.78472995758057,53,299.08546566963196,53,299.41128945350647,53,299.71715569496155,53,300.0272467136383
1,random graphs/big_layer/r1.5k12n8/graph1.lgbin,2474,291.28690123558044,61,146,0,83,0.3385660648345947,61,0.9859714508056641,61,1.373905897140503,61,1.8509776592254639,61,2.2380073070526123,61,2.7084949016571045,61,3.0921497344970703,61,3.5633134841918945,61,3.9464824199676514,61,4.422602653503418,61,4.803604364395142,61,5.277352809906006,61,5.656123638153076,61,6.130848169326782,61,6.4813196659088135,61,6.863614082336426,61,7.187682867050171,61,7.570521593093872,61,8.04856014251709,61,8.431607723236084,61,8.814234018325806,61,9.192669868469238,61,9.572063446044922,61,9.954630851745605,61,10.336690902709961,61,10.720837354660034,61,11.200675964355469,61,11.677814960479736,61,12.079910278320312,61,12.460871934890747,61,12.84282636642456,61,13.170077562332153,61,13.558643579483032,61,13.874114751815796,61,14.203958749771118,61,14.530858755111694,61,14.910110712051392,61,15.22294807434082,61,15.693761110305786,61,16.163987636566162,61,16.493835926055908,61,16.890883922576904,61,17.36342477798462,61,17.741650104522705,61,18.066043853759766,61,18.538758039474487,61,19.008504152297974,61,19.48467755317688,61,19.962430715560913,61,20.43574023246765,61,20.9121994972229,61,21.387223720550537,61,21.864612340927124,61,22.344200372695923,61,22.66314435005188,61,23.143380880355835,61,23.54006791114807,61,23.925724983215332,61,24.311028242111206,61,24.635339498519897,61,25.10329842567444,61,25.574840784072876,61,25.955869913101196,61,26.353334665298462,61,26.734667778015137,61,27.21092200279236,61,27.68434429168701,61,28.011120319366455,61,28.486844539642334,61,28.873127937316895,61,29.246865034103394,61,29.724975109100342,61,30.100229740142822,61,30.484936475753784,61,30.86818528175354,61,31.194034337997437,61,31.670141458511353,61,32.05873966217041,61,32.52273154258728,61,32.899389028549194,61,33.28165340423584,61,33.66023540496826,61,34.03909611701965,61,34.421818256378174,61,34.89391016960144,61,35.36953687667847,61,35.69770050048828,61,36.1758713722229,61,36.646899461746216,61,37.031769037246704,61,37.431753158569336,61,37.83212423324585,61,38.21459341049194,61,38.5924859046936,61,38.98717784881592,61,39.46356773376465,61,39.856305837631226,61,40.2423837184906,61,40.71579384803772,61,41.101712465286255,61,41.577593088150024,61,41.96321225166321,61,42.281901836395264,61,42.75487399101257,61,43.228628396987915,61,43.61859607696533,61,43.99510169029236,61,44.46983337402344,61,44.84561824798584,61,45.23176383972168,61,45.63218903541565,61,46.104310512542725,61,46.438610792160034,61,46.91582155227661,61,47.39246344566345,61,47.77586030960083,61,48.15090084075928,61,48.6264066696167,61,49.009488582611084,61,49.39250874519348,61,49.86759305000305,61,50.345303535461426,61,50.822792768478394,61,51.217928409576416,61,51.69220566749573,61,52.07776856422424,61,52.45681977272034,61,52.768404960632324,61,53.24788808822632,61,53.63001537322998,61,54.03177738189697,61,54.50990271568298,61,54.905795097351074,61,55.293306827545166,61,55.690245389938354,61,56.006423234939575,61,56.48048400878906,61,56.867226362228394,61,57.342806339263916,61,57.65744638442993,61,57.9849534034729,61,58.365314245224,61,58.74817705154419,61,59.07033443450928,61,59.545403242111206,61,59.927576780319214,61,60.3995087146759,61,60.77567744255066,61,61.121805906295776,61,61.59689688682556,61,61.94478917121887,61,62.325417041778564,61,62.666722536087036,61,63.14558434486389,61,63.53491926193237,61,63.933205366134644,61,64.31848764419556,61,64.65875625610352,61,64.97926712036133,61,65.30743908882141,61,65.65413045883179,61,66.03502345085144,61,66.43383979797363,61,66.81639575958252,61,67.19848251342773,61,67.70139765739441,61,68.05229449272156,61,68.44424366950989,61,68.92043590545654,61,69.30704355239868,61,69.62926173210144,61,70.01410174369812,61,70.40883827209473,61,70.72771763801575,61,71.0550422668457,61,71.43540525436401,61,71.91501760482788,61,72.39524674415588,61,72.78238797187805,61,73.16291117668152,61,73.62789535522461,61,74.0011191368103,61,74.32160663604736,61,74.79827809333801,61,75.16119360923767,61,75.54236245155334,61,75.91450047492981,61,76.3133544921875,61,76.78910732269287,61,77.17584180831909,61,77.5613477230072,61,77.93803310394287,61,78.41313624382019,61,78.75572752952576,61,79.23243308067322,61,79.71171712875366,61,80.10219597816467,61,80.5801293849945,61,80.97126054763794,61,81.3167052268982,61,81.79336667060852,61,82.17848014831543,61,82.56286931037903,61,83.03455471992493,61,83.50777864456177,61,83.98580384254456,61,84.46264982223511,61,84.93656301498413,61,85.40906810760498,61,85.79077935218811,61,86.17356562614441,61,86.64685988426208,61,87.03219723701477,61,87.36083555221558,61,87.7475311756134,61,88.14503502845764,61,88.53621888160706,61,88.92320561408997,61,89.39888906478882,61,89.723308801651,61,90.20619177818298,61,90.53594398498535,61,91.01248574256897,61,91.48673009872437,61,91.87286257743835,61,92.20204591751099,61,92.67604780197144,61,93.0835280418396,61,93.46170997619629,61,93.84659671783447,61,94.17903256416321,61,94.56394004821777,61,94.94507646560669,61,95.33803081512451,61,95.66305661201477,61,96.04738712310791,61,96.43011617660522,61,96.90828371047974,61,97.24554944038391,61,97.72489333152771,61,98.20223474502563,61,98.68492865562439,61,99.16209244728088,61,99.49363780021667,61,99.89500570297241,61,100.36256265640259,61,100.75040602684021,61,101.22718095779419,61,101.59871125221252,61,101.91896343231201,61,102.29926109313965,61,102.68168783187866,61,103.15854048728943,61,103.62444949150085,61,104.00897240638733,61,104.48061394691467,61,104.95711088180542,61,105.34839391708374,61,105.82698488235474,61,106.21223258972168,61,106.68645930290222,61,107.15961003303528,61,107.54762363433838,61,108.02434277534485,61,108.5029947757721,61,108.97955012321472,61,109.36005806922913,61,109.73872256278992,61,110.22031617164612,61,110.69384717941284,61,111.07195544242859,61,111.54835724830627,61,111.92679929733276,61,112.40082049369812,61,112.87336850166321,61,113.24255561828613,61,113.63781309127808,61,114.10725855827332,61,114.58307886123657,61,115.05831408500671,61,115.45787501335144,61,115.83952450752258,61,116.22166442871094,61,116.69801259040833,61,117.17526459693909,61,117.55937504768372,61,117.88066816329956,61,118.35646653175354,61,118.72677183151245,61,119.10346007347107,61,119.57742166519165,61,120.04484272003174,61,120.42844820022583,61,120.80941820144653,61,121.19114470481873,61,121.65976333618164,61,122.03210139274597,61,122.36681199073792,61,122.75104427337646,61,123.22508454322815,61,123.61710572242737,61,123.93621563911438,61,124.41238474845886,61,124.88558840751648,61,125.26756834983826,61,125.64871788024902,61,126.11998796463013,61,126.59594941139221,61,127.07543659210205,61,127.39303994178772,61,127.7738733291626,61,128.1753008365631,61,128.65114068984985,61,129.12278056144714,61,129.44419527053833,61,129.82987427711487,61,130.21130108833313,61,130.59762978553772,61,131.07586336135864,61,131.4618535041809,61,131.9379689693451,61,132.31764388084412,61,132.79591178894043,61,133.12609434127808,61,133.5275285243988,61,134.00094985961914,61,134.31309032440186,61,134.78427648544312,61,135.16363906860352,61,135.5470016002655,61,136.02181363105774,61,136.40661096572876,61,136.80662512779236,61,137.27897882461548,61,137.6611931324005,61,138.16703271865845,61,138.5551369190216,61,139.02704668045044,61,139.5025019645691,61,139.97909379005432,61,140.34867906570435,61,140.73076152801514,61,141.11591696739197,61,141.5982768535614,61,142.08761525154114,61,142.590313911438,61,143.06784009933472,61,143.41521406173706,61,143.79931807518005,61,144.1807770729065,61,144.65545558929443,61,145.13017916679382,61,145.6072461605072,61,145.99810099601746,61,146.4742991924286,61,146.82124280929565,61,147.19743609428406,61,147.6723117828369,61,148.05687499046326,61,148.43809342384338,61,148.80705451965332,61,149.18879652023315,61,149.56692171096802,61,149.94002556800842,61,150.26032876968384,61,150.57944345474243,61,150.96001863479614,61,151.43088340759277,61,151.75798869132996,61,152.22823190689087,61,152.60911870002747,61,152.99591493606567,61,153.31204557418823,61,153.7846601009369,61,154.16710901260376,61,154.64256811141968,61,155.0363688468933,61,155.41476154327393,61,155.88701939582825,61,156.20395159721375,61,156.5826072692871,61,157.05705189704895,61,157.53691983222961,61,157.92279648780823,61,158.3956744670868,61,158.77756810188293,61,159.25064659118652,61,159.7265796661377,61,160.12768483161926,61,160.59917306900024,61,160.97842478752136,61,161.36267709732056,61,161.76451873779297,61,162.14666104316711,61,162.62160968780518,61,163.00308847427368,61,163.3869776725769,61,163.77645587921143,61,164.16102695465088,61,164.4834794998169,61,164.95826029777527,61,165.43443655967712,61,165.8218240737915,61,166.20848488807678,61,166.59650707244873,61,167.08908438682556,61,167.56534695625305,61,167.9486494064331,61,168.3492715358734,61,168.8266863822937,61,169.2103521823883,61,169.68738889694214,61,170.0649561882019,61,170.39119362831116,61,170.77794766426086,61,171.17441987991333,61,171.55442643165588,61,171.95139479637146,61,172.33425331115723,61,172.80373525619507,61,173.2738902568817,61,173.66750049591064,61,174.1395127773285,61,174.6162233352661,61,175.08880615234375,61,175.4787814617157,61,175.88035535812378,61,176.3560037612915,61,176.68281173706055,61,177.1553819179535,61,177.62481236457825,61,178.00341248512268,61,178.3496778011322,61,178.7230246067047,61,179.11004066467285,61,179.4368040561676,61,179.76760387420654,61,180.26307010650635,61,180.64015293121338,61,181.02192568778992,61,181.40542364120483,61,181.78735661506653,61,182.17022156715393,61,182.6501660346985,61,183.12337613105774,61,183.59736824035645,61,184.07292199134827,61,184.39999103546143,61,184.86781430244446,61,185.34267163276672,61,185.81384325027466,61,186.20111846923828,61,186.59934663772583,61,186.97898888587952,61,187.36149215698242,61,187.7426540851593,61,188.1242094039917,61,188.60060954093933,61,188.9800682067871,61,189.36393094062805,61,189.84063148498535,61,190.1671438217163,61,190.54122614860535,61,190.92354536056519,61,191.39870142936707,61,191.7843737602234,61,192.16945552825928,61,192.54867815971375,61,193.02717661857605,61,193.50333833694458,61,193.9855170249939,61,194.3706169128418,61,194.75681805610657,61,195.22674751281738,61,195.55267143249512,61,195.94403648376465,61,196.32655024528503,61,196.7104368209839,61,197.09171748161316,61,197.56982946395874,61,197.91787433624268,61,198.40165495872498,61,198.72288012504578,61,199.10369729995728,61,199.5769603252411,61,199.9688823223114,61,200.46964311599731,61,200.8642201423645,61,201.1956672668457,61,201.6809368133545,61,202.15806770324707,61,202.56502604484558,61,202.9522988796234,61,203.43179965019226,61,203.77543306350708,61,204.12346029281616,61,204.50860595703125,61,204.8921022415161,61,205.28121995925903,61,205.66200947761536,61,206.13588285446167,61,206.6160340309143,61,207.008074760437,61,207.39113879203796,61,207.8682987689972,61,208.3488199710846,61,208.74524807929993,61,209.22631525993347,61,209.60548043251038,61,210.0804841518402,61,210.46508359909058,61,210.94434452056885,61,211.42000222206116,61,211.90051531791687,61,212.29273104667664,61,212.76564478874207,61,213.2396969795227,61,213.71734356880188,61,214.09765911102295,61,214.48273587226868,61,214.8025107383728,61,215.2001349925995,61,215.53814220428467,61,216.02197194099426,61,216.51183533668518,61,216.91179609298706,61,217.31289958953857,61,217.79026198387146,61,218.17814445495605,61,218.56044697761536,61,218.9494025707245,61,219.3264639377594,61,219.71234130859375,61,220.21192121505737,61,220.68484616279602,61,221.0713653564453,61,221.45692682266235,61,221.83055329322815,61,222.29874777793884,61,222.67956376075745,61,223.15390181541443,61,223.63045358657837,61,224.01220631599426,61,224.48644971847534,61,224.80754923820496,61,225.27695226669312,61,225.74903917312622,61,226.22326493263245,61,226.69907236099243,61,227.07515501976013,61,227.54470014572144,61,228.01823711395264,61,228.39775443077087,61,228.87556338310242,61,229.26347374916077,61,229.64513516426086,61,230.11604619026184,61,230.58403301239014,61,230.9552285671234,61,231.32695651054382,61,231.7083580493927,61,232.10361456871033,61,232.46889185905457,61,232.78640842437744,61,233.25785112380981,61,233.72315764427185,61,234.1944808959961,61,234.66471695899963,61,235.06214380264282,61,235.4395227432251,61,235.91136741638184,61,236.38424372673035,61,236.78151941299438,61,237.16044425964355,61,237.5335772037506,61,237.91574382781982,61,238.2948353290558,61,238.67488360404968,61,239.00426411628723,61,239.3743450641632,61,239.84332132339478,61,240.23847103118896,61,240.71355485916138,61,241.19182419776917,61,241.57676005363464,61,242.05661153793335,61,242.38736391067505,61,242.8617353439331,61,243.19429349899292,61,243.58720469474792,61,243.9684238433838,61,244.4449417591095,61,244.82439422607422,61,245.15154099464417,61,245.49328017234802,61,245.81964993476868,61,246.20013856887817,61,246.66686606407166,61,247.13552975654602,61,247.45553731918335,61,247.92954444885254,61,248.39917302131653,61,248.7215015888214,61,249.19490838050842,61,249.5797462463379,61,249.89567303657532,61,250.27573537826538,61,250.5958592891693,61,251.0595064163208,61,251.55694341659546,61,252.03184747695923,61,252.4172079563141,61,252.7423906326294,61,253.21595311164856,61,253.56490874290466,61,253.9509334564209,61,254.42273449897766,61,254.89225792884827,61,255.269029378891,61,255.65014052391052,61,255.9719042778015,61,256.3550088405609,61,256.81951689720154,61,257.2856059074402,61,257.7552387714386,61,258.0969820022583,61,258.48397183418274,61,258.8664252758026,61,259.33841586112976,61,259.72021484375,61,260.1950764656067,61,260.5728209018707,61,261.0440227985382,61,261.42616081237793,61,261.80469489097595,61,262.2711338996887,61,262.65230226516724,61,262.9747359752655,61,263.3430097103119,61,263.81506609916687,61,264.30899691581726,61,264.68468475341797,61,265.15949010849,61,265.631511926651,61,266.0944170951843,61,266.45909428596497,61,266.92618107795715,61,267.30192828178406,61,267.6175813674927,61,268.0058944225311,61,268.3902518749237,61,268.7519016265869,61,269.06980323791504,61,269.38158106803894,61,269.84864354133606,61,270.2295174598694,61,270.6060400009155,61,270.968163728714,61,271.43812894821167,61,271.7990310192108,61,272.2669463157654,61,272.63548517227173,61,272.94100999832153,61,273.254510641098,61,273.6205232143402,61,273.9963459968567,61,274.36741638183594,61,274.72090458869934,61,275.18563628196716,61,275.5554897785187,61,275.92937421798706,61,276.303742647171,61,276.7628276348114,61,277.067702293396,61,277.5349106788635,61,277.90809082984924,61,278.3653562068939,61,278.8384327888489,61,279.3098077774048,61,279.6850833892822,61,280.15946793556213,61,280.62441086769104,61,281.0050549507141,61,281.46697759628296,61,281.93968629837036,61,282.3252213001251,61,282.70389676094055,61,283.0162510871887,61,283.3798997402191,61,283.8501064777374,61,284.23962140083313,61,284.6247355937958,61,284.9529917240143,61,285.4252407550812,61,285.90310049057007,61,286.2119948863983,61,286.5523490905762,61,286.9308195114136,61,287.29873394966125,61,287.77483916282654,61,288.1503083705902,61,288.5189893245697,61,288.90124225616455,61,289.2801387310028,61,289.74769043922424,61,290.2180709838867,61,290.59993839263916,61,290.97756814956665,61,291.4694893360138,61,291.8463306427002,61,292.3159337043762,61,292.7003183364868,61,293.0695869922638,61,293.54499912261963,61,293.93073868751526,61,294.39842224121094,61,294.7191390991211,61,295.09660029411316,61,295.482280254364,61,295.9532005786896,61,296.3331367969513,61,296.71383810043335,61,297.1098666191101,61,297.4836337566376,61,297.9500424861908,61,298.4199388027191,61,298.8843946456909,61,299.24609184265137,61,299.6187286376953,61,300.03268003463745
2,random graphs/big_layer/r1.5k12n8/graph2.lgbin,2474,289.90847849845886,47,109,0,62,0.30196714401245117,47,0.794044017791748,47,1.093052864074707,47,1.5233721733093262,47,1.9681849479675293,47,2.2766213417053223,47,2.581324577331543,47,3.0165481567382812,47,3.3438422679901123,47,3.79445219039917,47,4.111833333969116,47,4.559636354446411,47,4.876046180725098,47,5.330413341522217,47,5.640576124191284,47,5.953497886657715,47,6.252134084701538,47,6.5544514656066895,47,6.871674299240112,47,7.179790019989014,47,7.4947521686553955,47,7.947979688644409,47,8.250713109970093,47,8.561069250106812,47,8.867264986038208,47,9.336453914642334,47,9.797586441040039,47,10.106085538864136,47,10.55968189239502,47,10.88913631439209,47,11.357299327850342,47,11.681844472885132,47,12.156306743621826,47,12.611903190612793,47,12.918294191360474,47,13.243889331817627,47,13.690046072006226,47,14.14441466331482,47,14.46212363243103,47,14.786097526550293,47,15.11284351348877,47,15.573918342590332,47,16.031343936920166,47,16.35979175567627,47,16.8057861328125,47,17.104957818984985,47,17.573684215545654,47,17.907134771347046,47,18.22905468940735,47,18.566495180130005,47,18.889118671417236,47,19.231329441070557,47,19.69361710548401,47,20.006561517715454,47,20.459963083267212,47,20.927709817886353,47,21.254706382751465,47,21.632391929626465,47,21.969402074813843,47,22.297605752944946,47,22.601074695587158,47,22.90271806716919,47,23.22853112220764,47,23.549113273620605,47,23.858855724334717,47,24.31185793876648,47,24.76814603805542,47,25.218804121017456,47,25.536051273345947,47,25.991487503051758,47,26.3206148147583,47,26.623949766159058,47,26.942684412002563,47,27.401697874069214,47,27.74981951713562,47,28.06863832473755,47,28.373148441314697,47,28.680545568466187,47,29.125519514083862,47,29.452779054641724,47,29.906819820404053,47,30.381685972213745,47,30.700618505477905,47,31.038148880004883,47,31.360920429229736,47,31.671894788742065,47,31.982846975326538,47,32.307403326034546,47,32.751713275909424,47,33.21644067764282,47,33.65865921974182,47,33.983370304107666,47,34.30791997909546,47,34.680686950683594,47,35.01662230491638,47,35.35024619102478,47,35.668051958084106,47,36.116432905197144,47,36.576882123947144,47,37.02179789543152,47,37.33939528465271,47,37.68404197692871,47,37.996013879776,47,38.46133613586426,47,38.909953594207764,47,39.35338830947876,47,39.65306210517883,47,39.96440315246582,47,40.25848650932312,47,40.712239027023315,47,41.03390121459961,47,41.34511661529541,47,41.646666526794434,47,42.09842276573181,47,42.45704245567322,47,42.90921759605408,47,43.215174436569214,47,43.54632878303528,47,43.86704754829407,47,44.16668701171875,47,44.63594031333923,47,45.10791778564453,47,45.57343602180481,47,46.03329873085022,47,46.33153748512268,47,46.664780139923096,47,47.112016677856445,47,47.57389283180237,47,48.02476716041565,47,48.34122610092163,47,48.79066610336304,47,49.231727600097656,47,49.548100233078,47,49.866344690322876,47,50.31121277809143,47,50.762531757354736,47,51.08122944831848,47,51.391966104507446,47,51.83771085739136,47,52.149354696273804,47,52.59536552429199,47,53.03506255149841,47,53.490586042404175,47,53.80823063850403,47,54.12551426887512,47,54.57375979423523,47,54.90526580810547,47,55.23528742790222,47,55.55691456794739,47,55.893842935562134,47,56.21790409088135,47,56.555869340896606,47,56.867635011672974,47,57.18701410293579,47,57.518420457839966,47,57.837159872055054,47,58.16584634780884,47,58.629302740097046,47,58.950552463531494,47,59.26086235046387,47,59.58214282989502,47,59.93978309631348,47,60.39302682876587,47,60.7104332447052,47,61.02725553512573,47,61.3458948135376,47,61.814794301986694,47,62.26360607147217,47,62.58304715156555,47,63.04721713066101,47,63.49763369560242,47,63.82701349258423,47,64.28591060638428,47,64.62799453735352,47,65.07824206352234,47,65.41019129753113,47,65.86392068862915,47,66.19181299209595,47,66.65886282920837,47,67.00994849205017,47,67.33792018890381,47,67.65763783454895,47,68.10459589958191,47,68.42566657066345,47,68.75529980659485,47,69.07842755317688,47,69.45983028411865,47,69.90704417228699,47,70.22883725166321,47,70.53997254371643,47,71.00424814224243,47,71.32792282104492,47,71.65142130851746,47,72.1132423877716,47,72.56792092323303,47,72.86255311965942,47,73.16293859481812,47,73.46412301063538,47,73.81565189361572,47,74.28259181976318,47,74.74890112876892,47,75.19942855834961,47,75.65233397483826,47,76.01554036140442,47,76.34326887130737,47,76.6660795211792,47,76.98491406440735,47,77.36625146865845,47,77.68767023086548,47,78.13474297523499,47,78.45362782478333,47,78.92100429534912,47,79.38148140907288,47,79.7058675289154,47,80.17024898529053,47,80.48186135292053,47,80.80519676208496,47,81.28115177154541,47,81.73651647567749,47,82.06605792045593,47,82.395339012146,47,82.72341537475586,47,83.18853735923767,47,83.50571537017822,47,83.83808827400208,47,84.30560421943665,47,84.77512693405151,47,85.08592820167542,47,85.38289999961853,47,85.70206236839294,47,86.02845239639282,47,86.49617433547974,47,86.81538367271423,47,87.2621214389801,47,87.59365510940552,47,88.05615401268005,47,88.38261556625366,47,88.83033728599548,47,89.28227806091309,47,89.74460768699646,47,90.18536758422852,47,90.51066589355469,47,90.98003077507019,47,91.30278635025024,47,91.75821495056152,47,92.06863307952881,47,92.38940453529358,47,92.85390830039978,47,93.32019758224487,47,93.62228989601135,47,93.92851305007935,47,94.25961375236511,47,94.58058142662048,47,94.90227341651917,47,95.34815168380737,47,95.65418291091919,47,95.97659468650818,47,96.27130794525146,47,96.71662926673889,47,97.19086384773254,47,97.52156805992126,47,97.84853744506836,47,98.18421339988708,47,98.65318846702576,47,98.97060680389404,47,99.44063997268677,47,99.75811982154846,47,100.06532025337219,47,100.38730192184448,47,100.85661172866821,47,101.17375683784485,47,101.62955379486084,47,101.95024251937866,47,102.41712975502014,47,102.86393022537231,47,103.30624914169312,47,103.75552868843079,47,104.1955029964447,47,104.49665474891663,47,104.93469023704529,47,105.24169111251831,47,105.570321559906,47,106.02660346031189,47,106.33349204063416,47,106.77666592597961,47,107.23253560066223,47,107.70461583137512,47,108.16631293296814,47,108.6181960105896,47,108.92851281166077,47,109.3954062461853,47,109.89535689353943,47,110.22750639915466,47,110.58466482162476,47,111.03758597373962,47,111.36320042610168,47,111.67718195915222,47,111.99067878723145,47,112.43470668792725,47,112.76165986061096,47,113.08217120170593,47,113.5384373664856,47,113.84976983070374,47,114.16920804977417,47,114.47002935409546,47,114.77279257774353,47,115.21968746185303,47,115.5418062210083,47,115.85397624969482,47,116.1705391407013,47,116.61478543281555,47,116.92867016792297,47,117.39457130432129,47,117.86663126945496,47,118.17719507217407,47,118.64234805107117,47,119.09023332595825,47,119.42300462722778,47,119.73361730575562,47,120.18877005577087,47,120.49457836151123,47,120.95620656013489,47,121.40007424354553,47,121.72067141532898,47,122.16971015930176,47,122.49075198173523,47,122.80876874923706,47,123.26316165924072,47,123.58615398406982,47,123.88942623138428,47,124.22046709060669,47,124.68547558784485,47,125.01828050613403,47,125.34791588783264,47,125.6668541431427,47,125.99594593048096,47,126.30453324317932,47,126.62521457672119,47,126.93849730491638,47,127.28035497665405,47,127.59940147399902,47,128.0435655117035,47,128.35675263404846,47,128.7334485054016,47,129.18673300743103,47,129.50351119041443,47,129.97164344787598,47,130.2868366241455,47,130.62071776390076,47,131.07627701759338,47,131.39609837532043,47,131.7117793560028,47,132.02450442314148,47,132.34906125068665,47,132.66612720489502,47,132.99327993392944,47,133.4509744644165,47,133.9652419090271,47,134.2802176475525,47,134.59858322143555,47,134.9135284423828,47,135.22501230239868,47,135.53864693641663,47,135.8425543308258,47,136.15474843978882,47,136.47565841674805,47,136.7846577167511,47,137.2312171459198,47,137.54629683494568,47,137.9967484474182,47,138.46005249023438,47,138.91016244888306,47,139.22135710716248,47,139.53554248809814,47,139.8556456565857,47,140.16855478286743,47,140.6261692047119,47,140.9422209262848,47,141.38663864135742,47,141.82753372192383,47,142.2716658115387,47,142.58116674423218,47,143.02690029144287,47,143.34580421447754,47,143.6464879512787,47,144.11394572257996,47,144.4296932220459,47,144.74448561668396,47,145.04566526412964,47,145.54744052886963,47,146.0079665184021,47,146.3266932964325,47,146.64307856559753,47,146.96907448768616,47,147.27951192855835,47,147.6111831665039,47,148.06848526000977,47,148.51778388023376,47,148.97730469703674,47,149.44642853736877,47,149.77551770210266,47,150.08159947395325,47,150.56486678123474,47,150.88817477226257,47,151.35312366485596,47,151.7996690273285,47,152.1026201248169,47,152.4206292629242,47,152.88530802726746,47,153.20396852493286,47,153.5260365009308,47,153.98275303840637,47,154.31350779533386,47,154.63595342636108,47,155.03118467330933,47,155.33723044395447,47,155.79256558418274,47,156.24852085113525,47,156.5614631175995,47,156.86625981330872,47,157.3218855857849,47,157.64631032943726,47,158.10600757598877,47,158.4270453453064,47,158.8822000026703,47,159.20031905174255,47,159.65445184707642,47,159.98164415359497,47,160.45093822479248,47,160.9062623977661,47,161.22730565071106,47,161.54898715019226,47,162.0035548210144,47,162.46478271484375,47,162.76533389091492,47,163.22434449195862,47,163.55658388137817,47,164.02360033988953,47,164.47310996055603,47,164.9280617237091,47,165.2371370792389,47,165.5522162914276,47,165.86518812179565,47,166.314954996109,47,166.7698268890381,47,167.09675216674805,47,167.42493104934692,47,167.72470927238464,47,168.04990911483765,47,168.51814436912537,47,168.97829341888428,47,169.2958104610443,47,169.60306787490845,47,169.90987920761108,47,170.216406583786,47,170.67142391204834,47,170.99128603935242,47,171.43363046646118,47,171.8195366859436,47,172.1423065662384,47,172.4646077156067,47,172.79212284088135,47,173.1203966140747,47,173.4451813697815,47,173.76949954032898,47,174.08073329925537,47,174.39222931861877,47,174.85932159423828,47,175.17664003372192,47,175.6333827972412,47,175.94986295700073,47,176.4087827205658,47,176.72177696228027,47,177.17953729629517,47,177.64286518096924,47,178.1170883178711,47,178.43154644966125,47,178.90244460105896,47,179.3775293827057,47,179.84932398796082,47,180.18234634399414,47,180.51669216156006,47,180.98559093475342,47,181.2940227985382,47,181.74694299697876,47,182.07789874076843,47,182.3973569869995,47,182.72948169708252,47,183.0504231452942,47,183.36802673339844,47,183.6682469844818,47,184.12222528457642,47,184.59632682800293,47,184.90664052963257,47,185.21710062026978,47,185.6647207736969,47,185.9771866798401,47,186.31226348876953,47,186.7807855606079,47,187.24520015716553,47,187.71703815460205,47,188.03383803367615,47,188.48910665512085,47,188.94128274917603,47,189.39349007606506,47,189.85004043579102,47,190.170756816864,47,190.61975836753845,47,191.07589745521545,47,191.5250382423401,47,191.8372540473938,47,192.29066848754883,47,192.6023805141449,47,193.06007409095764,47,193.36383938789368,47,193.81141471862793,47,194.27399969100952,47,194.56881427764893,47,194.88326621055603,47,195.32904863357544,47,195.78906917572021,47,196.11381602287292,47,196.44366717338562,47,196.77539563179016,47,197.09210586547852,47,197.4115002155304,47,197.87584590911865,47,198.18732953071594,47,198.49539756774902,47,198.81346583366394,47,199.12110590934753,47,199.4340798854828,47,199.8855390548706,47,200.20307230949402,47,200.67082524299622,47,200.98960614204407,47,201.31254315376282,47,201.61795139312744,47,202.08351039886475,47,202.40392470359802,47,202.87271070480347,47,203.33849263191223,47,203.78903150558472,47,204.10793566703796,47,204.43264389038086,47,204.7568109035492,47,205.07459115982056,47,205.3934190273285,47,205.70046019554138,47,206.03049516677856,47,206.50010538101196,47,206.97598004341125,47,207.27799129486084,47,207.57753157615662,47,207.90706634521484,47,208.23143887519836,47,208.55631494522095,47,208.87457609176636,47,209.32243180274963,47,209.77931880950928,47,210.249906539917,47,210.7053632736206,47,211.0250267982483,47,211.49245762825012,47,211.97066521644592,47,212.4119474887848,47,212.79300904273987,47,213.1057093143463,47,213.5823221206665,47,213.91020369529724,47,214.22914099693298,47,214.5340883731842,47,214.99075722694397,47,215.32984447479248,47,215.78727412223816,47,216.11445260047913,47,216.43451833724976,47,216.75316953659058,47,217.20114994049072,47,217.53407549858093,47,217.8708245754242,47,218.17970275878906,47,218.5078890323639,47,218.9533851146698,47,219.27270650863647,47,219.57276225090027,47,219.89223718643188,47,220.20568346977234,47,220.51819133758545,47,220.984712600708,47,221.329571723938,47,221.64782285690308,47,221.9628348350525,47,222.28882384300232,47,222.7474184036255,47,223.21913051605225,47,223.6811761856079,47,224.13384103775024,47,224.45699834823608,47,224.77558875083923,47,225.12435817718506,47,225.58119916915894,47,225.9016830921173,47,226.23303413391113,47,226.56241846084595,47,227.02180981636047,47,227.3496491909027,47,227.68018102645874,47,228.00154614448547,47,228.32375144958496,47,228.65735054016113,47,228.9848437309265,47,229.43723392486572,47,229.76128792762756,47,230.0539960861206,47,230.36879992485046,47,230.82696104049683,47,231.29972982406616,47,231.61521577835083,47,231.94646310806274,47,232.2486732006073,47,232.69305205345154,47,233.00428867340088,47,233.4477081298828,47,233.911288022995,47,234.23332595825195,47,234.53335332870483,47,234.85242867469788,47,235.15785384178162,47,235.4484372138977,47,235.7683811187744,47,236.08200645446777,47,236.40514397621155,47,236.72699904441833,47,237.01906418800354,47,237.31994152069092,47,237.63473892211914,47,237.969411611557,47,238.41229462623596,47,238.85261034965515,47,239.16042757034302,47,239.46755957603455,47,239.78639245033264,47,240.17847728729248,47,240.51052570343018,47,240.96856665611267,47,241.28590440750122,47,241.61663675308228,47,242.0761148929596,47,242.5247519016266,47,242.82402276992798,47,243.2826850414276,47,243.61936593055725,47,243.94907307624817,47,244.26408505439758,47,244.58084106445312,47,244.8955681324005,47,245.22680830955505,47,245.68653893470764,47,246.0136435031891,47,246.34619331359863,47,246.64770817756653,47,247.10326480865479,47,247.56565737724304,47,247.87655067443848,47,248.3309895992279,47,248.65140628814697,47,249.10794973373413,47,249.42828607559204,47,249.74834871292114,47,250.07462620735168,47,250.52670407295227,47,250.97707653045654,47,251.42997527122498,47,251.74999022483826,47,252.21014976501465,47,252.52670884132385,47,252.84506726264954,47,253.36183786392212,47,253.81484484672546,47,254.28830671310425,47,254.61261010169983,47,254.946918964386,47,255.4130940437317,47,255.7363748550415,47,256.2007863521576,47,256.66630148887634,47,257.1479444503784,47,257.48765993118286,47,257.81846046447754,47,258.1481418609619,47,258.60793805122375,47,259.057550907135,47,259.4266953468323,47,259.90381693840027,47,260.3556787967682,47,260.68357133865356,47,261.15120697021484,47,261.4825406074524,47,261.8045406341553,47,262.26233744621277,47,262.58402729034424,47,262.8996648788452,47,263.23274874687195,47,263.55022406578064,47,264.0489203929901,47,264.3769061565399,47,264.7049653530121,47,265.1542778015137,47,265.613187789917,47,265.9276132583618,47,266.24616503715515,47,266.73779582977295,47,267.207270860672,47,267.66548919677734,47,267.9868562221527,47,268.3126208782196,47,268.64562916755676,47,269.11013674736023,47,269.5654354095459,47,269.89348888397217,47,270.2133824825287,47,270.6602973937988,47,271.12440752983093,47,271.4416801929474,47,271.89653849601746,47,272.2098813056946,47,272.53809428215027,47,272.8575744628906,47,273.3052864074707,47,273.76248383522034,47,274.08357071876526,47,274.4053077697754,47,274.85262751579285,47,275.2992684841156,47,275.6110363006592,47,275.9306290149689,47,276.2409746646881,47,276.68605184555054,47,276.99698853492737,47,277.3083350658417,47,277.62204790115356,47,277.94854831695557,47,278.2520024776459,47,278.70971417427063,47,279.03725004196167,47,279.35603404045105,47,279.8124198913574,47,280.1249063014984,47,280.45199060440063,47,280.91528820991516,47,281.24198937416077,47,281.69581031799316,47,282.01346135139465,47,282.31876039505005,47,282.64792823791504,47,282.9578478336334,47,283.28365540504456,47,283.7519965171814,47,284.07378029823303,47,284.53095865249634,47,284.8533408641815,47,285.3119947910309,47,285.6309530735016,47,286.08334040641785,47,286.55475974082947,47,287.0071520805359,47,287.3539366722107,47,287.6686656475067,47,287.9978313446045,47,288.2929301261902,47,288.73970890045166,47,289.0608470439911,47,289.3693540096283,47,289.6861369609833,47,289.99560356140137,47,290.38354444503784,47,290.69766449928284,47,291.164217710495,47,291.48415517807007,47,291.8282673358917,47,292.12435007095337,47,292.4699938297272,47,292.7913863658905,47,293.256516456604,47,293.5718762874603,47,294.03833508491516,47,294.49399518966675,47,294.81219506263733,47,295.2809202671051,47,295.59642815589905,47,295.9212963581085,47,296.3914797306061,47,296.7142984867096,47,297.1732985973358,47,297.51149225234985,47,297.9648892879486,47,298.28344082832336,47,298.61935210227966,47,299.0779857635498,47,299.5460436344147,47,300.01055550575256
3,random graphs/big_layer/r1.5k12n8/graph3.lgbin,2474,293.51907205581665,65,146,0,69,0.468808650970459,65,1.412003993988037,65,1.6764707565307617,65,1.9517674446105957,65,2.7847235202789307,65,3.0719263553619385,65,3.920914649963379,65,4.211786985397339,65,4.501482009887695,65,5.355533599853516,65,5.6568381786346436,65,6.495262861251831,65,7.339828252792358,65,7.633276462554932,65,7.987144231796265,65,8.27713918685913,65,8.6284019947052,65,8.923528909683228,65,9.753037452697754,65,10.588298559188843,65,11.048609972000122,65,11.321394681930542,65,11.600092649459839,65,11.873500347137451,65,12.700672149658203,65,12.983694076538086,65,13.256700277328491,65,14.073126077651978,65,14.903482913970947,65,15.730863094329834,65,16.016199588775635,65,16.293039798736572,65,17.116844415664673,65,17.94304585456848,65,18.758583784103394,65,19.583635330200195,65,19.94886040687561,65,20.791356563568115,65,21.074942350387573,65,21.908562421798706,65,22.17465043067932,65,22.476074934005737,65,22.739585161209106,65,23.573904037475586,65,23.858775854110718,65,24.32300853729248,65,24.59994888305664,65,24.881157159805298,65,25.141783475875854,65,25.97301435470581,65,26.804087162017822,65,27.63788080215454,65,28.487218856811523,65,29.331095933914185,65,29.624583959579468,65,30.467876195907593,65,30.75982427597046,65,31.613382577896118,65,31.891652584075928,65,32.74497747421265,65,33.031763792037964,65,33.8683762550354,65,34.69268274307251,65,35.03814077377319,65,35.88135480880737,65,36.712331771850586,65,37.00742483139038,65,37.28677701950073,65,37.547425746917725,65,37.81007146835327,65,38.63613986968994,65,38.99988627433777,65,39.843645334243774,65,40.67848205566406,65,40.97161245346069,65,41.793495655059814,65,42.06676721572876,65,42.89690685272217,65,43.72939848899841,65,44.554588079452515,65,45.38709259033203,65,46.225102186203,65,46.49638915061951,65,47.329670429229736,65,47.621798276901245,65,48.45624804496765,65,48.74078440666199,65,49.017085552215576,65,49.293439865112305,65,49.57565212249756,65,49.85052537918091,65,50.12637996673584,65,50.400418519973755,65,51.2323579788208,65,51.51707625389099,65,52.35044288635254,65,53.19115090370178,65,53.46570587158203,65,54.299559116363525,65,54.588184118270874,65,54.86992430686951,65,55.167057275772095,65,55.45298719406128,65,55.7532753944397,65,56.59464955329895,65,57.44338822364807,65,57.732255935668945,65,58.01815867424011,65,58.297807693481445,65,58.59603548049927,65,58.88072681427002,65,59.16278123855591,65,59.44513392448425,65,59.72655534744263,65,60.00795245170593,65,60.84912848472595,65,61.70720839500427,65,61.991048097610474,65,62.82185482978821,65,63.666764974594116,65,64.51334953308105,65,65.34788537025452,65,66.18208312988281,65,66.46228909492493,65,66.73696184158325,65,67.5685122013092,65,68.40473318099976,65,68.67582750320435,65,68.96164631843567,65,69.20693826675415,65,69.4831154346466,65,69.84354591369629,65,70.12816762924194,65,70.58687329292297,65,70.86033797264099,65,71.69425797462463,65,72.0341682434082,65,72.88285326957703,65,73.71625232696533,65,74.18754744529724,65,74.47624850273132,65,74.75573778152466,65,75.0312352180481,65,75.8708245754242,65,76.69960737228394,65,77.5294303894043,65,77.81434798240662,65,78.28635907173157,65,79.12613272666931,65,79.9604845046997,65,80.79910564422607,65,81.64573264122009,65,82.4889588356018,65,82.78003716468811,65,83.62789130210876,65,83.92029428482056,65,84.78044438362122,65,85.62970995903015,65,85.91385078430176,65,86.75661587715149,65,87.03691530227661,65,87.31769609451294,65,87.59463334083557,65,87.88884449005127,65,88.72870516777039,65,89.56312942504883,65,89.92751455307007,65,90.78841257095337,65,91.63804459571838,65,92.5016553401947,65,93.33478808403015,65,94.1685779094696,65,95.00372886657715,65,95.83124876022339,65,96.6623227596283,65,96.94690728187561,65,97.22428226470947,65,97.50210905075073,65,98.33382225036621,65,98.62247610092163,65,99.46085023880005,65,99.75355124473572,65,100.0141167640686,65,100.3021788597107,65,101.13298892974854,65,101.966876745224,65,102.25575876235962,65,102.52937483787537,65,102.89061379432678,65,103.72343587875366,65,104.55994391441345,65,104.8503634929657,65,105.67428016662598,65,105.92768049240112,65,106.21213054656982,65,107.05350470542908,65,107.34481143951416,65,108.19326448440552,65,109.02937912940979,65,109.87512063980103,65,110.72669243812561,65,111.0091450214386,65,111.84108328819275,65,112.12765884399414,65,112.97012305259705,65,113.26233911514282,65,114.10616135597229,65,114.95121955871582,65,115.2422833442688,65,115.53702640533447,65,115.99907326698303,65,116.28667783737183,65,116.55282306671143,65,116.82864618301392,65,117.66292905807495,65,117.948486328125,65,118.78251695632935,65,119.61935329437256,65,120.4441454410553,65,120.73799705505371,65,121.01659846305847,65,121.29355072975159,65,122.113774061203,65,122.39480948448181,65,122.65760684013367,65,122.94853210449219,65,123.24689078330994,65,124.07643628120422,65,124.91143488883972,65,125.27212119102478,65,125.55787825584412,65,125.81427645683289,65,126.06705284118652,65,126.8944079875946,65,127.1851053237915,65,128.0149598121643,65,128.30992484092712,65,128.59427857398987,65,128.88521647453308,65,129.17734956741333,65,129.5351266860962,65,130.37346172332764,65,130.71599292755127,65,131.09363842010498,65,131.93430018424988,65,132.21415185928345,65,133.04944801330566,65,133.33674669265747,65,133.6318542957306,65,133.8975064754486,65,134.1780424118042,65,135.01548099517822,65,135.85946416854858,65,136.69129276275635,65,137.51696920394897,65,137.77430701255798,65,138.06640195846558,65,138.8969967365265,65,139.74103713035583,65,140.02373242378235,65,140.86627221107483,65,141.70985054969788,65,141.99371242523193,65,142.32997584342957,65,142.61713480949402,65,143.46243262290955,65,143.76357769966125,65,144.03886651992798,65,144.30067920684814,65,144.5847144126892,65,144.86381149291992,65,145.70110297203064,65,146.53830409049988,65,146.8271460533142,65,147.67633032798767,65,147.96973419189453,65,148.24529004096985,65,148.52186512947083,65,149.34775567054749,65,149.63972401618958,65,150.46121668815613,65,150.73693346977234,65,151.08938598632812,65,151.3905007839203,65,151.66573548316956,65,152.48705959320068,65,152.7561593055725,65,153.58003163337708,65,153.8753798007965,65,154.71932697296143,65,155.56614589691162,65,155.92722630500793,65,156.7690532207489,65,157.07166266441345,65,157.32626342773438,65,157.68845391273499,65,157.9702615737915,65,158.79507875442505,65,159.07820439338684,65,159.8985469341278,65,160.7260639667511,65,161.01832485198975,65,161.85070610046387,65,162.1225414276123,65,162.38255882263184,65,163.20443439483643,65,163.46021437644958,65,164.29332780838013,65,164.58569598197937,65,164.88144755363464,65,165.7255504131317,65,166.56600618362427,65,166.86356616020203,65,167.7146315574646,65,168.55011630058289,65,168.85246443748474,65,169.69538640975952,65,169.98466563224792,65,170.83541083335876,65,171.67966222763062,65,172.50473952293396,65,172.96586275100708,65,173.23698592185974,65,173.50232076644897,65,174.33831644058228,65,174.62850952148438,65,174.91031765937805,65,175.16208243370056,65,175.4370822906494,65,176.26723504066467,65,176.60612797737122,65,177.45208501815796,65,177.74274039268494,65,178.0389699935913,65,178.87577295303345,65,179.71635794639587,65,180.56998872756958,65,181.41822719573975,65,182.26358294487,65,182.54758191108704,65,182.8351981639862,65,183.09895825386047,65,183.38188004493713,65,184.2234079837799,65,185.06873297691345,65,185.33218455314636,65,185.6080460548401,65,185.88614749908447,65,186.71856808662415,65,187.00957560539246,65,187.28640055656433,65,188.11705589294434,65,188.95340824127197,65,189.24160313606262,65,190.08409070968628,65,190.36975383758545,65,191.2125358581543,65,192.0504322052002,65,192.90381693840027,65,193.18975496292114,65,194.0211341381073,65,194.8547441959381,65,195.14609265327454,65,195.96132516860962,65,196.32689452171326,65,196.59336042404175,65,197.43010234832764,65,198.26645231246948,65,199.100524187088,65,199.39673113822937,65,199.67813229560852,65,200.5062220096588,65,201.3335404396057,65,201.62250685691833,65,202.4533052444458,65,202.73819398880005,65,203.56894850730896,65,203.8500521183014,65,204.66395592689514,65,204.95746040344238,65,205.7930085659027,65,206.08947730064392,65,206.36940908432007,65,206.64626908302307,65,206.92234444618225,65,207.7700252532959,65,208.61608123779297,65,208.91125774383545,65,209.7482511997223,65,210.59069299697876,65,211.42631673812866,65,211.68616676330566,65,211.96426105499268,65,212.24499821662903,65,212.5226674079895,65,212.7935791015625,65,213.62015533447266,65,213.920334815979,65,214.21393251419067,65,214.474933385849,65,215.30300283432007,65,215.60013270378113,65,215.95322561264038,65,216.2604639530182,65,216.55898666381836,65,217.39151644706726,65,217.86038994789124,65,218.70411133766174,65,219.54179525375366,65,220.37985944747925,65,220.64369678497314,65,220.9188838005066,65,221.7491216659546,65,222.04138827323914,65,222.87207460403442,65,223.70053005218506,65,223.96698570251465,65,224.2458131313324,65,224.5762894153595,65,224.88511657714844,65,225.16105365753174,65,226.00398564338684,65,226.29750800132751,65,226.55710911750793,65,227.39246559143066,65,227.69250631332397,65,227.99192261695862,65,228.82742071151733,65,229.11661028862,65,229.95414781570435,65,230.79227113723755,65,231.63606643676758,65,231.93092107772827,65,232.77562022209167,65,233.0367076396942,65,233.31823301315308,65,233.601989030838,65,234.43798089027405,65,234.7319097518921,65,235.57934880256653,65,235.86572265625,65,236.1627116203308,65,236.99605107307434,65,237.2652449607849,65,238.0929434299469,65,238.35964488983154,65,238.63621878623962,65,238.9189953804016,65,239.76334142684937,65,240.05041599273682,65,240.898104429245,65,241.19285130500793,65,242.03328347206116,65,242.3699915409088,65,242.66453289985657,65,243.01270699501038,65,243.29017519950867,65,244.12108707427979,65,244.43001556396484,65,244.72491765022278,65,245.00605249404907,65,245.28650784492493,65,245.58005952835083,65,246.41075706481934,65,247.24672150611877,65,247.50171732902527,65,248.3427391052246,65,249.17308044433594,65,250.0035445690155,65,250.8386127948761,65,251.68080115318298,65,251.9571442604065,65,252.80168271064758,65,253.62477016448975,65,253.8791766166687,65,254.1528923511505,65,254.9698567390442,65,255.80761694908142,65,256.0889194011688,65,256.89917755126953,65,257.1889772415161,65,257.46999430656433,65,258.30345129966736,65,259.1151008605957,65,259.39152097702026,65,260.2327389717102,65,261.06611371040344,65,261.9029395580292,65,262.1766982078552,65,262.64021158218384,65,262.90393567085266,65,263.1910991668701,65,264.0257637500763,65,264.88275957107544,65,265.7162432670593,65,266.00360226631165,65,266.84118366241455,65,267.66543769836426,65,267.958313703537,65,268.7824070453644,65,269.06652069091797,65,269.3595333099365,65,270.18115401268005,65,270.4398772716522,65,270.7124831676483,65,271.5368983745575,65,272.36327862739563,65,273.17636346817017,65,274.0070652961731,65,274.83681654930115,65,275.3000416755676,65,275.5989451408386,65,275.877977848053,65,276.15592336654663,65,276.43461203575134,65,276.7157530784607,65,277.55482053756714,65,277.8951666355133,65,278.739958524704,65,279.568238735199,65,279.84024238586426,65,280.11259961128235,65,280.430944442749,65,280.7104151248932,65,280.9883289337158,65,281.8050730228424,65,282.07777070999146,65,282.3357741832733,65,282.6135051250458,65,283.42972922325134,65,283.7159814834595,65,284.52491211891174,65,285.3497679233551,65,285.6440954208374,65,286.46999073028564,65,287.29127049446106,65,288.12454652786255,65,288.47618412971497,65,288.76011633872986,65,289.0516736507416,65,289.879435300827,65,290.6999514102936,65,290.9857277870178,65,291.82852482795715,65,292.1123356819153,65,292.41269612312317,65,293.2530813217163,65,293.55121994018555,65,293.83213686943054,65,294.66365694999695,65,294.9488296508789,65,295.3069016933441,65,295.59168004989624,65,295.8750057220459,65,296.7037172317505,65,297.0013391971588,65,297.26696276664734,65,297.7364721298218,65,298.02363657951355,65,298.83960032463074,65,299.11194586753845,65,299.39374470710754,65,300.035108089447
4,random graphs/big_layer/r1.5k12n8/graph4.lgbin,2474,283.9702033996582,64,147,0,93,0.4008064270019531,69,0.6116447448730469,69,0.8308546543121338,64,1.1849632263183594,64,1.4445583820343018,64,1.6562559604644775,64,1.908980369567871,64,2.1205391883850098,64,2.381366491317749,64,2.5924010276794434,64,2.8453304767608643,64,3.0668294429779053,64,3.3225796222686768,64,3.5768508911132812,64,3.829782724380493,64,4.07716178894043,64,4.294994115829468,64,4.659066915512085,64,5.056852579116821,64,5.31760048866272,64,5.710637807846069,64,5.924666881561279,64,6.180602312088013,64,6.398106575012207,64,6.652036428451538,64,6.9995036125183105,64,7.209231853485107,64,7.569155216217041,64,7.777339696884155,64,7.996981859207153,64,8.24778938293457,64,8.494459867477417,64,8.748810768127441,64,8.967676877975464,64,9.182036876678467,64,9.392205953598022,64,9.646244287490845,64,9.904199838638306,64,10.271363019943237,64,10.532231330871582,64,10.791974544525146,64,11.003280878067017,64,11.217373371124268,64,11.430060386657715,64,11.689873933792114,64,12.05303955078125,64,12.373850345611572,64,12.585542440414429,64,12.84684133529663,64,13.104842185974121,64,13.318466424942017,64,13.570646524429321,64,13.820956468582153,64,14.07747769355774,64,14.330987691879272,64,14.582387924194336,64,14.838868618011475,64,15.05698823928833,64,15.307955265045166,64,15.520521879196167,64,15.733815431594849,64,16.050191640853882,64,16.418011903762817,64,16.677859783172607,64,16.88824725151062,64,17.149556159973145,64,17.51597762107849,64,17.835428953170776,64,18.04369878768921,64,18.30354118347168,64,18.556078910827637,64,18.809269428253174,64,19.020373821258545,64,19.231851816177368,64,19.483136892318726,64,19.695746898651123,64,19.954674005508423,64,20.321073293685913,64,20.529973030090332,64,20.791550397872925,64,21.00598430633545,64,21.266731023788452,64,21.473617792129517,64,21.730762481689453,64,22.10682249069214,64,22.351818561553955,64,22.563244819641113,64,22.776833295822144,64,22.994637489318848,64,23.20633625984192,64,23.464378356933594,64,23.718717098236084,64,23.930436611175537,64,24.14154887199402,64,24.354575395584106,64,24.574822425842285,64,24.824759006500244,64,25.080862045288086,64,25.339146852493286,64,25.599714517593384,64,25.81013536453247,64,26.180986881256104,64,26.437398672103882,64,26.68380832672119,64,26.898681640625,64,27.1106858253479,64,27.369738578796387,64,27.624220371246338,64,27.88397455215454,64,28.09504795074463,64,28.34473490715027,64,28.605555295944214,64,28.81921076774597,64,29.029980897903442,64,29.282529592514038,64,29.531033277511597,64,29.74878978729248,64,29.966590642929077,64,30.22838592529297,64,30.47960352897644,64,30.69139790534973,64,30.941142559051514,64,31.315266132354736,64,31.525946855545044,64,31.736092805862427,64,31.94757866859436,64,32.15624642372131,64,32.41749334335327,64,32.667458057403564,64,32.88095688819885,64,33.09482216835022,64,33.46890330314636,64,33.730109453201294,64,33.93838429450989,64,34.16117835044861,64,34.367717027664185,64,34.58795213699341,64,34.98416185379028,64,35.23749232292175,64,35.449955224990845,64,35.6712429523468,64,36.04570937156677,64,36.30592179298401,64,36.56771397590637,64,36.8229341506958,64,37.03835368156433,64,37.25033903121948,64,37.472835540771484,64,37.69570803642273,64,37.95468807220459,64,38.1664457321167,64,38.57745122909546,64,38.82782316207886,64,39.03979516029358,64,39.30109167098999,64,39.51471710205078,64,39.723124980926514,64,39.93698763847351,64,40.319629192352295,64,40.57993936538696,64,40.83135628700256,64,41.08033466339111,64,41.29425048828125,64,41.66863036155701,64,41.929781675338745,64,42.18814444541931,64,42.45109677314758,64,42.67096972465515,64,42.93250751495361,64,43.141432762145996,64,43.39849066734314,64,43.61586666107178,64,44.02173566818237,64,44.27977728843689,64,44.541017055511475,64,44.75464224815369,64,44.975807428359985,64,45.23769569396973,64,45.458657026290894,64,45.718217849731445,64,45.969075441360474,64,46.23181867599487,64,46.44907307624817,64,46.70669651031494,64,46.95629000663757,64,47.20202136039734,64,47.41847777366638,64,47.63168001174927,64,47.966461420059204,64,48.173335790634155,64,48.38856554031372,64,48.60799717903137,64,48.83306694030762,64,49.04962086677551,64,49.3019118309021,64,49.55106258392334,64,49.80287170410156,64,50.17721128463745,64,50.55629539489746,64,50.81064009666443,64,51.02272963523865,64,51.39668607711792,64,51.60774755477905,64,51.85425400733948,64,52.11035442352295,64,52.37042760848999,64,52.693297147750854,64,52.948113203048706,64,53.20713782310486,64,53.42123866081238,64,53.635998487472534,64,53.8484845161438,64,54.057352781295776,64,54.26793575286865,64,54.48113298416138,64,54.740750551223755,64,55.0027129650116,64,55.21451497077942,64,55.4637975692749,64,55.67729330062866,64,56.03210997581482,64,56.237181425094604,64,56.492788314819336,64,56.74950432777405,64,56.96446919441223,64,57.329835414886475,64,57.53707003593445,64,57.75410747528076,64,57.96643304824829,64,58.34295320510864,64,58.554513692855835,64,58.77894449234009,64,59.03609323501587,64,59.24839806556702,64,59.47040128707886,64,59.72197389602661,64,59.93512487411499,64,60.15536546707153,64,60.3766815662384,64,60.629146575927734,64,60.83739995956421,64,61.088454484939575,64,61.35327696800232,64,61.56665635108948,64,61.82688665390015,64,62.08061504364014,64,62.294766664505005,64,62.556087493896484,64,62.94129395484924,64,63.15224266052246,64,63.403576135635376,64,63.65407347679138,64,63.894386768341064,64,64.15128588676453,64,64.36707854270935,64,64.58825588226318,64,64.803466796875,64,65.02844285964966,64,65.28705406188965,64,65.50525736808777,64,65.76786470413208,64,66.02882552146912,64,66.40186953544617,64,66.65061974525452,64,66.9024248123169,64,67.1153154373169,64,67.32643795013428,64,67.57869291305542,64,67.83093500137329,64,68.0816080570221,64,68.44108366966248,64,68.69518828392029,64,69.00065970420837,64,69.2155613899231,64,69.42845153808594,64,69.79311871528625,64,70.0121111869812,64,70.3989999294281,64,70.65703535079956,64,70.90742802619934,64,71.2893431186676,64,71.5414936542511,64,71.75314331054688,64,71.96318507194519,64,72.22535252571106,64,72.43727135658264,64,72.6944568157196,64,73.06268334388733,64,73.28041052818298,64,73.49277710914612,64,73.85609078407288,64,74.10582613945007,64,74.35798525810242,64,74.57068371772766,64,74.8292829990387,64,75.20491170883179,64,75.46469926834106,64,75.67975807189941,64,75.9087483882904,64,76.30972146987915,64,76.52142000198364,64,76.73114919662476,64,76.98778867721558,64,77.24616956710815,64,77.45613241195679,64,77.67923545837402,64,77.93834590911865,64,78.18766570091248,64,78.56185007095337,64,78.81596398353577,64,79.06591176986694,64,79.39952659606934,64,79.67961955070496,64,79.89320158958435,64,80.1042058467865,64,80.47558879852295,64,80.69049501419067,64,80.9459433555603,64,81.2062361240387,64,81.41792845726013,64,81.67021703720093,64,81.93068742752075,64,82.17987823486328,64,82.54771280288696,64,82.94571733474731,64,83.15753436088562,64,83.36550736427307,64,83.72822213172913,64,83.931804895401,64,84.17877149581909,64,84.38444113731384,64,84.75101709365845,64,84.95847082138062,64,85.33622765541077,64,85.55388259887695,64,85.81079292297363,64,86.06791162490845,64,86.2807035446167,64,86.54182529449463,64,86.79601216316223,64,87.05669689178467,64,87.31457662582397,64,87.52722477912903,64,87.92236948013306,64,88.17223453521729,64,88.38073539733887,64,88.73019409179688,64,88.98969721794128,64,89.24884295463562,64,89.49687099456787,64,89.75642848014832,64,90.01300382614136,64,90.2230896949768,64,90.48264813423157,64,90.73325729370117,64,90.94622755050659,64,91.16149425506592,64,91.37893152236938,64,91.63747358322144,64,91.85234308242798,64,92.06318783760071,64,92.43693900108337,64,92.80951976776123,64,93.01690435409546,64,93.27428841590881,64,93.5213737487793,64,93.76534342765808,64,94.01348304748535,64,94.22647547721863,64,94.60003232955933,64,94.80702710151672,64,95.06205081939697,64,95.27266311645508,64,95.58740663528442,64,95.84005045890808,64,96.09883236885071,64,96.32354068756104,64,96.58078408241272,64,96.94384622573853,64,97.31452655792236,64,97.5246012210846,64,97.78774380683899,64,98.18837261199951,64,98.44613671302795,64,98.70053696632385,64,98.95301818847656,64,99.16748642921448,64,99.50124216079712,64,99.8263669013977,64,100.08056402206421,64,100.29300284385681,64,100.55312943458557,64,100.81739544868469,64,101.02781581878662,64,101.24945020675659,64,101.51028561592102,64,101.72230339050293,64,101.98046088218689,64,102.19289374351501,64,102.40430235862732,64,102.65452456474304,64,103.02972364425659,64,103.2782838344574,64,103.6359612941742,64,103.89245676994324,64,104.29648208618164,64,104.50797033309937,64,104.87297749519348,64,105.2342598438263,64,105.44330286979675,64,105.70640802383423,64,105.95792436599731,64,106.32339572906494,64,106.58058452606201,64,106.79040503501892,64,107.12399983406067,64,107.33349370956421,64,107.64728665351868,64,107.86752367019653,64,108.12124872207642,64,108.33119702339172,64,108.58928346633911,64,108.84448075294495,64,109.05460667610168,64,109.30418562889099,64,109.55440664291382,64,109.80803322792053,64,110.0710232257843,64,110.28078413009644,64,110.53438258171082,64,110.78318047523499,64,111.15477323532104,64,111.41158556938171,64,111.6307053565979,64,111.89060068130493,64,112.10038161277771,64,112.31239461898804,64,112.57302498817444,64,112.78510427474976,64,113.04617118835449,64,113.29886937141418,64,113.51108264923096,64,113.76780652999878,64,114.0239999294281,64,114.27464652061462,64,114.53066039085388,64,114.74475383758545,64,114.95753479003906,64,115.20889353752136,64,115.42329382896423,64,115.67924571037292,64,115.93350267410278,64,116.14603638648987,64,116.39715600013733,64,116.60599398612976,64,116.82110166549683,64,117.07620120048523,64,117.28276872634888,64,117.49661087989807,64,117.71524691581726,64,117.96480631828308,64,118.1770236492157,64,118.4932951927185,64,118.7130560874939,64,118.97407126426697,64,119.18434071540833,64,119.39511251449585,64,119.73172378540039,64,119.99462652206421,64,120.20928883552551,64,120.55425477027893,64,120.815274477005,64,121.13809299468994,64,121.35071587562561,64,121.61045050621033,64,121.87213182449341,64,122.08359622955322,64,122.34383130073547,64,122.55455088615417,64,122.92054200172424,64,123.16631126403809,64,123.42865037918091,64,123.64223051071167,64,123.86793899536133,64,124.0873703956604,64,124.34796190261841,64,124.59662818908691,64,124.80950689315796,64,125.05919432640076,64,125.31819152832031,64,125.68998456001282,64,125.9486312866211,64,126.15863084793091,64,126.41879653930664,64,126.66537833213806,64,126.87764763832092,64,127.13350772857666,64,127.34329795837402,64,127.6053740978241,64,127.860830783844,64,128.10715103149414,64,128.357417345047,64,128.56994080543518,64,128.82717108726501,64,129.0831320285797,64,129.34182572364807,64,129.66768383979797,64,130.03402590751648,64,130.251362323761,64,130.47587943077087,64,130.73601818084717,64,130.95826506614685,64,131.2141661643982,64,131.539803981781,64,131.7515561580658,64,131.97697687149048,64,132.1908037662506,64,132.4394257068634,64,132.64487075805664,64,132.89667963981628,64,133.10677242279053,64,133.36536121368408,64,133.57832503318787,64,133.8285038471222,64,134.04455995559692,64,134.26609683036804,64,134.52590370178223,64,134.73625111579895,64,134.99076390266418,64,135.35608863830566,64,135.5716314315796,64,135.83479285240173,64,136.09886240959167,64,136.31732034683228,64,136.53043699264526,64,136.91382479667664,64,137.1344554424286,64,137.50749373435974,64,137.76747512817383,64,138.11947774887085,64,138.38125824928284,64,138.63565611839294,64,138.89202857017517,64,139.10188245773315,64,139.36246609687805,64,139.62771272659302,64,139.87747502326965,64,140.08927822113037,64,140.34793543815613,64,140.5994291305542,64,140.8109529018402,64,141.02236318588257,64,141.2364420890808,64,141.57000946998596,64,141.81877613067627,64,142.06953191757202,64,142.3191945552826,64,142.57304286956787,64,142.82406497001648,64,143.07641100883484,64,143.45459532737732,64,143.86380004882812,64,144.1226680278778,64,144.37878227233887,64,144.58859372138977,64,144.8481523990631,64,145.21178126335144,64,145.527006149292,64,145.90540218353271,64,146.24589848518372,64,146.50046825408936,64,146.7115581035614,64,146.96801710128784,64,147.17362880706787,64,147.4329812526703,64,147.68812227249146,64,148.02104115486145,64,148.34476613998413,64,148.59923601150513,64,148.85024285316467,64,149.10130333900452,64,149.46634221076965,64,149.6783411502838,64,149.93895649909973,64,150.18959784507751,64,150.40148949623108,64,150.65239882469177,64,150.90256214141846,64,151.26926374435425,64,151.5277886390686,64,151.77996563911438,64,151.99068021774292,64,152.2513346672058,64,152.50071692466736,64,152.71307706832886,64,152.9278666973114,64,153.18836641311646,64,153.4001100063324,64,153.7635247707367,64,154.01679134368896,64,154.22465538978577,64,154.47900652885437,64,154.68609285354614,64,154.89630317687988,64,155.15252590179443,64,155.40280723571777,64,155.66064739227295,64,155.87319564819336,64,156.08361649513245,64,156.297189950943,64,156.55460786819458,64,156.76552438735962,64,156.9666543006897,64,157.18032670021057,64,157.44148755073547,64,157.69371700286865,64,157.90346670150757,64,158.15854334831238,64,158.40610122680664,64,158.66608452796936,64,158.8816578388214,64,159.13272190093994,64,159.3942255973816,64,159.604638338089,64,159.81546187400818,64,160.0719563961029,64,160.291686296463,64,160.4999372959137,64,160.7091896533966,64,160.92429280281067,64,161.18349051475525,64,161.39797496795654,64,161.65639996528625,64,161.9904534816742,64,162.24431252479553,64,162.46150374412537,64,162.67125129699707,64,162.88721704483032,64,163.14100170135498,64,163.39950609207153,64,163.65259337425232,64,163.85722756385803,64,164.1132528781891,64,164.32092189788818,64,164.60385489463806,64,164.81439971923828,64,165.07434368133545,64,165.29030323028564,64,165.54867386817932,64,165.80562686920166,64,166.06569838523865,64,166.3262073993683,64,166.58353090286255,64,166.79729628562927,64,167.05717134475708,64,167.31783628463745,64,167.58150672912598,64,167.83019423484802,64,168.0464231967926,64,168.30676698684692,64,168.51914930343628,64,168.72908353805542,64,168.99146795272827,64,169.2425401210785,64,169.64527034759521,64,169.85454082489014,64,170.11651730537415,64,170.37855744361877,64,170.5902726650238,64,170.84406518936157,64,171.06367683410645,64,171.2859241962433,64,171.50732684135437,64,171.71422386169434,64,171.96688890457153,64,172.34666538238525,64,172.60226559638977,64,172.81373286247253,64,173.0739312171936,64,173.32408952713013,64,173.5379090309143,64,173.7613344192505,64,173.96951127052307,64,174.23133969306946,64,174.60415029525757,64,174.81427574157715,64,175.07035994529724,64,175.43546295166016,64,175.65105867385864,64,175.9117636680603,64,176.1225221157074,64,176.36835932731628,64,176.5837528705597,64,176.83642649650574,64,177.09263014793396,64,177.31237506866455,64,177.56747937202454,64,177.82111930847168,64,178.04270887374878,64,178.30475664138794,64,178.51548957824707,64,178.76621413230896,64,179.01430106163025,64,179.38341355323792,64,179.63263320922852,64,179.8825740814209,64,180.13299345970154,64,180.39426374435425,64,180.650395154953,64,180.90015745162964,64,181.1574683189392,64,181.4879114627838,64,181.7328827381134,64,181.98600697517395,64,182.19988441467285,64,182.40943336486816,64,182.66971611976624,64,182.92754983901978,64,183.1364448070526,64,183.39617109298706,64,183.64708471298218,64,183.85848832130432,64,184.11753821372986,64,184.33014035224915,64,184.58614444732666,64,184.79635286331177,64,185.05480670928955,64,185.31471872329712,64,185.57015228271484,64,185.82050204277039,64,186.07122206687927,64,186.32874965667725,64,186.54635667800903,64,186.8074245452881,64,187.0672104358673,64,187.44292283058167,64,187.6547703742981,64,187.87060546875,64,188.0844624042511,64,188.44139695167542,64,188.69462203979492,64,188.9450559616089,64,189.1982626914978,64,189.41145014762878,64,189.62294173240662,64,189.83469367027283,64,190.0564684867859,64,190.3165991306305,64,190.52538871765137,64,190.77679681777954,64,190.99256801605225,64,191.25126457214355,64,191.46216773986816,64,191.71753454208374,64,191.93645858764648,64,192.18861556053162,64,192.3987684249878,64,192.73113346099854,64,192.98069429397583,64,193.23524570465088,64,193.61272859573364,64,193.81989455223083,64,194.03713703155518,64,194.25076508522034,64,194.4617817401886,64,194.78919744491577,64,194.99387741088867,64,195.2511122226715,64,195.46585750579834,64,195.72080659866333,64,195.9691286087036,64,196.3077576160431,64,196.52148008346558,64,196.77286028862,64,197.02327585220337,64,197.27910685539246,64,197.64501523971558,64,197.89099740982056,64,198.27137184143066,64,198.5967664718628,64,198.85900712013245,64,199.06931567192078,64,199.31982564926147,64,199.56848335266113,64,199.9449589252472,64,200.2001805305481,64,200.41553258895874,64,200.63210487365723,64,200.8487377166748,64,201.10958671569824,64,201.3244812488556,64,201.6870937347412,64,201.94660067558289,64,202.31778717041016,64,202.56834959983826,64,202.83076858520508,64,203.08048391342163,64,203.3370008468628,64,203.5839569568634,64,203.96094346046448,64,204.22058534622192,64,204.4689483642578,64,204.72164821624756,64,204.93529605865479,64,205.1900978088379,64,205.4499499797821,64,205.8117916584015,64,206.1766710281372,64,206.39155197143555,64,206.61371183395386,64,206.82618880271912,64,207.08240723609924,64,207.29734754562378,64,207.55429339408875,64,207.81315684318542,64,208.15430521965027,64,208.4928183555603,64,208.81280660629272,64,209.02745914459229,64,209.400710105896,64,209.66179037094116,64,209.9141924381256,64,210.16398310661316,64,210.41588759422302,64,210.67470502853394,64,211.0414755344391,64,211.40643048286438,64,211.6265571117401,64,211.8879039287567,64,212.09756112098694,64,212.30804085731506,64,212.6416392326355,64,212.8933699131012,64,213.15020108222961,64,213.4098539352417,64,213.6667296886444,64,213.92222905158997,64,214.2948019504547,64,214.5503387451172,64,214.7617483139038,64,215.02398252487183,64,215.27311253547668,64,215.48505663871765,64,215.73690962791443,64,215.9497766494751,64,216.19914269447327,64,216.41127133369446,64,216.66813802719116,64,216.92763113975525,64,217.17609810829163,64,217.4324836730957,64,217.640154838562,64,217.84738850593567,64,218.10407996177673,64,218.31206512451172,64,218.52370285987854,64,218.88823008537292,64,219.14011526107788,64,219.50214529037476,64,219.70756578445435,64,219.96592140197754,64,220.21775484085083,64,220.46384716033936,64,220.6775107383728,64,220.93334698677063,64,221.17945861816406,64,221.54573512077332,64,221.75185251235962,64,221.96593689918518,64,222.22834396362305,64,222.6079933643341,64,222.82159996032715,64,223.0458483695984,64,223.25509691238403,64,223.4752073287964,64,223.7369990348816,64,223.94830298423767,64,224.31280875205994,64,224.5710587501526,64,224.9152753353119,64,225.12900185585022,64,225.5350947380066,64,225.7849748134613,64,226.03884935379028,64,226.25264763832092,64,226.4735391139984,64,226.73408722877502,64,226.9465262889862,64,227.30976629257202,64,227.53261137008667,64,227.79598307609558,64,228.0120780467987,64,228.27219676971436,64,228.4841389656067,64,228.85441780090332,64,229.1038203239441,64,229.36206150054932,64,229.62249732017517,64,229.8349368572235,64,230.09634828567505,64,230.3078944683075,64,230.51918745040894,64,230.7388014793396,64,230.9969346523285,64,231.25859546661377,64,231.5103566646576,64,231.91123580932617,64,232.16315984725952,64,232.37636971473694,64,232.5905318260193,64,232.8512601852417,64,233.1015248298645,64,233.36226844787598,64,233.5765082836151,64,233.83895015716553,64,234.20146346092224,64,234.4626588821411,64,234.67418146133423,64,234.92096185684204,64,235.1341061592102,64,235.34645652770996,64,235.60558485984802,64,235.8547294139862,64,236.11367797851562,64,236.48290061950684,64,236.74334335327148,64,236.99374866485596,64,237.24844002723694,64,237.56506419181824,64,237.8271188735962,64,238.08409690856934,64,238.34191274642944,64,238.7171812057495,64,238.92736053466797,64,239.14792466163635,64,239.39722084999084,64,239.6116018295288,64,239.87437105178833,64,240.13333702087402,64,240.34423756599426,64,240.59650421142578,64,240.84905290603638,64,241.0645809173584,64,241.27970433235168,64,241.49034142494202,64,241.74877071380615,64,241.96382331848145,64,242.21694660186768,64,242.58105993270874,64,242.78784084320068,64,243.0018174648285,64,243.21047258377075,64,243.45888447761536,64,243.71520400047302,64,243.92737293243408,64,244.15306329727173,64,244.36665511131287,64,244.61961889266968,64,244.94688630104065,64,245.20095109939575,64,245.44876098632812,64,245.70830488204956,64,245.96806526184082,64,246.22011709213257,64,246.47853136062622,64,246.73926210403442,64,246.95264720916748,64,247.16676878929138,64,247.42921566963196,64,247.67893052101135,64,247.90269708633423,64,248.16040420532227,64,248.42190289497375,64,248.68250703811646,64,248.94146919250488,64,249.19853520393372,64,249.40577578544617,64,249.6211714744568,64,249.88049054145813,64,250.29590392112732,64,250.50654697418213,64,250.71826243400574,64,250.93863010406494,64,251.19854378700256,64,251.57348942756653,64,251.94370436668396,64,252.15467715263367,64,252.4145953655243,64,252.62857389450073,64,253.03122448921204,64,253.2418954372406,64,253.50292825698853,64,253.75233840942383,64,254.00778222084045,64,254.2191014289856,64,254.54112458229065,64,254.79995369911194,64,255.05157017707825,64,255.30165600776672,64,255.54949522018433,64,255.80396032333374,64,256.0585443973541,64,256.309862613678,64,256.5208535194397,64,256.74007773399353,64,257.0014021396637,64,257.2529306411743,64,257.51426553726196,64,257.7306227684021,64,257.9890947341919,64,258.313351392746,64,258.5734050273895,64,258.79280400276184,64,259.00502729415894,64,259.26521039009094,64,259.51424074172974,64,259.7667112350464,64,260.173397064209,64,260.3849995136261,64,260.6434335708618,64,260.90401673316956,64,261.11671352386475,64,261.3660500049591,64,261.57789874076843,64,261.8011701107025,64,262.1719048023224,64,262.3853099346161,64,262.6091983318329,64,262.8695442676544,64,263.13508224487305,64,263.3973972797394,64,263.6472108364105,64,263.904851436615,64,264.12411880493164,64,264.3345081806183,64,264.5865821838379,64,264.96214151382446,64,265.20718336105347,64,265.46611762046814,64,265.8297505378723,64,266.08780908584595,64,266.34612011909485,64,266.59576892852783,64,266.8117368221283,64,267.0210657119751,64,267.28254771232605,64,267.4949429035187,64,267.7152488231659,64,267.92764592170715,64,268.14507579803467,64,268.3994252681732,64,268.61135935783386,64,268.8229281902313,64,269.03332781791687,64,269.29577827453613,64,269.5480680465698,64,269.8099584579468,64,270.0698416233063,64,270.43828654289246,64,270.6504809856415,64,270.86525321006775,64,271.1250786781311,64,271.5010859966278,64,271.72100496292114,64,271.9821798801422,64,272.1939346790314,64,272.40576457977295,64,272.66064262390137,64,272.91700744628906,64,273.1674437522888,64,273.38228583335876,64,273.6423602104187,64,273.89173102378845,64,274.10260486602783,64,274.3595721721649,64,274.6180143356323,64,274.8325626850128,64,275.09648990631104,64,275.3193817138672,64,275.7015392780304,64,275.91335010528564,64,276.1538782119751,64,276.4193058013916,64,276.67803597450256,64,276.9041750431061,64,277.1613450050354,64,277.4227592945099,64,277.68471240997314,64,277.89483094215393,64,278.10407853126526,64,278.36523699760437,64,278.57881474494934,64,278.83223605155945,64,279.08255100250244,64,279.3022198677063,64,279.5584292411804,64,279.8203980922699,64,280.0778365135193,64,280.33551955223083,64,280.59463930130005,64,280.8555188179016,64,281.1163589954376,64,281.3393449783325,64,281.5988459587097,64,281.8510973453522,64,282.058789730072,64,282.31591296195984,64,282.6344268321991,64,283.00905299186707,64,283.26826572418213,64,283.52872824668884,64,283.7423982620239,64,284.00286650657654,64,284.2532274723053,64,284.50675344467163,64,284.7549879550934,64,284.96998143196106,64,285.2182812690735,64,285.4700548648834,64,285.71823382377625,64,285.96153712272644,64,286.21631813049316,64,286.46601724624634,64,286.67080521583557,64,287.03056383132935,64,287.2789742946625,64,287.5343770980835,64,287.7443425655365,64,288.1515049934387,64,288.3583724498749,64,288.56556510925293,64,288.77986550331116,64,289.03182435035706,64,289.24339413642883,64,289.49749779701233,64,289.7431015968323,64,290.10841155052185,64,290.3660092353821,64,290.58078169822693,64,290.8316218852997,64,291.0439112186432,64,291.2542850971222,64,291.6224114894867,64,291.8684914112091,64,292.0785598754883,64,292.32841634750366,64,292.5816171169281,64,292.8342800140381,64,293.0945529937744,64,293.3476209640503,64,293.5587968826294,64,293.80926489830017,64,294.058709859848,64,294.37806248664856,64,294.75532937049866,64,295.0101115703583,64,295.22978949546814,64,295.6017909049988,64,295.86294627189636,64,296.1126992702484,64,296.37466979026794,64,296.58679366111755,64,296.8064122200012,64,297.06539726257324,64,297.32403087615967,64,297.5464382171631,64,297.8000223636627,64,298.0140771865845,64,298.2757656574249,64,298.52723598480225,64,298.787558555603,64,299.05249285697937,64,299.4156677722931,64,299.6348195075989,64,299.8969247341156,64,300.0235435962677
0,random graphs/big_layer/r1.5k12n8/graph0.lgbin,3711,291.1579329967499,53,170,0,84,0.2026219367980957,60,0.7016642093658447,56,1.4926550388336182,53,1.8535640239715576,53,2.1684229373931885,53,2.9111084938049316,53,3.669926404953003,53,4.00495719909668,53,4.760594844818115,53,5.060500383377075,53,5.80839729309082,53,6.130946636199951,53,6.451464891433716,53,7.194621562957764,53,7.9355573654174805,53,8.678521156311035,53,8.992823839187622,53,9.317997694015503,53,9.60005521774292,53,10.337162017822266,53,11.082067012786865,53,11.381495714187622,53,11.701907396316528,53,11.999603748321533,53,12.737707138061523,53,13.478477001190186,53,13.786592483520508,53,14.104848623275757,53,14.42348337173462,53,14.718520402908325,53,15.024501085281372,53,15.345391035079956,53,15.651428937911987,53,15.965805768966675,53,16.282108783721924,53,16.604871034622192,53,16.925296545028687,53,17.193554401397705,53,17.51043677330017,53,17.80603051185608,53,18.089146614074707,53,18.37335753440857,53,18.693623304367065,53,19.015823364257812,53,19.753377676010132,53,20.07447600364685,53,20.39552092552185,53,21.124041080474854,53,21.84121298789978,53,22.1558997631073,53,22.439061403274536,53,22.736686944961548,53,23.031989574432373,53,23.34194827079773,53,24.08764386177063,53,24.830953359603882,53,25.129167795181274,53,25.86944580078125,53,26.18811297416687,53,26.500705003738403,53,26.807194709777832,53,27.547858715057373,53,28.29089879989624,53,29.03351140022278,53,29.32285714149475,53,29.62702775001526,53,30.33429718017578,53,30.614219188690186,53,31.347529649734497,53,32.078835010528564,53,32.80989456176758,53,33.53198480606079,53,33.84435701370239,53,34.157039165496826,53,34.4258177280426,53,34.72986316680908,53,35.02128219604492,53,35.74815320968628,53,36.484060287475586,53,37.20616436004639,53,37.523462533950806,53,38.256463289260864,53,38.9885675907135,53,39.731401443481445,53,40.47393298149109,53,40.774040937423706,53,41.0472207069397,53,41.77926325798035,53,42.51766490936279,53,42.822410106658936,53,43.56961798667908,53,44.29427456855774,53,45.018500566482544,53,45.73367524147034,53,46.043816804885864,53,46.7691764831543,53,47.50702166557312,53,48.2338662147522,53,48.9629225730896,53,49.70014548301697,53,50.42343330383301,53,50.7419056892395,53,51.47689771652222,53,51.77335453033447,53,52.09285545349121,53,52.82563304901123,53,53.56258511543274,53,54.29019904136658,53,54.62468481063843,53,54.93480968475342,53,55.258084297180176,53,55.558677196502686,53,55.85931634902954,53,56.59390354156494,53,56.91076159477234,53,57.22989559173584,53,57.533530950546265,53,58.27107095718384,53,59.00507426261902,53,59.735442876815796,53,60.48255968093872,53,60.798845052719116,53,61.1131386756897,53,61.40718984603882,53,62.144269704818726,53,62.483201026916504,53,63.221381187438965,53,63.54778861999512,53,63.85854625701904,53,64.18227887153625,53,64.4681305885315,53,64.76978945732117,53,65.50287652015686,53,65.81944799423218,53,66.10094094276428,53,66.40887999534607,53,67.14483904838562,53,67.44790649414062,53,67.77373814582825,53,68.09046983718872,53,68.83480954170227,53,69.5824363231659,53,69.88743329048157,53,70.17571091651917,53,70.90719366073608,53,71.63876390457153,53,72.37016701698303,53,72.63899636268616,53,72.96562170982361,53,73.29598259925842,53,73.59557485580444,53,73.91390323638916,53,74.23316264152527,53,74.52253293991089,53,74.82057523727417,53,75.13605546951294,53,75.87087345123291,53,76.19471597671509,53,76.47993564605713,53,77.22553157806396,53,77.52511405944824,53,78.25455093383789,53,78.98548603057861,53,79.27493572235107,53,79.5826849937439,53,79.90311551094055,53,80.21314525604248,53,80.52741241455078,53,80.87269878387451,53,81.16102957725525,53,81.44589519500732,53,82.18257761001587,53,82.48380899429321,53,83.21842932701111,53,83.94536089897156,53,84.67507290840149,53,85.00209164619446,53,85.74249768257141,53,86.03435826301575,53,86.34566330909729,53,87.09355306625366,53,87.82594704627991,53,88.12872385978699,53,88.86701345443726,53,89.17106461524963,53,89.48785495758057,53,90.22894835472107,53,90.53818774223328,53,91.26310300827026,53,92.00007343292236,53,92.73936176300049,53,93.0238573551178,53,93.34662461280823,53,94.08731508255005,53,94.39959001541138,53,94.69856190681458,53,95.42878937721252,53,96.17557430267334,53,96.4606409072876,53,96.7668662071228,53,97.5122926235199,53,98.24563574790955,53,98.54864811897278,53,98.85384154319763,53,99.15433883666992,53,99.47711992263794,53,99.77672219276428,53,100.52264046669006,53,100.81276249885559,53,101.55619764328003,53,101.88612794876099,53,102.18995094299316,53,102.49257612228394,53,103.2293918132782,53,103.56853580474854,53,104.31359004974365,53,105.05827379226685,53,105.3551676273346,53,105.67445683479309,53,105.97944259643555,53,106.27131676673889,53,107.01515579223633,53,107.31893420219421,53,107.63300466537476,53,107.93788409233093,53,108.68115615844727,53,109.41354727745056,53,109.74849820137024,53,110.48118209838867,53,110.79443287849426,53,111.09220290184021,53,111.37235498428345,53,112.10714817047119,53,112.83949947357178,53,113.12414383888245,53,113.85980534553528,53,114.15939521789551,53,114.90614938735962,53,115.2104160785675,53,115.53786063194275,53,116.28486800193787,53,116.60841584205627,53,116.92425584793091,53,117.66481947898865,53,118.40678286552429,53,119.15175795555115,53,119.89687013626099,53,120.2250828742981,53,120.96933031082153,53,121.30242037773132,53,121.60540628433228,53,122.34637117385864,53,122.64687156677246,53,122.96600079536438,53,123.29656934738159,53,124.03216361999512,53,124.76228547096252,53,125.07568860054016,53,125.82041954994202,53,126.55581331253052,53,127.30150818824768,53,128.04621410369873,53,128.78015112876892,53,129.52242350578308,53,129.8229877948761,53,130.55807828903198,53,131.27986860275269,53,131.60208821296692,53,131.91841626167297,53,132.23039841651917,53,132.54111766815186,53,133.269389629364,53,133.604487657547,53,133.91894912719727,53,134.65491843223572,53,135.38787746429443,53,135.6770739555359,53,135.97027945518494,53,136.27209186553955,53,136.5872838497162,53,137.32848167419434,53,138.06498670578003,53,138.77874517440796,53,139.07564067840576,53,139.8130166530609,53,140.53021097183228,53,141.25321507453918,53,141.9828634262085,53,142.30228304862976,53,142.63176941871643,53,143.37764501571655,53,144.1016902923584,53,144.4266016483307,53,144.74843835830688,53,145.48379278182983,53,146.21815514564514,53,146.53931498527527,53,147.28929376602173,53,148.01953959465027,53,148.33281087875366,53,149.08087015151978,53,149.81346559524536,53,150.1241798400879,53,150.866544008255,53,151.19602727890015,53,151.48477578163147,53,152.22761607170105,53,152.95503783226013,53,153.68546724319458,53,154.41846990585327,53,155.14042496681213,53,155.42441654205322,53,155.73720717430115,53,156.0617356300354,53,156.36188650131226,53,156.66480922698975,53,156.98201179504395,53,157.71631813049316,53,158.43966794013977,53,158.73633861541748,53,159.0422568321228,53,159.77507853507996,53,160.5059769153595,53,161.23782515525818,53,161.56107211112976,53,162.29252195358276,53,163.02775478363037,53,163.76427555084229,53,164.5015344619751,53,164.81573581695557,53,165.54374742507935,53,165.85112619400024,53,166.1407413482666,53,166.4169363975525,53,167.14304566383362,53,167.87664699554443,53,168.16242575645447,53,168.49182438850403,53,169.2311692237854,53,169.49549508094788,53,169.81622886657715,53,170.5641050338745,53,171.30095529556274,53,172.0412883758545,53,172.35499453544617,53,173.09330701828003,53,173.82796478271484,53,174.5609941482544,53,174.8759105205536,53,175.60798358917236,53,175.93276381492615,53,176.6589002609253,53,177.4004774093628,53,177.68791317939758,53,177.98370695114136,53,178.73281574249268,53,179.05987429618835,53,179.38091564178467,53,180.118488073349,53,180.85899782180786,53,181.5882112979889,53,182.32261300086975,53,182.59216904640198,53,183.32061386108398,53,183.6295313835144,53,184.35453081130981,53,185.0725920200348,53,185.8061966896057,53,186.54663133621216,53,186.8297576904297,53,187.1134910583496,53,187.41514468193054,53,188.1386067867279,53,188.41566109657288,53,189.14241075515747,53,189.40381741523743,53,190.1441593170166,53,190.40771484375,53,191.148353099823,53,191.88333892822266,53,192.18593168258667,53,192.45175552368164,53,192.7712082862854,53,193.08142685890198,53,193.80589199066162,53,194.5415472984314,53,194.8691155910492,53,195.60356426239014,53,196.33702731132507,53,196.65091514587402,53,197.38384175300598,53,197.66511702537537,53,198.40196299552917,53,198.71314549446106,53,199.44131755828857,53,199.75440621376038,53,200.06827068328857,53,200.3371880054474,53,201.05880308151245,53,201.78154158592224,53,202.09317421913147,53,202.40456557273865,53,202.71581196784973,53,203.43115067481995,53,203.74810814857483,53,204.46902465820312,53,204.78013062477112,53,205.07085871696472,53,205.79415559768677,53,206.0614628791809,53,206.80043053627014,53,207.54590916633606,53,208.27694082260132,53,209.0065941810608,53,209.74956941604614,53,210.4729151725769,53,210.77812695503235,53,211.07864022254944,53,211.3936161994934,53,211.71347880363464,53,212.00509190559387,53,212.7367889881134,53,213.03959369659424,53,213.34174036979675,53,213.6395788192749,53,214.37388157844543,53,215.09382009506226,53,215.4050965309143,53,215.71761560440063,53,216.02586960792542,53,216.7714068889618,53,217.08062934875488,53,217.81494116783142,53,218.54777026176453,53,218.8620684146881,53,219.16320037841797,53,219.4506175518036,53,220.18727898597717,53,220.47973084449768,53,221.22574377059937,53,221.54626512527466,53,222.28712463378906,53,222.60296845436096,53,222.90295553207397,53,223.6495611667633,53,223.94484114646912,53,224.67911028862,53,225.4224717617035,53,226.15723037719727,53,226.47328090667725,53,226.803320646286,53,227.1256880760193,53,227.43195176124573,53,228.1720893383026,53,228.49884819984436,53,229.23301792144775,53,229.55998539924622,53,230.29800367355347,53,230.60049986839294,53,231.33546495437622,53,232.07754945755005,53,232.35830783843994,53,233.08917880058289,53,233.8289692401886,53,234.13806700706482,53,234.8736457824707,53,235.17771363258362,53,235.91287207603455,53,236.2622606754303,53,236.9912600517273,53,237.28468489646912,53,237.5811891555786,53,238.31569933891296,53,239.0511600971222,53,239.37668895721436,53,240.11586833000183,53,240.85251140594482,53,241.16543173789978,53,241.91916680335999,53,242.21981739997864,53,242.52715587615967,53,242.84888410568237,53,243.58928680419922,53,244.32879638671875,53,244.62425994873047,53,244.90814661979675,53,245.2142951488495,53,245.5447883605957,53,246.29529213905334,53,246.56064820289612,53,246.88724517822266,53,247.1997435092926,53,247.5061218738556,53,247.81944584846497,53,248.12692642211914,53,248.86592769622803,53,249.18859457969666,53,249.94341039657593,53,250.6904957294464,53,251.42002701759338,53,252.15441703796387,53,252.46620750427246,53,253.20415949821472,53,253.52590799331665,53,253.82193613052368,53,254.13588571548462,53,254.42617964744568,53,255.1620910167694,53,255.48805260658264,53,255.79796266555786,53,256.5300438404083,53,257.2705523967743,53,257.56695914268494,53,258.29944038391113,53,259.03634095191956,53,259.3549599647522,53,259.6690537929535,53,259.99140787124634,53,260.3087775707245,53,260.632798910141,53,260.95179510116577,53,261.6854374408722,53,261.97653317451477,53,262.2972092628479,53,263.02372217178345,53,263.7435054779053,53,264.06063961982727,53,264.34758043289185,53,264.6614227294922,53,265.39932227134705,53,265.66471815109253,53,265.99087285995483,53,266.7233896255493,53,267.0562946796417,53,267.34536933898926,53,267.6636552810669,53,267.9878077507019,53,268.2989478111267,53,269.0338191986084,53,269.3476173877716,53,270.080806016922,53,270.8079574108124,53,271.5388374328613,53,271.8387682437897,53,272.58172607421875,53,272.9065532684326,53,273.6428201198578,53,273.9455499649048,53,274.2480185031891,53,274.5588471889496,53,275.28560853004456,53,276.01902079582214,53,276.7460355758667,53,277.06142830848694,53,277.79620480537415,53,278.1103022098541,53,278.4299120903015,53,278.73974347114563,53,279.46191358566284,53,280.1854386329651,53,280.4790983200073,53,280.7428879737854,53,281.0264995098114,53,281.3389415740967,53,282.074303150177,53,282.7998516559601,53,283.10441970825195,53,283.3872056007385,53,283.70485496520996,53,284.00687170028687,53,284.732581615448,53,285.46580696105957,53,286.19724130630493,53,286.51327323913574,53,286.83400440216064,53,287.55506229400635,53,287.86819791793823,53,288.5910007953644,53,288.8866939544678,53,289.15568828582764,53,289.88398241996765,53,290.6049134731293,53,290.9218370914459,53,291.2293314933777,53,291.54188108444214,53,291.85564613342285,53,292.57985734939575,53,292.8950493335724,53,293.1947946548462,53,293.5058047771454,53,294.2459192276001,53,294.9744646549225,53,295.2880687713623,53,295.607519865036,53,295.9121882915497,53,296.2200746536255,53,296.52153754234314,53,297.2557649612427,53,297.5751118659973,53,298.31311225891113,53,299.03698348999023,53,299.77177143096924,53,300.02418422698975
1,random graphs/big_layer/r1.5k12n8/graph1.lgbin,3711,290.5412654876709,61,146,0,69,0.48940515518188477,61,0.9634151458740234,61,1.3155968189239502,61,1.7348628044128418,61,2.065662145614624,61,2.5044403076171875,61,2.8483736515045166,61,3.270658493041992,61,3.6158950328826904,61,4.059337139129639,61,4.502399682998657,61,4.950962543487549,61,5.395878076553345,61,5.7275707721710205,61,6.151828050613403,61,6.4835145473480225,61,6.837023973464966,61,7.287712335586548,61,7.5787577629089355,61,8.036291599273682,61,8.486083030700684,61,8.782907009124756,61,9.207011938095093,61,9.641315460205078,61,9.97431755065918,61,10.416979312896729,61,10.857978105545044,61,11.150556087493896,61,11.480100870132446,61,11.921336889266968,61,12.375919580459595,61,12.794763326644897,61,13.121991872787476,61,13.434146165847778,61,13.883296012878418,61,14.318486452102661,61,14.770689725875854,61,15.224658012390137,61,15.52126693725586,61,15.884719371795654,61,16.308448791503906,61,16.751055002212524,61,17.208061933517456,61,17.643905639648438,61,18.102360010147095,61,18.542518615722656,61,18.888269901275635,61,19.23587989807129,61,19.69341278076172,61,19.99062156677246,61,20.420825004577637,61,20.76283097267151,61,21.10279655456543,61,21.53902816772461,61,21.89603590965271,61,22.190271854400635,61,22.530144691467285,61,22.82041049003601,61,23.155482292175293,61,23.494025945663452,61,23.945701837539673,61,24.275493621826172,61,24.613948822021484,61,24.9562509059906,61,25.401187419891357,61,25.853700160980225,61,26.177687168121338,61,26.637850761413574,61,26.979872941970825,61,27.409595489501953,61,27.737483263015747,61,28.159011840820312,61,28.507455587387085,61,28.854039192199707,61,29.298332929611206,61,29.580941200256348,61,30.029043197631836,61,30.36355185508728,61,30.71069049835205,61,31.1407151222229,61,31.480883836746216,61,31.919193267822266,61,32.209019899368286,61,32.655078649520874,61,32.94916582107544,61,33.28339695930481,61,33.63749670982361,61,34.08334469795227,61,34.41766619682312,61,34.7530312538147,61,35.18380355834961,61,35.515846967697144,61,35.84466528892517,61,36.18514561653137,61,36.524391412734985,61,36.87104606628418,61,37.3036527633667,61,37.63005018234253,61,37.95218777656555,61,38.38951277732849,61,38.822577238082886,61,39.16076135635376,61,39.59604239463806,61,40.037588119506836,61,40.49096393585205,61,40.932575702667236,61,41.27326250076294,61,41.563328981399536,61,41.8480441570282,61,42.20010495185852,61,42.53873920440674,61,42.96685338020325,61,43.31708121299744,61,43.762462854385376,61,44.05601215362549,61,44.508694887161255,61,44.92745232582092,61,45.26243829727173,61,45.55090260505676,61,45.891481161117554,61,46.33483695983887,61,46.75068950653076,61,47.18974733352661,61,47.52671003341675,61,47.8220636844635,61,48.114386558532715,61,48.44049096107483,61,48.87832999229431,61,49.31631374359131,61,49.64798450469971,61,50.06545281410217,61,50.40215611457825,61,50.81670331954956,61,51.266091108322144,61,51.68527388572693,61,52.12155866622925,61,52.45730686187744,61,52.89691352844238,61,53.18673586845398,61,53.47980856895447,61,53.815016984939575,61,54.149452686309814,61,54.59552359580994,61,54.88369393348694,61,55.31773662567139,61,55.609594106674194,61,55.952224254608154,61,56.38700199127197,61,56.70910406112671,61,57.04218792915344,61,57.353121280670166,61,57.784632444381714,61,58.11206388473511,61,58.56682538986206,61,58.89643955230713,61,59.22863435745239,61,59.577062129974365,61,60.00869107246399,61,60.45293045043945,61,60.889955282211304,61,61.23302125930786,61,61.559699058532715,61,61.89454770088196,61,62.22366166114807,61,62.5566987991333,61,62.975903034210205,61,63.30077314376831,61,63.730830907821655,61,64.06067371368408,61,64.39848589897156,61,64.84017491340637,61,65.12424874305725,61,65.55055356025696,61,65.87561345100403,61,66.21017456054688,61,66.64173650741577,61,67.08572721481323,61,67.53760528564453,61,67.9796085357666,61,68.305899143219,61,68.62160754203796,61,69.03985071182251,61,69.37197995185852,61,69.80328512191772,61,70.24370217323303,61,70.66480994224548,61,71.10934138298035,61,71.4403121471405,61,71.86051440238953,61,72.15300917625427,61,72.48630690574646,61,72.78631711006165,61,73.21181511878967,61,73.56517672538757,61,73.89523577690125,61,74.337806224823,61,74.76729917526245,61,75.21104335784912,61,75.65456485748291,61,76.07753467559814,61,76.51032137870789,61,76.84196043014526,61,77.26521277427673,61,77.60974049568176,61,77.94573950767517,61,78.23993492126465,61,78.66428089141846,61,78.99648833274841,61,79.2827799320221,61,79.71808910369873,61,80.14207291603088,61,80.58193302154541,61,80.92020845413208,61,81.2616355419159,61,81.55323195457458,61,81.88771939277649,61,82.21340203285217,61,82.65562558174133,61,83.1000006198883,61,83.4377429485321,61,83.76833152770996,61,84.09442019462585,61,84.52695798873901,61,84.97212600708008,61,85.29416942596436,61,85.64799737930298,61,85.98179888725281,61,86.30827593803406,61,86.6417920589447,61,87.07443356513977,61,87.52864742279053,61,87.97323298454285,61,88.26555275917053,61,88.70627069473267,61,89.14011979103088,61,89.58801698684692,61,90.04130673408508,61,90.47882199287415,61,90.81762909889221,61,91.15304613113403,61,91.60572028160095,61,91.94933485984802,61,92.38943290710449,61,92.83524656295776,61,93.17742252349854,61,93.46986722946167,61,93.81906604766846,61,94.14510822296143,61,94.57489061355591,61,95.0105791091919,61,95.34503674507141,61,95.79416608810425,61,96.07539105415344,61,96.36412262916565,61,96.72061014175415,61,97.0753083229065,61,97.50518655776978,61,97.82772493362427,61,98.16257834434509,61,98.50573468208313,61,98.93593072891235,61,99.3666741847992,61,99.7010440826416,61,100.02393007278442,61,100.36733198165894,61,100.67453694343567,61,100.99609684944153,61,101.29580450057983,61,101.61774635314941,61,101.9548556804657,61,102.28880381584167,61,102.58251905441284,61,103.02005219459534,61,103.46341276168823,61,103.78875350952148,61,104.21853184700012,61,104.55021405220032,61,104.89188027381897,61,105.22352457046509,61,105.5621337890625,61,105.86495661735535,61,106.31250190734863,61,106.75936627388,61,107.19964647293091,61,107.63531708717346,61,108.06922197341919,61,108.49388408660889,61,108.93894624710083,61,109.26625561714172,61,109.61550045013428,61,110.04196190834045,61,110.48760151863098,61,110.94122791290283,61,111.38665008544922,61,111.72214436531067,61,112.15132880210876,61,112.44677734375,61,112.86581325531006,61,113.29549074172974,61,113.62232565879822,61,114.07355332374573,61,114.41317749023438,61,114.7089421749115,61,115.05373787879944,61,115.39376854896545,61,115.84605979919434,61,116.17972922325134,61,116.62190675735474,61,116.92044854164124,61,117.20951986312866,61,117.65537118911743,61,118.10932302474976,61,118.45243310928345,61,118.91106176376343,61,119.3651475906372,61,119.81808876991272,61,120.11276149749756,61,120.4592399597168,61,120.75653910636902,61,121.09646844863892,61,121.53252577781677,61,121.96650671958923,61,122.25758838653564,61,122.6941466331482,61,123.12587833404541,61,123.5613853931427,61,123.90906357765198,61,124.23803281784058,61,124.6878719329834,61,125.12384676933289,61,125.45863890647888,61,125.89342451095581,61,126.33138465881348,61,126.6800148487091,61,127.10362601280212,61,127.55718612670898,61,127.98511624336243,61,128.43166041374207,61,128.88387441635132,61,129.33877205848694,61,129.66904497146606,61,130.09403276443481,61,130.54468727111816,61,130.83835577964783,61,131.30312156677246,61,131.59737086296082,61,132.02648425102234,61,132.36039209365845,61,132.708913564682,61,133.05579924583435,61,133.36926412582397,61,133.70286870002747,61,134.04085445404053,61,134.48243021965027,61,134.82911896705627,61,135.16382098197937,61,135.50333786010742,61,135.8332016468048,61,136.26182079315186,61,136.7000663280487,61,137.13089084625244,61,137.4756395816803,61,137.8102605342865,61,138.13762664794922,61,138.5694558620453,61,138.99381494522095,61,139.43173384666443,61,139.7580816745758,61,140.10287141799927,61,140.52273559570312,61,140.85718703269958,61,141.30778622627258,61,141.64065074920654,61,142.105970621109,61,142.54031419754028,61,142.9888150691986,61,143.33127522468567,61,143.66320204734802,61,143.97672152519226,61,144.40758228302002,61,144.74995112419128,61,145.08089208602905,61,145.41679668426514,61,145.86152338981628,61,146.20373606681824,61,146.49997901916504,61,146.94223141670227,61,147.38531637191772,61,147.7239212989807,61,148.0195128917694,61,148.3634831905365,61,148.82081937789917,61,149.26605868339539,61,149.6037323474884,61,149.94953417778015,61,150.3754551410675,61,150.82376432418823,61,151.16442823410034,61,151.45659828186035,61,151.74451088905334,61,152.18026852607727,61,152.53039240837097,61,152.97400450706482,61,153.32572436332703,61,153.7652246952057,61,154.19097185134888,61,154.54469275474548,61,154.86985731124878,61,155.30581283569336,61,155.628160238266,61,155.95824193954468,61,156.39704585075378,61,156.73321104049683,61,157.0680160522461,61,157.51110649108887,61,157.9705045223236,61,158.31939959526062,61,158.75357246398926,61,159.21091556549072,61,159.50122618675232,61,159.842618227005,61,160.15244340896606,61,160.60749697685242,61,160.9432258605957,61,161.28518271446228,61,161.57731413841248,61,162.00255298614502,61,162.33362317085266,61,162.75675797462463,61,163.18698239326477,61,163.62230348587036,61,163.95876264572144,61,164.25182104110718,61,164.60344886779785,61,164.94693899154663,61,165.28652834892273,61,165.57660746574402,61,165.91838431358337,61,166.36731910705566,61,166.80036640167236,61,167.09783959388733,61,167.3892593383789,61,167.8301260471344,61,168.28116059303284,61,168.5810170173645,61,168.8685576915741,61,169.31656336784363,61,169.66559863090515,61,170.1083595752716,61,170.56719589233398,61,171.01949000358582,61,171.34907245635986,61,171.64391136169434,61,172.07444167137146,61,172.41722106933594,61,172.7488386631012,61,173.194899559021,61,173.5207986831665,61,173.81685495376587,61,174.11334419250488,61,174.4516086578369,61,174.79208183288574,61,175.23245453834534,61,175.68320846557617,61,176.13935446739197,61,176.48038697242737,61,176.8280713558197,61,177.26142978668213,61,177.6954197883606,61,178.12697577476501,61,178.47702479362488,61,178.8287000656128,61,179.15903306007385,61,179.48761343955994,61,179.8377754688263,61,180.17100048065186,61,180.48281002044678,61,180.8197877407074,61,181.1611852645874,61,181.49240803718567,61,181.83381390571594,61,182.17683839797974,61,182.52056431770325,61,182.97445440292358,61,183.33146476745605,61,183.7644670009613,61,184.21074318885803,61,184.54842162132263,61,184.89576268196106,61,185.1898262500763,61,185.49006295204163,61,185.82578802108765,61,186.27701497077942,61,186.72387957572937,61,187.16409397125244,61,187.6137237548828,61,188.04933071136475,61,188.34358739852905,61,188.79069304466248,61,189.24502110481262,61,189.70329093933105,61,190.1620135307312,61,190.50816917419434,61,190.850905418396,61,191.17763805389404,61,191.5107614994049,61,191.93792486190796,61,192.28247332572937,61,192.70781874656677,61,193.0386393070221,61,193.47058176994324,61,193.80661273002625,61,194.23994660377502,61,194.58533668518066,61,195.0329008102417,61,195.3871500492096,61,195.7264904975891,61,196.06863570213318,61,196.51575994491577,61,196.85611033439636,61,197.2952857017517,61,197.63951683044434,61,198.09386229515076,61,198.4375774860382,61,198.87212872505188,61,199.30819606781006,61,199.7617950439453,61,200.10669589042664,61,200.45859169960022,61,200.7968487739563,61,201.23739552497864,61,201.6926760673523,61,202.02845764160156,61,202.46453619003296,61,202.91078281402588,61,203.33161735534668,61,203.65726780891418,61,204.09669589996338,61,204.53070092201233,61,204.87297987937927,61,205.2178783416748,61,205.557603597641,61,205.99943780899048,61,206.28394174575806,61,206.73107957839966,61,207.16432738304138,61,207.47651743888855,61,207.91086316108704,61,208.2464838027954,61,208.58488297462463,61,209.02123022079468,61,209.46634030342102,61,209.79994368553162,61,210.2555856704712,61,210.68059492111206,61,210.9706425666809,61,211.30361533164978,61,211.74058771133423,61,212.07618355751038,61,212.51274967193604,61,212.95831656455994,61,213.39630389213562,61,213.68806958198547,61,214.02318477630615,61,214.44986820220947,61,214.7849543094635,61,215.12459921836853,61,215.4534513950348,61,215.76432919502258,61,216.19201970100403,61,216.63655424118042,61,216.9681794643402,61,217.3213438987732,61,217.60841035842896,61,218.04125595092773,61,218.49581670761108,61,218.8367874622345,61,219.18795919418335,61,219.52222061157227,61,219.825204372406,61,220.1563332080841,61,220.60083055496216,61,220.93874859809875,61,221.2699739933014,61,221.61784958839417,61,222.07722544670105,61,222.4099636077881,61,222.84800481796265,61,223.27265620231628,61,223.70614385604858,61,224.05508685112,61,224.50125312805176,61,224.93245196342468,61,225.271057844162,61,225.71881580352783,61,226.03930735588074,61,226.49615693092346,61,226.8346152305603,61,227.1912877559662,61,227.47995376586914,61,227.91315913200378,61,228.35170531272888,61,228.70749187469482,61,229.0520679950714,61,229.42927074432373,61,229.86250281333923,61,230.29471635818481,61,230.64477729797363,61,230.9453990459442,61,231.28319716453552,61,231.73116302490234,61,232.0169448852539,61,232.4678726196289,61,232.8905758857727,61,233.34365463256836,61,233.68248009681702,61,234.02055263519287,61,234.3182249069214,61,234.65188431739807,61,234.98095297813416,61,235.41795444488525,61,235.8566882610321,61,236.28920531272888,61,236.66095209121704,61,237.0946536064148,61,237.54700469970703,61,237.87845253944397,61,238.3146677017212,61,238.64269423484802,61,238.98638343811035,61,239.41936540603638,61,239.70607781410217,61,240.15057635307312,61,240.49028420448303,61,240.92569065093994,61,241.35947275161743,61,241.70009922981262,61,242.04439496994019,61,242.48265147209167,61,242.91372156143188,61,243.2462522983551,61,243.5593183040619,61,244.0145411491394,61,244.34948348999023,61,244.6817331314087,61,245.01684069633484,61,245.44960379600525,61,245.89771437644958,61,246.35260581970215,61,246.68470644950867,61,247.12284421920776,61,247.55607962608337,61,247.9968900680542,61,248.4537501335144,61,248.8948154449463,61,249.19273447990417,61,249.53569674491882,61,249.8872835636139,61,250.33358931541443,61,250.786114692688,61,251.13279581069946,61,251.42738127708435,61,251.77771973609924,61,252.23871326446533,61,252.5857720375061,61,253.04224467277527,61,253.3878743648529,61,253.8311641216278,61,254.1567313671112,61,254.58467411994934,61,255.03610634803772,61,255.47898530960083,61,255.77306079864502,61,256.09064531326294,61,256.52231764793396,61,256.9484233856201,61,257.38589882850647,61,257.82762718200684,61,258.28477215766907,61,258.62016677856445,61,259.0545651912689,61,259.3934507369995,61,259.7448742389679,61,260.1922092437744,61,260.6500005722046,61,260.9841034412384,61,261.40058612823486,61,261.69095849990845,61,262.12855792045593,61,262.56989645957947,61,263.01431107521057,61,263.45320892333984,61,263.90997982025146,61,264.25202226638794,61,264.5955274105072,61,265.0491111278534,61,265.36021518707275,61,265.79607248306274,61,266.1408176422119,61,266.43428111076355,61,266.7290961742401,61,267.0540130138397,61,267.3878653049469,61,267.6973958015442,61,268.1399734020233,61,268.5840256214142,61,269.01868414878845,61,269.34948897361755,61,269.6860542297363,61,270.0239119529724,61,270.3772211074829,61,270.7068724632263,61,271.0447127819061,61,271.488600730896,61,271.9143340587616,61,272.33720660209656,61,272.7748820781708,61,273.1052930355072,61,273.55160546302795,61,273.98179483413696,61,274.3200671672821,61,274.65552830696106,61,275.0078158378601,61,275.45372915267944,61,275.790922164917,61,276.211877822876,61,276.64409017562866,61,276.9869382381439,61,277.42063307762146,61,277.74869990348816,61,278.0982141494751,61,278.5529103279114,61,278.8914203643799,61,279.3457534313202,61,279.69427585601807,61,280.1353533267975,61,280.5671081542969,61,280.8643252849579,61,281.1785273551941,61,281.61374497413635,61,281.9092960357666,61,282.2412793636322,61,282.5943293571472,61,282.9147560596466,61,283.3617911338806,61,283.69529390335083,61,284.1454975605011,61,284.482830286026,61,284.90840768814087,61,285.35376954078674,61,285.6877579689026,61,286.03244256973267,61,286.45379662513733,61,286.8862748146057,61,287.2229642868042,61,287.51634454727173,61,287.9622905254364,61,288.40224981307983,61,288.82617688179016,61,289.1625187397003,61,289.49095845222473,61,289.8349235057831,61,290.2860703468323,61,290.62930941581726,61,291.0484414100647,61,291.3815052509308,61,291.7256164550781,61,292.05956745147705,61,292.41072130203247,61,292.8409192562103,61,293.262841463089,61,293.5590524673462,61,293.89838790893555,61,294.22848987579346,61,294.57438039779663,61,294.9084734916687,61,295.35621786117554,61,295.6472532749176,61,295.9580545425415,61,296.40233421325684,61,296.85967922210693,61,297.2844269275665,61,297.62102603912354,61,298.0432229042053,61,298.38514518737793,61,298.7192621231079,61,299.0106956958771,61,299.3297667503357,61,299.75903153419495,61,300.0199062824249
2,random graphs/big_layer/r1.5k12n8/graph2.lgbin,3711,291.4771947860718,39,109,0,40,0.33658814430236816,39,0.8807368278503418,39,1.4372196197509766,39,1.761354684829712,39,2.0875704288482666,39,2.6542720794677734,39,2.969557523727417,39,3.5400257110595703,39,3.866710901260376,39,4.429755926132202,39,4.752951383590698,39,5.29804801940918,39,5.648617506027222,39,6.216067790985107,39,6.531830787658691,39,7.106603384017944,39,7.674621820449829,39,8.227603197097778,39,8.590575933456421,39,8.916374921798706,39,9.474188089370728,39,9.805295705795288,39,10.369329929351807,39,10.703344106674194,39,11.268254041671753,39,11.825210094451904,39,12.14728045463562,39,12.502370119094849,39,12.822229146957397,39,13.144183158874512,39,13.465762853622437,39,13.81522250175476,39,14.373536825180054,39,14.926898717880249,39,15.469505071640015,39,16.002106428146362,39,16.31175994873047,39,16.84333324432373,39,17.156978607177734,39,17.521414518356323,39,18.076144456863403,39,18.619275331497192,39,19.17125916481018,39,19.721673488616943,39,20.075697422027588,39,20.424240589141846,39,20.973514318466187,39,21.291053771972656,39,21.857743740081787,39,22.406551837921143,39,22.94101119041443,39,23.251985788345337,39,23.789062023162842,39,24.332477807998657,39,24.794426679611206,39,25.127643823623657,39,25.6927490234375,39,26.139832258224487,39,26.69865131378174,39,27.262263298034668,39,27.58130717277527,39,28.146280527114868,39,28.71595001220703,39,29.050658226013184,39,29.556188821792603,39,29.88776469230652,39,30.221662759780884,39,30.78677248954773,39,31.356208562850952,39,31.675222873687744,39,32.012287616729736,39,32.468749046325684,39,32.92318153381348,39,33.359936237335205,39,33.689467668533325,39,34.02558922767639,39,34.35137486457825,39,34.67284679412842,39,35.00767803192139,39,35.57239842414856,39,36.11355471611023,39,36.68181562423706,39,37.01056981086731,39,37.3437876701355,39,37.659807443618774,39,38.21666669845581,39,38.77045202255249,39,39.31266379356384,39,39.631502628326416,39,39.98547720909119,39,40.540611743927,39,40.85874676704407,39,41.41645956039429,39,41.73536038398743,39,42.2908148765564,39,42.60827898979187,39,43.17524194717407,39,43.53915619850159,39,43.85418343544006,39,44.40322399139404,39,44.95802927017212,39,45.26523756980896,39,45.83213949203491,39,46.37072730064392,39,46.937798261642456,39,47.502620458602905,39,48.05355143547058,39,48.592869997024536,39,48.917810916900635,39,49.251107692718506,39,49.817564487457275,39,50.37974977493286,39,50.69622254371643,39,51.26043915748596,39,51.82103633880615,39,52.380677700042725,39,52.7012996673584,39,53.25922656059265,39,53.58210372924805,39,54.137707471847534,39,54.69598841667175,39,55.25721311569214,39,55.57772469520569,39,55.90015196800232,39,56.46631717681885,39,56.91298460960388,39,57.390499114990234,39,57.722984313964844,39,58.296475410461426,39,58.85000491142273,39,59.21204948425293,39,59.54534649848938,39,60.107168674468994,39,60.67142963409424,39,61.22274947166443,39,61.767001152038574,39,62.09544134140015,39,62.46046757698059,39,62.79323935508728,39,63.24211311340332,39,63.558714866638184,39,64.12291693687439,39,64.44154977798462,39,65.00314974784851,39,65.56254816055298,39,65.89048051834106,39,66.44552564620972,39,66.76179051399231,39,67.0839512348175,39,67.62871623039246,39,68.17172932624817,39,68.52165699005127,39,69.06055402755737,39,69.60268545150757,39,69.92698383331299,39,70.46947598457336,39,71.01147961616516,39,71.55509185791016,39,72.12114977836609,39,72.66244554519653,39,73.21196413040161,39,73.52242469787598,39,74.07093548774719,39,74.3855926990509,39,74.71248245239258,39,75.07590627670288,39,75.63370084762573,39,76.1819360256195,39,76.72616386413574,39,77.05850577354431,39,77.61770534515381,39,78.176518201828,39,78.50681161880493,39,79.05901741981506,39,79.3763918876648,39,79.93962287902832,39,80.4885790348053,39,80.8087968826294,39,81.36329698562622,39,81.90711760520935,39,82.46029281616211,39,82.77649641036987,39,83.33585166931152,39,83.88818669319153,39,84.20448899269104,39,84.75336003303528,39,85.10288286209106,39,85.66163611412048,39,86.20161247253418,39,86.54944157600403,39,86.87459254264832,39,87.4186065196991,39,87.96164035797119,39,88.50803399085999,39,89.06041169166565,39,89.37711763381958,39,89.86320447921753,39,90.17080926895142,39,90.48161005973816,39,90.90537214279175,39,91.45363068580627,39,91.77219533920288,39,92.08424830436707,39,92.63229608535767,39,92.94888257980347,39,93.50269842147827,39,93.99622225761414,39,94.30497407913208,39,94.61888980865479,39,95.14472031593323,39,95.50131416320801,39,96.05113196372986,39,96.37204027175903,39,96.69404768943787,39,97.24467015266418,39,97.58815455436707,39,98.14576768875122,39,98.46121215820312,39,98.80227160453796,39,99.35185122489929,39,99.66966891288757,39,100.2054603099823,39,100.74635934829712,39,101.09961819648743,39,101.4220814704895,39,101.73374247550964,39,102.16379499435425,39,102.52056241035461,39,102.86625790596008,39,103.22223424911499,39,103.57520270347595,39,104.11447620391846,39,104.65170574188232,39,105.19515681266785,39,105.61582446098328,39,106.16845917701721,39,106.48957777023315,39,107.03202199935913,39,107.57684469223022,39,107.90176510810852,39,108.45658206939697,39,108.78878164291382,39,109.34717917442322,39,109.66257381439209,39,109.97920727729797,39,110.3073799610138,39,110.85928153991699,39,111.41205263137817,39,111.95642375946045,39,112.40910291671753,39,112.72760343551636,39,113.04424667358398,39,113.36181116104126,39,113.67693090438843,39,114.22073078155518,39,114.76379895210266,39,115.19425630569458,39,115.51477766036987,39,115.86278653144836,39,116.19092416763306,39,116.51190495491028,39,116.86066341400146,39,117.17523527145386,39,117.72143650054932,39,118.0369484424591,39,118.59567666053772,39,119.1400191783905,39,119.45818543434143,39,119.76889872550964,39,120.1242458820343,39,120.68044185638428,39,120.99667572975159,39,121.35243654251099,39,121.89515972137451,39,122.21375608444214,39,122.77112436294556,39,123.10425448417664,39,123.46524548530579,39,123.81348371505737,39,124.37345147132874,39,124.9294261932373,39,125.28559303283691,39,125.82956743240356,39,126.38240218162537,39,126.92519497871399,39,127.23928904533386,39,127.5673987865448,39,127.89270424842834,39,128.22373843193054,39,128.57157254219055,39,129.13096356391907,39,129.68353128433228,39,130.00180053710938,39,130.56963968276978,39,130.917160987854,39,131.23811221122742,39,131.56040811538696,39,132.12331342697144,39,132.45020961761475,39,132.7702510356903,39,133.3300862312317,39,133.88918924331665,39,134.20644092559814,39,134.75277185440063,39,135.07155442237854,39,135.64085626602173,39,135.95799565315247,39,136.32209539413452,39,136.6449830532074,39,137.01015090942383,39,137.36648726463318,39,137.91604447364807,39,138.22997546195984,39,138.55683970451355,39,139.10910725593567,39,139.42465925216675,39,139.97386741638184,39,140.52360272407532,39,141.0701665878296,39,141.41849970817566,39,141.97666335105896,39,142.52979254722595,39,143.0950222015381,39,143.4105098247528,39,143.73463988304138,39,144.165536403656,39,144.71879506111145,39,145.2750940322876,39,145.70752382278442,39,146.02945685386658,39,146.5867280960083,39,147.137877702713,39,147.4529836177826,39,148.0087661743164,39,148.55720949172974,39,148.88717341423035,39,149.4440414905548,39,149.9951159954071,39,150.53745865821838,39,150.89636707305908,39,151.21707201004028,39,151.54183959960938,39,151.86421489715576,39,152.21728229522705,39,152.77189683914185,39,153.126145362854,39,153.45289492607117,39,154.0103738307953,39,154.33076739311218,39,154.65281128883362,39,154.98357629776,39,155.42644906044006,39,155.7742564678192,39,156.1397728919983,39,156.69592237472534,39,157.0116159915924,39,157.55915784835815,39,157.89313197135925,39,158.45577812194824,39,158.8025574684143,39,159.36073064804077,39,159.6822862625122,39,160.2472641468048,39,160.58043384552002,39,160.90797472000122,39,161.40667366981506,39,161.96713972091675,39,162.47696566581726,39,162.79616832733154,39,163.35537767410278,39,163.90306615829468,39,164.2285978794098,39,164.57660698890686,39,164.9258153438568,39,165.2549216747284,39,165.56193804740906,39,165.90081000328064,39,166.3991882801056,39,166.74859142303467,39,167.30736684799194,39,167.86670780181885,39,168.42400121688843,39,168.97696042060852,39,169.3102731704712,39,169.8736870288849,39,170.2060935497284,39,170.75822353363037,39,171.076810836792,39,171.41302251815796,39,171.73975825309753,39,172.30344820022583,39,172.85934495925903,39,173.42448472976685,39,173.75695848464966,39,174.08736205101013,39,174.64218068122864,39,174.97157835960388,39,175.4045786857605,39,175.9702181816101,39,176.521409034729,39,176.95419430732727,39,177.50235199928284,39,177.8263647556305,39,178.1613428592682,39,178.49235248565674,39,178.84042882919312,39,179.17773342132568,39,179.70942950248718,39,180.2454686164856,39,180.5615315437317,39,181.10812282562256,39,181.66141533851624,39,182.21453380584717,39,182.77895736694336,39,183.3386368751526,39,183.90190315246582,39,184.4689564704895,39,185.03546357154846,39,185.36494183540344,39,185.69568705558777,39,186.0299632549286,39,186.36121726036072,39,186.6919424533844,39,187.02527379989624,39,187.35795855522156,39,187.68346524238586,39,188.24351525306702,39,188.57464170455933,39,189.12753891944885,39,189.44472980499268,39,189.90890789031982,39,190.22339749336243,39,190.7885525226593,39,191.33618927001953,39,191.66207575798035,39,192.22561883926392,39,192.79118537902832,39,193.3532497882843,39,193.91632556915283,39,194.23422408103943,39,194.5523121356964,39,195.11238503456116,39,195.46226477622986,39,195.788480758667,39,196.33134293556213,39,196.88389086723328,39,197.21630454063416,39,197.5352852344513,39,197.87103152275085,39,198.1978063583374,39,198.5572075843811,39,198.91403126716614,39,199.47440195083618,39,200.03265118598938,39,200.58209228515625,39,201.12472820281982,39,201.68260145187378,39,202.24713969230652,39,202.81097412109375,39,203.13058757781982,39,203.6017496585846,39,203.92356538772583,39,204.25825786590576,39,204.57778000831604,39,204.90081691741943,39,205.22030353546143,39,205.7774555683136,39,206.31606912612915,39,206.87442898750305,39,207.41774821281433,39,207.87640357017517,39,208.42368578910828,39,208.96239757537842,39,209.29844689369202,39,209.61700963974,39,209.9426646232605,39,210.44985628128052,39,210.99713850021362,39,211.55103635787964,39,211.8671531677246,39,212.42905831336975,39,212.98260760307312,39,213.30311059951782,39,213.6345317363739,39,214.19242477416992,39,214.75147557258606,39,215.30683040618896,39,215.6239628791809,39,216.1808741092682,39,216.74561834335327,39,217.3083791732788,39,217.8709032535553,39,218.20387315750122,39,218.53199529647827,39,219.09711980819702,39,219.63762617111206,39,220.0734031200409,39,220.62586450576782,39,221.0570685863495,39,221.3924412727356,39,221.95430278778076,39,222.49811959266663,39,222.83766293525696,39,223.39423823356628,39,223.71219968795776,39,224.03320574760437,39,224.39695811271667,39,224.7076153755188,39,225.02137994766235,39,225.34013080596924,39,225.89901161193848,39,226.21908330917358,39,226.77457094192505,39,227.33825540542603,39,227.89911556243896,39,228.22288250923157,39,228.57297134399414,39,229.1285274028778,39,229.67909622192383,39,230.00061297416687,39,230.35355639457703,39,230.91107869148254,39,231.22651648521423,39,231.7954773902893,39,232.34941864013672,39,232.66956853866577,39,232.99263310432434,39,233.34973430633545,39,233.9198682308197,39,234.25046277046204,39,234.81359124183655,39,235.36781001091003,39,235.91871547698975,39,236.25254273414612,39,236.56753969192505,39,237.00230765342712,39,237.57087182998657,39,237.9040584564209,39,238.35836100578308,39,238.9139449596405,39,239.4603033065796,39,239.77874088287354,39,240.3304522037506,39,240.6514070034027,39,240.97477173805237,39,241.53389406204224,39,242.086758852005,39,242.63876628875732,39,243.2038176059723,39,243.7558069229126,39,244.29551911354065,39,244.85332345962524,39,245.41466236114502,39,245.96775317192078,39,246.52786898612976,39,246.85108828544617,39,247.40471124649048,39,247.96211457252502,39,248.29162645339966,39,248.62604022026062,39,248.95895886421204,39,249.521954536438,39,249.88536977767944,39,250.21738815307617,39,250.79058194160461,39,251.12219738960266,39,251.6857249736786,39,252.24907755851746,39,252.81248378753662,39,253.13789105415344,39,253.70110893249512,39,254.017728805542,39,254.35146498680115,39,254.9149124622345,39,255.47217559814453,39,256.026389837265,39,256.3526782989502,39,256.6849219799042,39,257.1438879966736,39,257.6862802505493,39,258.0104944705963,39,258.32844281196594,39,258.88696217536926,39,259.2398157119751,39,259.5985178947449,39,260.15454936027527,39,260.4747564792633,39,260.9183714389801,39,261.25010347366333,39,261.5996208190918,39,262.1596620082855,39,262.4912762641907,39,262.8459973335266,39,263.1687054634094,39,263.5218155384064,39,264.06367659568787,39,264.3900034427643,39,264.72110629081726,39,265.04299235343933,39,265.3782768249512,39,265.6977729797363,39,266.2619242668152,39,266.8287003040314,39,267.1748127937317,39,267.4982690811157,39,267.8183557987213,39,268.3543150424957,39,268.894323348999,39,269.25580501556396,39,269.59158396720886,39,269.91096115112305,39,270.23653745651245,39,270.78965067863464,39,271.35532116889954,39,271.9226622581482,39,272.3686556816101,39,272.9086751937866,39,273.2598295211792,39,273.6054310798645,39,274.1600260734558,39,274.72468733787537,39,275.0552225112915,39,275.6092920303345,39,275.9289057254791,39,276.24795866012573,39,276.8104100227356,39,277.3818130493164,39,277.73438572883606,39,278.088636636734,39,278.6598129272461,39,279.0204691886902,39,279.57347416877747,39,279.98939323425293,39,280.5494523048401,39,280.8922986984253,39,281.2255494594574,39,281.7896339893341,39,282.33911418914795,39,282.67508697509766,39,282.9989860057831,39,283.3418138027191,39,283.66880893707275,39,284.226820230484,39,284.5657579898834,39,284.87998819351196,39,285.19305300712585,39,285.7364411354065,39,286.0620050430298,39,286.6292088031769,39,287.16874051094055,39,287.7175006866455,39,288.2621383666992,39,288.58046674728394,39,288.8977780342102,39,289.2464768886566,39,289.8060803413391,39,290.36723041534424,39,290.6843783855438,39,291.2453992366791,39,291.57778549194336,39,291.93164110183716,39,292.4815528392792,39,292.90333676338196,39,293.4538412094116,39,294.0000219345093,39,294.3085651397705,39,294.7624487876892,39,295.3031487464905,39,295.61288142204285,39,296.1627194881439,39,296.62200927734375,39,297.1894369125366,39,297.7182505130768,39,298.27678418159485,39,298.60855650901794,39,299.1723282337189,39,299.5035824775696,39,299.82088565826416,39,300.0257227420807
3,random graphs/big_layer/r1.5k12n8/graph3.lgbin,3711,291.41452622413635,65,146,0,71,0.3431878089904785,69,0.661808967590332,65,1.1870832443237305,65,1.7194347381591797,65,2.0084035396575928,65,2.537303924560547,65,2.8247666358947754,65,3.3401851654052734,65,3.6305150985717773,65,4.139821767807007,65,4.422799587249756,65,4.694543361663818,65,5.205132246017456,65,5.732645273208618,65,6.019617319107056,65,6.330170154571533,65,6.607557058334351,65,6.876403331756592,65,7.4051127433776855,65,7.934693098068237,65,8.222740888595581,65,8.497824668884277,65,8.775965452194214,65,9.050720691680908,65,9.336097717285156,65,9.658713340759277,65,10.175465106964111,65,10.46898102760315,65,10.993231773376465,65,11.284995317459106,65,11.817105293273926,65,12.352450609207153,65,12.687795639038086,65,12.978925228118896,65,13.508049964904785,65,13.788228988647461,65,14.069727420806885,65,14.59450888633728,65,15.131062746047974,65,15.420816898345947,65,15.951954126358032,65,16.234090328216553,65,16.762445211410522,65,17.058775663375854,65,17.584478855133057,65,18.112465858459473,65,18.403725147247314,65,18.930891275405884,65,19.222715616226196,65,19.753746509552002,65,20.280693769454956,65,20.808638095855713,65,21.090965509414673,65,21.392338275909424,65,21.676132202148438,65,21.94788646697998,65,22.47482180595398,65,23.010976314544678,65,23.30409836769104,65,23.81759810447693,65,24.3454532623291,65,24.88462233543396,65,25.423110723495483,65,25.754502534866333,65,26.2918541431427,65,26.82861065864563,65,27.36296272277832,65,27.89317536354065,65,28.43568515777588,65,28.96864128112793,65,29.50250005722046,65,30.038905143737793,65,30.32659077644348,65,30.85985279083252,65,31.195066452026367,65,31.50603461265564,65,32.02983856201172,65,32.56858587265015,65,32.897332429885864,65,33.15553832054138,65,33.67680811882019,65,34.20544242858887,65,34.51340103149414,65,34.81943488121033,65,35.34690451622009,65,35.87903046607971,65,36.17319178581238,65,36.477094888687134,65,36.75506258010864,65,37.03531336784363,65,37.31132984161377,65,37.84188508987427,65,38.132890701293945,65,38.41695833206177,65,38.69693183898926,65,39.22308111190796,65,39.762489318847656,65,40.309468269348145,65,40.59955453872681,65,41.13140273094177,65,41.66625165939331,65,42.19710922241211,65,42.52463150024414,65,42.8579204082489,65,43.3981294631958,65,43.925978660583496,65,44.45836305618286,65,44.99302577972412,65,45.53234839439392,65,45.828850746154785,65,46.113147020339966,65,46.64499878883362,65,46.9315242767334,65,47.216004610061646,65,47.50029397010803,65,47.816060066223145,65,48.33613872528076,65,48.625630378723145,65,49.15270805358887,65,49.69435524940491,65,50.227893590927124,65,50.51562786102295,65,51.0452561378479,65,51.32808804512024,65,51.85457420349121,65,52.39784646034241,65,52.688232421875,65,52.97073721885681,65,53.25341010093689,65,53.52331900596619,65,53.81084489822388,65,54.33784580230713,65,54.86663007736206,65,55.40641713142395,65,55.690202474594116,65,56.21218156814575,65,56.50326180458069,65,57.02946949005127,65,57.55775785446167,65,57.87366557121277,65,58.398366928100586,65,58.936301469802856,65,59.27840447425842,65,59.809463024139404,65,60.3510799407959,65,60.638418436050415,65,61.15964698791504,65,61.43938231468201,65,61.71435832977295,65,62.03201937675476,65,62.32418465614319,65,62.63345289230347,65,62.92856431007385,65,63.45991802215576,65,63.99601721763611,65,64.2895119190216,65,64.57334661483765,65,64.86390042304993,65,65.38631319999695,65,65.92888689041138,65,66.22112536430359,65,66.5265474319458,65,67.04956102371216,65,67.36165452003479,65,67.89244031906128,65,68.43119955062866,65,68.72434520721436,65,68.99833250045776,65,69.51977062225342,65,70.06213164329529,65,70.37344098091125,65,70.66904497146606,65,70.9452805519104,65,71.47181916236877,65,72.00337219238281,65,72.5316424369812,65,72.82123160362244,65,73.10240697860718,65,73.38265919685364,65,73.9168758392334,65,74.23340582847595,65,74.76519799232483,65,75.06777596473694,65,75.60011529922485,65,75.88755130767822,65,76.4125747680664,65,76.70490288734436,65,77.2385926246643,65,77.574533700943,65,77.92285752296448,65,78.2022922039032,65,78.4848382472992,65,78.77207970619202,65,79.05805253982544,65,79.34016251564026,65,79.86519455909729,65,80.40107226371765,65,80.70990204811096,65,81.01454782485962,65,81.53254413604736,65,82.0648365020752,65,82.35616064071655,65,82.67401027679443,65,83.19574880599976,65,83.72779178619385,65,84.0554370880127,65,84.33485102653503,65,84.61103367805481,65,84.89251971244812,65,85.16110801696777,65,85.43424677848816,65,85.95583391189575,65,86.23956370353699,65,86.52234220504761,65,86.79097127914429,65,87.31610059738159,65,87.84976601600647,65,88.39378476142883,65,88.92730140686035,65,89.45699501037598,65,89.98645758628845,65,90.27403664588928,65,90.79980230331421,65,91.33147192001343,65,91.85694766044617,65,92.39399027824402,65,92.93375039100647,65,93.22309350967407,65,93.50467920303345,65,94.02668356895447,65,94.5666778087616,65,94.85790848731995,65,95.13716983795166,65,95.41443610191345,65,95.94197750091553,65,96.23075556755066,65,96.50996208190918,65,97.04397296905518,65,97.33777618408203,65,97.87177467346191,65,98.16209506988525,65,98.6943006515503,65,98.98770880699158,65,99.52077984809875,65,99.82780385017395,65,100.11285376548767,65,100.44370436668396,65,100.97093033790588,65,101.25732183456421,65,101.79171705245972,65,102.084956407547,65,102.61620783805847,65,102.91031336784363,65,103.4282898902893,65,103.70869565010071,65,104.02838730812073,65,104.30400013923645,65,104.82833075523376,65,105.12174034118652,65,105.65222072601318,65,105.94344115257263,65,106.23202633857727,65,106.50261116027832,65,106.77056407928467,65,107.0561990737915,65,107.57551217079163,65,108.10800862312317,65,108.64192843437195,65,108.93108010292053,65,109.4507565498352,65,109.73907828330994,65,110.01972460746765,65,110.28870582580566,65,110.82540440559387,65,111.1082911491394,65,111.38854122161865,65,111.91237306594849,65,112.44369912147522,65,112.97561645507812,65,113.51154041290283,65,114.04836535453796,65,114.33803153038025,65,114.64114570617676,65,114.91959428787231,65,115.43787431716919,65,115.73492908477783,65,116.25797080993652,65,116.53784036636353,65,116.84743237495422,65,117.38727712631226,65,117.91627287864685,65,118.19703769683838,65,118.72306704521179,65,119.01535534858704,65,119.29621720314026,65,119.56865286827087,65,120.08891677856445,65,120.6228666305542,65,120.93843507766724,65,121.21330094337463,65,121.73155808448792,65,122.26715731620789,65,122.55801033973694,65,122.83794403076172,65,123.36218428611755,65,123.89413666725159,65,124.18449258804321,65,124.51030039787292,65,124.81332445144653,65,125.34299373626709,65,125.86333227157593,65,126.39807629585266,65,126.92893290519714,65,127.22056651115417,65,127.74661707878113,65,128.2911660671234,65,128.83200216293335,65,129.1260552406311,65,129.40510034561157,65,129.67348957061768,65,129.94996690750122,65,130.4766764640808,65,130.7623062133789,65,131.04763531684875,65,131.57606077194214,65,131.84770441055298,65,132.13053226470947,65,132.40491437911987,65,132.67005157470703,65,132.96284985542297,65,133.23686170578003,65,133.7621409893036,65,134.29796767234802,65,134.62395691871643,65,134.9023358821869,65,135.18306636810303,65,135.46225237846375,65,135.7421019077301,65,136.01847982406616,65,136.54901576042175,65,137.08888363838196,65,137.62229681015015,65,137.91616916656494,65,138.20030117034912,65,138.51380062103271,65,138.79910445213318,65,139.08719611167908,65,139.4035153388977,65,139.92850756645203,65,140.22078728675842,65,140.7448480129242,65,141.02348566055298,65,141.30165314674377,65,141.8240988254547,65,142.11000418663025,65,142.39401698112488,65,142.91575121879578,65,143.19860076904297,65,143.72583484649658,65,144.00947332382202,65,144.53199219703674,65,145.0683331489563,65,145.36427426338196,65,145.65609455108643,65,145.93354058265686,65,146.21239686012268,65,146.48956680297852,65,146.77195596694946,65,147.0501036643982,65,147.33232879638672,65,147.61627531051636,65,148.1415410041809,65,148.68045949935913,65,148.97042417526245,65,149.24373030662537,65,149.7670488357544,65,150.30975079536438,65,150.84969091415405,65,151.13721561431885,65,151.41351985931396,65,151.93952083587646,65,152.4700813293457,65,152.75596809387207,65,153.03688049316406,65,153.5609164237976,65,154.0891513824463,65,154.61137413978577,65,155.14527368545532,65,155.42131686210632,65,155.69139218330383,65,155.98659920692444,65,156.4974205493927,65,156.7855658531189,65,157.0740008354187,65,157.34986019134521,65,157.86860752105713,65,158.39506554603577,65,158.92998027801514,65,159.21311855316162,65,159.51662397384644,65,159.7959725856781,65,160.30971574783325,65,160.82922863960266,65,161.11052203178406,65,161.38890171051025,65,161.6629912853241,65,161.93763399124146,65,162.46570324897766,65,162.75377440452576,65,163.26727437973022,65,163.792977809906,65,164.3263430595398,65,164.66284584999084,65,165.19720268249512,65,165.4770896434784,65,165.78238034248352,65,166.31550431251526,65,166.83915901184082,65,167.37144327163696,65,167.63381123542786,65,168.15883827209473,65,168.4444043636322,65,168.95849084854126,65,169.4852638244629,65,170.0193202495575,65,170.55377531051636,65,170.83338594436646,65,171.1150884628296,65,171.6438910961151,65,171.94667100906372,65,172.27190852165222,65,172.58847093582153,65,173.11547350883484,65,173.40638422966003,65,173.93046307563782,65,174.22274565696716,65,174.7496383190155,65,175.2781264781952,65,175.61692023277283,65,176.14493870735168,65,176.6794137954712,65,177.20732522010803,65,177.5116686820984,65,178.03375053405762,65,178.34311294555664,65,178.86273670196533,65,179.40562677383423,65,179.94760465621948,65,180.47481203079224,65,181.00743961334229,65,181.29132843017578,65,181.8158679008484,65,182.3390953540802,65,182.85469317436218,65,183.38698554039001,65,183.71068501472473,65,183.98758006095886,65,184.51171350479126,65,184.80619978904724,65,185.10837411880493,65,185.38905501365662,65,185.69516849517822,65,186.21039032936096,65,186.4900872707367,65,187.01578164100647,65,187.55406045913696,65,188.08497071266174,65,188.36684608459473,65,188.64701104164124,65,188.92708802223206,65,189.4549331665039,65,189.98851799964905,65,190.51569533348083,65,191.04892945289612,65,191.3347463607788,65,191.61544966697693,65,192.13839960098267,65,192.67121934890747,65,193.19032788276672,65,193.72762823104858,65,194.26292204856873,65,194.79233622550964,65,195.32519245147705,65,195.86225366592407,65,196.15080332756042,65,196.67787647247314,65,197.20457339286804,65,197.74305891990662,65,198.03268718719482,65,198.5609793663025,65,199.08747935295105,65,199.38346791267395,65,199.911523103714,65,200.44834089279175,65,200.98252487182617,65,201.27326273918152,65,201.79826188087463,65,202.32798767089844,65,202.86148595809937,65,203.3980553150177,65,203.68358874320984,65,204.20930862426758,65,204.7411777973175,65,205.0347023010254,65,205.34981679916382,65,205.886554479599,65,206.20654797554016,65,206.48225378990173,65,206.76165986061096,65,207.28607201576233,65,207.56801414489746,65,207.9046094417572,65,208.2093243598938,65,208.503999710083,65,208.79420733451843,65,209.32362985610962,65,209.61240339279175,65,210.13266372680664,65,210.66414999961853,65,210.9647696018219,65,211.49368166923523,65,211.8243055343628,65,212.35254001617432,65,212.8900544643402,65,213.41346549987793,65,213.94487476348877,65,214.47922945022583,65,215.01657366752625,65,215.5437514781952,65,215.82782316207886,65,216.35330080986023,65,216.644873380661,65,216.92394065856934,65,217.1973626613617,65,217.7240114212036,65,218.01151633262634,65,218.29127192497253,65,218.5653796195984,65,219.09012937545776,65,219.61391639709473,65,219.87720656394958,65,220.39556050300598,65,220.93456029891968,65,221.21056747436523,65,221.72285223007202,65,222.00710701942444,65,222.26121544837952,65,222.7835123538971,65,223.31580901145935,65,223.8449878692627,65,224.3690059185028,65,224.69739151000977,65,224.97567296028137,65,225.24335098266602,65,225.51683831214905,65,225.797913312912,65,226.31703567504883,65,226.85394477844238,65,227.38647317886353,65,227.66579723358154,65,227.9466781616211,65,228.22025227546692,65,228.49247646331787,65,229.01668047904968,65,229.54296016693115,65,230.0783462524414,65,230.61332535743713,65,230.90001678466797,65,231.18126344680786,65,231.45977210998535,65,231.98392701148987,65,232.5156135559082,65,233.05464506149292,65,233.58408164978027,65,234.11993670463562,65,234.65093803405762,65,235.18623280525208,65,235.50228428840637,65,236.02913689613342,65,236.31046795845032,65,236.62902235984802,65,237.1578197479248,65,237.4353392124176,65,237.72112560272217,65,237.9965741634369,65,238.2995274066925,65,238.58357453346252,65,238.8604040145874,65,239.17199802398682,65,239.47274327278137,65,239.7516233921051,65,240.26934671401978,65,240.79674196243286,65,241.32948398590088,65,241.8533477783203,65,242.1352677345276,65,242.40618586540222,65,242.9205939769745,65,243.4385917186737,65,243.96869087219238,65,244.24812269210815,65,244.55605673789978,65,244.83911895751953,65,245.1142270565033,65,245.38502597808838,65,245.9077706336975,65,246.44257521629333,65,246.73591303825378,65,247.01680493354797,65,247.2855453491211,65,247.59434032440186,65,247.88112568855286,65,248.40537977218628,65,248.9345943927765,65,249.4696695804596,65,250.00315046310425,65,250.53489804267883,65,251.067152261734,65,251.60371494293213,65,252.13627552986145,65,252.66614317893982,65,253.2044792175293,65,253.74563264846802,65,254.03674864768982,65,254.55964064598083,65,255.09942269325256,65,255.63652896881104,65,256.1684920787811,65,256.70444655418396,65,256.9977340698242,65,257.27460384368896,65,257.55831575393677,65,257.86727356910706,65,258.1672201156616,65,258.69036054611206,65,259.22724771499634,65,259.52134013175964,65,260.0362329483032,65,260.5754909515381,65,261.1171135902405,65,261.4255633354187,65,261.69944047927856,65,262.23130106925964,65,262.7683172225952,65,263.30473923683167,65,263.59468150138855,65,264.12299609184265,65,264.6606693267822,65,264.95434379577637,65,265.2363932132721,65,265.5130488872528,65,265.8101496696472,65,266.34190487861633,65,266.63309502601624,65,267.15747809410095,65,267.68516969680786,65,267.99385380744934,65,268.283882856369,65,268.8107931613922,65,269.35082387924194,65,269.63864636421204,65,269.9122018814087,65,270.43361711502075,65,270.96538257598877,65,271.2613453865051,65,271.79141306877136,65,272.08576250076294,65,272.6162049770355,65,272.9383955001831,65,273.2545886039734,65,273.5343887805939,65,273.79250860214233,65,274.0726776123047,65,274.5983290672302,65,274.91344952583313,65,275.19473218917847,65,275.72127318382263,65,276.0097978115082,65,276.52808690071106,65,277.0647122859955,65,277.3558521270752,65,277.640150308609,65,278.17335200309753,65,278.7139780521393,65,279.00733637809753,65,279.31185698509216,65,279.5914833545685,65,279.87013149261475,65,280.1974549293518,65,280.47544407844543,65,280.78067898750305,65,281.09202122688293,65,281.38561177253723,65,281.6873016357422,65,282.21762466430664,65,282.75677490234375,65,283.04863142967224,65,283.33054280281067,65,283.84898138046265,65,284.38770365715027,65,284.67112970352173,65,284.9880385398865,65,285.512638092041,65,286.0481770038605,65,286.57922983169556,65,286.87115120887756,65,287.1554093360901,65,287.68763518333435,65,288.22052216529846,65,288.7515892982483,65,289.28234791755676,65,289.5783383846283,65,289.8573577404022,65,290.1416938304901,65,290.6632704734802,65,291.2062244415283,65,291.5108606815338,65,291.7909207344055,65,292.078001499176,65,292.60682559013367,65,292.9332094192505,65,293.2234401702881,65,293.5024924278259,65,294.0355234146118,65,294.5770149230957,65,294.8701026439667,65,295.1852262020111,65,295.7157838344574,65,296.25003814697266,65,296.7839295864105,65,297.0762269496918,65,297.4043574333191,65,297.9317457675934,65,298.4755096435547,65,298.77399230003357,65,299.10662961006165,65,299.43499064445496,65,299.7094566822052,65,300.02711510658264
4,random graphs/big_layer/r1.5k12n8/graph4.lgbin,3711,284.0650451183319,64,147,0,93,0.38343191146850586,69,0.5927455425262451,69,0.8053033351898193,64,1.174077033996582,64,1.439319372177124,64,1.6549334526062012,64,1.908586025238037,64,2.132896661758423,64,2.392352342605591,64,2.6061246395111084,64,2.866556167602539,64,3.0776374340057373,64,3.3376293182373047,64,3.5882253646850586,64,3.8377950191497803,64,4.213210582733154,64,4.427994966506958,64,4.771483421325684,64,5.187881231307983,64,5.4351232051849365,64,5.697457790374756,64,6.067903518676758,64,6.326283693313599,64,6.736626863479614,64,6.94865083694458,64,7.159740686416626,64,7.541467905044556,64,7.753769636154175,64,8.01943850517273,64,8.39468002319336,64,8.659414052963257,64,8.91160535812378,64,9.171056747436523,64,9.428691864013672,64,9.683109283447266,64,9.89675760269165,64,10.146682977676392,64,10.403242826461792,64,10.61131501197815,64,10.822320699691772,64,11.033570766448975,64,11.283528089523315,64,11.542436599731445,64,11.899176359176636,64,12.107038259506226,64,12.360857248306274,64,12.61542820930481,64,12.872182846069336,64,13.129066467285156,64,13.346837282180786,64,13.60152554512024,64,13.81118130683899,64,14.029667854309082,64,14.245564699172974,64,14.465554237365723,64,14.685821771621704,64,14.937538623809814,64,15.185352802276611,64,15.396816730499268,64,15.654331922531128,64,15.872050523757935,64,16.134970664978027,64,16.454294443130493,64,16.71521806716919,64,16.926069974899292,64,17.188608407974243,64,17.44170045852661,64,17.652833938598633,64,17.971768856048584,64,18.224156618118286,64,18.590336084365845,64,18.811282634735107,64,19.03018093109131,64,19.286861658096313,64,19.6144380569458,64,19.829212188720703,64,20.08583641052246,64,20.300283193588257,64,20.55517339706421,64,20.80845880508423,64,21.065139055252075,64,21.285259008407593,64,21.666033029556274,64,22.040003538131714,64,22.25911283493042,64,22.51288652420044,64,22.721569299697876,64,23.096755266189575,64,23.31583046913147,64,23.56572651863098,64,23.778523206710815,64,24.039567470550537,64,24.2532377243042,64,24.474379301071167,64,24.693939685821533,64,24.95502471923828,64,25.21278691291809,64,25.464035749435425,64,25.67586898803711,64,25.933517932891846,64,26.143326997756958,64,26.402498722076416,64,26.656583547592163,64,26.878490686416626,64,27.138051986694336,64,27.348366498947144,64,27.570104837417603,64,27.794813871383667,64,28.010509729385376,64,28.277329206466675,64,28.53817629814148,64,28.80525779724121,64,29.01634907722473,64,29.28402304649353,64,29.546121835708618,64,29.768584728240967,64,30.02843928337097,64,30.42983841896057,64,30.681829929351807,64,30.89339518547058,64,31.116174936294556,64,31.338193655014038,64,31.59779644012451,64,31.820952653884888,64,32.0820574760437,64,32.33207178115845,64,32.594849824905396,64,32.84533929824829,64,33.105069398880005,64,33.320457458496094,64,33.57854104042053,64,33.96820592880249,64,34.18265223503113,64,34.40707468986511,64,34.66092610359192,64,34.91726541519165,64,35.12900424003601,64,35.38940143585205,64,35.651857137680054,64,35.91492009162903,64,36.174694299697876,64,36.43505096435547,64,36.646597146987915,64,36.87600255012512,64,37.13917660713196,64,37.400925397872925,64,37.659568548202515,64,37.873746156692505,64,38.13405418395996,64,38.51761865615845,64,38.76994776725769,64,38.98159074783325,64,39.242491483688354,64,39.45398449897766,64,39.71563673019409,64,39.966081857681274,64,40.22336721420288,64,40.477221727371216,64,40.6933388710022,64,40.95302152633667,64,41.173298597335815,64,41.43826866149902,64,41.69790744781494,64,41.909144163131714,64,42.13275194168091,64,42.392266273498535,64,42.65412402153015,64,42.90459418296814,64,43.12686848640442,64,43.46062612533569,64,43.72153878211975,64,43.933432817459106,64,44.19229245185852,64,44.41053056716919,64,44.662517070770264,64,44.93185257911682,64,45.14559006690979,64,45.512144327163696,64,45.77099394798279,64,46.033955097198486,64,46.2459876537323,64,46.4570152759552,64,46.72036957740784,64,46.97185134887695,64,47.19197988510132,64,47.57992148399353,64,47.839975118637085,64,48.09016489982605,64,48.345858097076416,64,48.71313500404358,64,48.92431664466858,64,49.14113450050354,64,49.52108073234558,64,49.73595190048218,64,49.997830390930176,64,50.25954842567444,64,50.51879692077637,64,50.731929540634155,64,50.99179482460022,64,51.23964858055115,64,51.50379514694214,64,51.717522859573364,64,51.9777889251709,64,52.190425157547,64,52.55478525161743,64,52.76520109176636,64,53.021223306655884,64,53.281055212020874,64,53.54039478302002,64,53.747965812683105,64,54.00952076911926,64,54.36974859237671,64,54.58562684059143,64,54.83584475517273,64,55.098549604415894,64,55.30934953689575,64,55.57206320762634,64,55.833656311035156,64,56.041823387145996,64,56.30648732185364,64,56.5215380191803,64,56.7757248878479,64,57.09644842147827,64,57.36148238182068,64,57.62258696556091,64,57.87330651283264,64,58.12907814979553,64,58.38897347450256,64,58.78443789482117,64,59.00242853164673,64,59.225220918655396,64,59.5748929977417,64,59.82753849029541,64,60.07726216316223,64,60.33938908576965,64,60.593080043792725,64,60.84127473831177,64,61.205291748046875,64,61.467244148254395,64,61.72749948501587,64,61.93852519989014,64,62.196301221847534,64,62.409462213516235,64,62.76984643936157,64,63.142961502075195,64,63.39874720573425,64,63.65493321418762,64,63.87233018875122,64,64.24434566497803,64,64.4515118598938,64,64.66460847854614,64,64.9266984462738,64,65.13687419891357,64,65.35558438301086,64,65.56930494308472,64,65.82498383522034,64,66.0418746471405,64,66.29231929779053,64,66.54646229743958,64,66.80506229400635,64,67.05819702148438,64,67.39594650268555,64,67.60804605484009,64,67.82637429237366,64,68.19658398628235,64,68.4576346874237,64,68.72085213661194,64,68.93046689033508,64,69.154700756073,64,69.37409853935242,64,69.63078808784485,64,69.85105085372925,64,70.1105215549469,64,70.32932543754578,64,70.57994270324707,64,70.83762001991272,64,71.0500910282135,64,71.30655694007874,64,71.51950597763062,64,71.72698378562927,64,71.98815369606018,64,72.2020435333252,64,72.40789341926575,64,72.76767754554749,64,72.9803295135498,64,73.35712695121765,64,73.607577085495,64,73.85669422149658,64,74.06929206848145,64,74.32028031349182,64,74.58425831794739,64,74.84589529037476,64,75.21108818054199,64,75.42042922973633,64,75.68157505989075,64,76.06322002410889,64,76.31084156036377,64,76.51843905448914,64,76.73117971420288,64,77.10259819030762,64,77.35262393951416,64,77.56571245193481,64,77.78844213485718,64,78.00731110572815,64,78.34912943840027,64,78.60172009468079,64,78.86255693435669,64,79.07446551322937,64,79.33323287963867,64,79.59821343421936,64,79.85666084289551,64,80.07795214653015,64,80.28928208351135,64,80.50056004524231,64,80.76477336883545,64,80.9745979309082,64,81.19629645347595,64,81.41902589797974,64,81.67665219306946,64,82.04306721687317,64,82.2636468410492,64,82.49874949455261,64,82.75597548484802,64,83.01640558242798,64,83.22859859466553,64,83.48835563659668,64,83.83526563644409,64,84.09541893005371,64,84.35502243041992,64,84.61545753479004,64,84.98937463760376,64,85.23991703987122,64,85.50184059143066,64,85.76119565963745,64,86.02288126945496,64,86.38946580886841,64,86.60803031921387,64,86.82057452201843,64,87.07931184768677,64,87.29355335235596,64,87.50352692604065,64,87.87315034866333,64,88.12224626541138,64,88.37633061408997,64,88.74345684051514,64,88.96267032623291,64,89.18779850006104,64,89.4472177028656,64,89.65572476387024,64,89.86640238761902,64,90.25696110725403,64,90.47033357620239,64,90.68106460571289,64,91.07538437843323,64,91.28674912452698,64,91.49502515792847,64,91.89814066886902,64,92.14795660972595,64,92.41316604614258,64,92.66170191764832,64,92.87550497055054,64,93.12535166740417,64,93.38618564605713,64,93.5980703830719,64,93.8128969669342,64,94.07073140144348,64,94.28554940223694,64,94.50461339950562,64,94.75764513015747,64,94.96336960792542,64,95.22359490394592,64,95.48191738128662,64,95.70376443862915,64,95.96394300460815,64,96.2164900302887,64,96.43990731239319,64,96.65819597244263,64,96.92109489440918,64,97.18178963661194,64,97.55411458015442,64,97.89972305297852,64,98.11629581451416,64,98.34372091293335,64,98.5611937046051,64,98.78083205223083,64,99.03132438659668,64,99.24370670318604,64,99.46435689926147,64,99.72676348686218,64,99.99231338500977,64,100.24993300437927,64,100.51329922676086,64,100.87597346305847,64,101.09535884857178,64,101.35486626625061,64,101.61630940437317,64,101.86459398269653,64,102.12395286560059,64,102.33639645576477,64,102.5543909072876,64,102.93198347091675,64,103.14640688896179,64,103.49276161193848,64,103.78164148330688,64,104.14545702934265,64,104.36389136314392,64,104.57464599609375,64,104.83978605270386,64,105.10005903244019,64,105.3114423751831,64,105.53442096710205,64,105.7537612915039,64,105.97709631919861,64,106.35855007171631,64,106.61620426177979,64,106.86905312538147,64,107.08402132987976,64,107.30325675010681,64,107.52565908432007,64,107.74476075172424,64,108.00727152824402,64,108.21645832061768,64,108.43073225021362,64,108.64899778366089,64,108.86022233963013,64,109.12182450294495,64,109.33459210395813,64,109.65611338615417,64,109.91877675056458,64,110.13915610313416,64,110.51453709602356,64,110.77364659309387,64,110.98384928703308,64,111.24477362632751,64,111.5006697177887,64,111.70970582962036,64,111.96127319335938,64,112.17873573303223,64,112.44191098213196,64,112.64958715438843,64,112.90587997436523,64,113.15758204460144,64,113.37971687316895,64,113.59798312187195,64,113.97201466560364,64,114.22499752044678,64,114.48440074920654,64,114.69489693641663,64,114.90551018714905,64,115.11963367462158,64,115.34426379203796,64,115.56280088424683,64,115.78149557113647,64,115.99242734909058,64,116.25223970413208,64,116.5051486492157,64,116.75539684295654,64,116.97444868087769,64,117.18944144248962,64,117.45036721229553,64,117.71133542060852,64,117.92494487762451,64,118.24657773971558,64,118.503103017807,64,118.75983452796936,64,119.01138353347778,64,119.25907635688782,64,119.62858366966248,64,119.99730896949768,64,120.21770000457764,64,120.47863054275513,64,120.69041705131531,64,120.9472599029541,64,121.16278338432312,64,121.38602828979492,64,121.61959409713745,64,121.88144636154175,64,122.1486406326294,64,122.41355347633362,64,122.63318800926208,64,122.85758543014526,64,123.11922812461853,64,123.372971534729,64,123.6231746673584,64,123.88046073913574,64,124.25877928733826,64,124.47310996055603,64,124.73343229293823,64,125.13672089576721,64,125.3471519947052,64,125.5681676864624,64,125.83020377159119,64,126.09390878677368,64,126.35770559310913,64,126.73735022544861,64,126.94897484779358,64,127.20921206474304,64,127.4675657749176,64,127.6792163848877,64,127.94083881378174,64,128.1542854309082,64,128.4152660369873,64,128.80562448501587,64,129.06886410713196,64,129.3191111087799,64,129.57188391685486,64,129.7872200012207,64,130.00504899024963,64,130.2653148174286,64,130.52820467948914,64,130.7906048297882,64,131.01147961616516,64,131.22640419006348,64,131.48810696601868,64,131.7396891117096,64,131.99797439575195,64,132.25951766967773,64,132.47831439971924,64,132.69196820259094,64,132.90161752700806,64,133.16484475135803,64,133.37462878227234,64,133.58534145355225,64,133.80132675170898,64,134.0199098587036,64,134.23021006584167,64,134.48069715499878,64,134.73883414268494,64,135.08697152137756,64,135.3078374862671,64,135.52905774116516,64,135.7903447151184,64,136.0011019706726,64,136.2125678062439,64,136.61562323570251,64,136.8252501487732,64,137.08984684944153,64,137.33766055107117,64,137.7402641773224,64,137.99322414398193,64,138.24660921096802,64,138.50360131263733,64,138.76446413993835,64,139.01614117622375,64,139.27814936637878,64,139.49349761009216,64,139.82727909088135,64,140.08596086502075,64,140.29857110977173,64,140.55421423912048,64,140.808931350708,64,141.07080459594727,64,141.32469248771667,64,141.58528184890747,64,141.79637217521667,64,142.019024848938,64,142.27920794487,64,142.5294623374939,64,142.78431606292725,64,143.0361783504486,64,143.2455461025238,64,143.45804953575134,64,143.7183268070221,64,143.92979168891907,64,144.30157446861267,64,144.5158245563507,64,144.77209067344666,64,145.02979922294617,64,145.39777827262878,64,145.64811754226685,64,145.90445566177368,64,146.1506450176239,64,146.40564155578613,64,146.65032768249512,64,146.8701515197754,64,147.1343331336975,64,147.3499231338501,64,147.60103297233582,64,147.81221103668213,64,148.06425499916077,64,148.31523275375366,64,148.5754735469818,64,148.94167947769165,64,149.20185780525208,64,149.45028162002563,64,149.66394472122192,64,149.92492771148682,64,150.29371166229248,64,150.53742170333862,64,150.74695301055908,64,151.00458812713623,64,151.22361421585083,64,151.44638633728027,64,151.70563435554504,64,152.08404183387756,64,152.29355645179749,64,152.66300559043884,64,152.9088490009308,64,153.12333130836487,64,153.33518958091736,64,153.5909914970398,64,153.85096144676208,64,154.05616784095764,64,154.3124885559082,64,154.52492260932922,64,154.78264546394348,64,155.13894319534302,64,155.3847861289978,64,155.6297323703766,64,155.83884263038635,64,156.09358310699463,64,156.35261178016663,64,156.60346150398254,64,156.81494617462158,64,157.07475757598877,64,157.39962911605835,64,157.6223657131195,64,157.84333896636963,64,158.10264992713928,64,158.31548285484314,64,158.52443099021912,64,158.78462314605713,64,158.9980230331421,64,159.36435222625732,64,159.78017687797546,64,160.03818941116333,64,160.4143934249878,64,160.79031920433044,64,161.03920245170593,64,161.3626253604889,64,161.5715434551239,64,161.82350826263428,64,162.07709217071533,64,162.32945775985718,64,162.55032205581665,64,162.76162886619568,64,162.973149061203,64,163.18146777153015,64,163.43133878707886,64,163.68389511108398,64,163.94201374053955,64,164.19944405555725,64,164.4511480331421,64,164.71249914169312,64,164.9259693622589,64,165.33638620376587,64,165.547842502594,64,165.91302704811096,64,166.1232488155365,64,166.3413143157959,64,166.59805822372437,64,166.8147258758545,64,167.02441930770874,64,167.27357172966003,64,167.53051567077637,64,167.77987146377563,64,168.0335886478424,64,168.2822859287262,64,168.53358006477356,64,168.74696969985962,64,168.96417927742004,64,169.2201864719391,64,169.59247159957886,64,169.8402750492096,64,170.0534656047821,64,170.30933713912964,64,170.55558562278748,64,170.7671148777008,64,171.0269856452942,64,171.2369463443756,64,171.61188864707947,64,171.99071264266968,64,172.24920964241028,64,172.45914936065674,64,172.71846461296082,64,172.92987060546875,64,173.15207147598267,64,173.36126041412354,64,173.61585092544556,64,173.82677173614502,64,174.0809235572815,64,174.3357276916504,64,174.5493791103363,64,174.75998616218567,64,174.97327971458435,64,175.19752717018127,64,175.41480493545532,64,175.67539954185486,64,176.05123662948608,64,176.42732763290405,64,176.82615447044373,64,177.07590079307556,64,177.33810472488403,64,177.58760166168213,64,177.80080723762512,64,178.06171894073486,64,178.43392491340637,64,178.80516648292542,64,179.05493998527527,64,179.26752090454102,64,179.4901213645935,64,179.7520968914032,64,180.01097583770752,64,180.22498106956482,64,180.48392486572266,64,180.6959524154663,64,180.94845056533813,64,181.16161704063416,64,181.53254795074463,64,181.74275422096252,64,182.00408673286438,64,182.41130185127258,64,182.66888332366943,64,182.92070388793945,64,183.1319031715393,64,183.39135313034058,64,183.6025607585907,64,183.81505393981934,64,184.07738614082336,64,184.2894401550293,64,184.55010557174683,64,184.7997806072235,64,185.12420129776,64,185.34712314605713,64,185.606112241745,64,185.8142454624176,64,186.06909799575806,64,186.44178295135498,64,186.700359582901,64,186.9180793762207,64,187.29661083221436,64,187.5573170185089,64,187.76914238929749,64,187.98044347763062,64,188.369615316391,64,188.63030338287354,64,188.8447732925415,64,189.07018041610718,64,189.32936811447144,64,189.5849928855896,64,189.8355758190155,64,190.09358978271484,64,190.35432028770447,64,190.61716079711914,64,190.87730884552002,64,191.09151697158813,64,191.31219720840454,64,191.5343861579895,64,191.7551257610321,64,191.9745695590973,64,192.19993996620178,64,192.41216278076172,64,192.79585456848145,64,193.0090560913086,64,193.22220396995544,64,193.44699597358704,64,193.66513180732727,64,193.88989186286926,64,194.1052131652832,64,194.35796761512756,64,194.7225639820099,64,194.98059034347534,64,195.1949496269226,64,195.4438464641571,64,195.77161359786987,64,196.024493932724,64,196.28337740898132,64,196.54386115074158,64,196.8045196533203,64,197.0652253627777,64,197.32591271400452,64,197.57669520378113,64,197.8257336616516,64,198.08355617523193,64,198.34386324882507,64,198.6013798713684,64,198.85601329803467,64,199.11617922782898,64,199.37618684768677,64,199.59134936332703,64,199.8541374206543,64,200.1117012500763,64,200.36138939857483,64,200.61711764335632,64,200.87664675712585,64,201.0935652256012,64,201.34803128242493,64,201.61150741577148,64,201.8732180595398,64,202.0834903717041,64,202.29622054100037,64,202.67046356201172,64,202.88907265663147,64,203.15267539024353,64,203.3608078956604,64,203.58632135391235,64,203.84079933166504,64,204.04793572425842,64,204.31006240844727,64,204.53041625022888,64,204.79006505012512,64,205.0025987625122,64,205.22321486473083,64,205.48223757743835,64,205.69520902633667,64,205.95144271850586,64,206.16185569763184,64,206.42342233657837,64,206.68447828292847,64,206.90527033805847,64,207.13593173027039,64,207.3558111190796,64,207.56772923469543,64,207.83029770851135,64,208.2377588748932,64,208.50106382369995,64,208.70579171180725,64,208.92988419532776,64,209.1871473789215,64,209.4381959438324,64,209.65115094184875,64,209.91230821609497,64,210.1309142112732,64,210.34804272651672,64,210.6071469783783,64,210.85865187644958,64,211.0778203010559,64,211.47596096992493,64,211.72216033935547,64,211.93447017669678,64,212.18075275421143,64,212.39808440208435,64,212.6525101661682,64,212.87030935287476,64,213.13220596313477,64,213.5203766822815,64,213.73114395141602,64,214.11359000205994,64,214.37542819976807,64,214.62578201293945,64,214.84130573272705,64,215.06446647644043,64,215.32572221755981,64,215.54628109931946,64,215.806001663208,64,216.06918573379517,64,216.3304567337036,64,216.54110264778137,64,216.80135655403137,64,217.0134983062744,64,217.23874735832214,64,217.4589970111847,64,217.719407081604,64,217.9675166606903,64,218.18113112449646,64,218.40339303016663,64,218.626366853714,64,218.8858118057251,64,219.2907817363739,64,219.54027676582336,64,219.78946828842163,64,220.15100026130676,64,220.36322927474976,64,220.61485028266907,64,220.8673050403595,64,221.11785101890564,64,221.33029174804688,64,221.54075002670288,64,221.7906219959259,64,222.0442295074463,64,222.30504608154297,64,222.5160789489746,64,222.76767539978027,64,223.01450109481812,64,223.27267479896545,64,223.48311018943787,64,223.74257898330688,64,223.95558714866638,64,224.20519065856934,64,224.41648936271667,64,224.63858890533447,64,224.8913447856903,64,225.22562074661255,64,225.4899480342865,64,225.70236897468567,64,225.95617651939392,64,226.16830682754517,64,226.42973136901855,64,226.6798756122589,64,226.93947792053223,64,227.15416502952576,64,227.4110927581787,64,227.62625885009766,64,227.98903942108154,64,228.20047044754028,64,228.57381319999695,64,228.79722833633423,64,229.05696725845337,64,229.31595516204834,64,229.5287218093872,64,229.78706407546997,64,230.00103998184204,64,230.2628767490387,64,230.4841730594635,64,230.7062337398529,64,230.96496629714966,64,231.17718052864075,64,231.38733386993408,64,231.64261531829834,64,231.86194443702698,64,232.0717806816101,64,232.44605350494385,64,232.69687962532043,64,233.06388902664185,64,233.2786009311676,64,233.49004745483398,64,233.70183157920837,64,233.92444157600403,64,234.1852011680603,64,234.55932688713074,64,234.9617440700531,64,235.2232711315155,64,235.48809933662415,64,235.85772228240967,64,236.0771050453186,64,236.44141793251038,64,236.7025270462036,64,237.07890152931213,64,237.29550743103027,64,237.55470323562622,64,237.77672457695007,64,238.03757905960083,64,238.29076218605042,64,238.54137253761292,64,238.86551547050476,64,239.07702207565308,64,239.3406572341919,64,239.59767031669617,64,239.85690093040466,64,240.25920009613037,64,240.4729654788971,64,240.8443615436554,64,241.09604668617249,64,241.36091232299805,64,241.72116494178772,64,241.92986369132996,64,242.14323377609253,64,242.51251482963562,64,242.72974967956543,64,242.93792843818665,64,243.14913988113403,64,243.47321009635925,64,243.72233247756958,64,243.94128942489624,64,244.19913959503174,64,244.45708107948303,64,244.66748452186584,64,244.9280276298523,64,245.27288699150085,64,245.53351259231567,64,245.74528765678406,64,246.00077533721924,64,246.21470594406128,64,246.43784308433533,64,246.78794622421265,64,247.04663348197937,64,247.3041753768921,64,247.51630520820618,64,247.87750792503357,64,248.2421875,64,248.4481978416443,64,248.66210198402405,64,248.873309135437,64,249.1244511604309,64,249.3897728919983,64,249.65380787849426,64,249.86740803718567,64,250.11659932136536,64,250.37205719947815,64,250.57764220237732,64,250.8352131843567,64,251.09206771850586,64,251.30957627296448,64,251.56747341156006,64,251.81799912452698,64,252.033931016922,64,252.29289174079895,64,252.54509806632996,64,252.75570130348206,64,253.01271295547485,64,253.23188972473145,64,253.59220576286316,64,253.80270719528198,64,254.06031036376953,64,254.31828451156616,64,254.52585625648499,64,254.74565196037292,64,255.08649134635925,64,255.3366723060608,64,255.5554792881012,64,255.77740263938904,64,255.98618745803833,64,256.242214679718,64,256.4973623752594,64,256.7052164077759,64,257.0248775482178,64,257.2329111099243,64,257.44599652290344,64,257.6962926387787,64,257.94319438934326,64,258.1979441642761,64,258.40833139419556,64,258.7325143814087,64,259.10994601249695,64,259.35464453697205,64,259.55841851234436,64,259.80753087997437,64,260.01881551742554,64,260.2714304924011,64,260.5237741470337,64,260.77324962615967,64,260.98805832862854,64,261.2109830379486,64,261.45545077323914,64,261.66811633110046,64,261.86831068992615,64,262.2370111942291,64,262.4437119960785,64,262.6974205970764,64,262.9071238040924,64,263.1584267616272,64,263.4178624153137,64,263.6684079170227,64,263.92376041412354,64,264.17040848731995,64,264.3845293521881,64,264.64459705352783,64,264.89234232902527,64,265.1078779697418,64,265.3640522956848,64,265.57812881469727,64,265.8349995613098,64,266.08739280700684,64,266.3475389480591,64,266.5978422164917,64,266.8085517883301,64,267.0191526412964,64,267.2831997871399,64,267.4963872432709,64,267.75529503822327,64,267.9679262638092,64,268.2277228832245,64,268.4798285961151,64,268.73261618614197,64,269.10625410079956,64,269.36509013175964,64,269.6156322956085,64,269.8773958683014,64,270.2433817386627,64,270.5036451816559,64,270.7611494064331,64,271.0227880477905,64,271.27869415283203,64,271.4902698993683,64,271.71156072616577,64,272.0886330604553,64,272.30138516426086,64,272.66713309288025,64,272.9256315231323,64,273.2988498210907,64,273.549763917923,64,273.9449028968811,64,274.15767431259155,64,274.3634600639343,64,274.5768926143646,64,274.7878646850586,64,275.1516327857971,64,275.3579480648041,64,275.7032468318939,64,275.90845704078674,64,276.16691279411316,64,276.42516326904297,64,276.79934191703796,64,277.05139899253845,64,277.30187129974365,64,277.5533378124237,64,277.809951543808,64,278.0564110279083,64,278.26918482780457,64,278.529301404953,64,278.77733612060547,64,278.9874198436737,64,279.24447751045227,64,279.4569227695465,64,279.8271186351776,64,280.2050783634186,64,280.4509153366089,64,280.713680267334,64,281.0902602672577,64,281.4108326435089,64,281.66662073135376,64,281.9164113998413,64,282.12944412231445,64,282.3370213508606,64,282.59487533569336,64,282.80583477020264,64,283.01054334640503,64,283.2653260231018,64,283.52589440345764,64,283.73920798301697,64,283.99154138565063,64,284.2449109554291,64,284.60693860054016,64,284.86579751968384,64,285.12786293029785,64,285.34262442588806,64,285.6018612384796,64,285.9923801422119,64,286.25320410728455,64,286.51589846611023,64,286.8818709850311,64,287.138822555542,64,287.34788274765015,64,287.5611605644226,64,287.7739987373352,64,287.99978709220886,64,288.21675157546997,64,288.42759943008423,64,288.63894629478455,64,288.8950662612915,64,289.1403856277466,64,289.34646463394165,64,289.66188883781433,64,290.02473497390747,64,290.280179977417,64,290.49138927459717,64,290.7431492805481,64,290.9932906627655,64,291.2038903236389,64,291.415851354599,64,291.6412353515625,64,291.8989758491516,64,292.1089599132538,64,292.3225703239441,64,292.5766932964325,64,292.8284103870392,64,293.04570150375366,64,293.400141954422,64,293.6464629173279,64,293.90059900283813,64,294.1100287437439,64,294.3673379421234,64,294.62637066841125,64,294.84991908073425,64,295.11043095588684,64,295.37050890922546,64,295.6897530555725,64,296.0346112251282,64,296.29165291786194,64,296.50282168388367,64,296.71868896484375,64,296.93931818008423,64,297.31085538864136,64,297.67487025260925,64,297.9330644607544,64,298.2983412742615,64,298.54826855659485,64,298.8989288806915,64,299.24083375930786,64,299.61398696899414,64,299.8646996021271,64,300.0199291706085
0,random graphs/big_layer/r1.5k12n8/graph0.lgbin,6803,286.1161775588989,44,170,0,60,0.35824108123779297,44,0.7125930786132812,44,1.0162606239318848,44,1.363311767578125,44,1.6619014739990234,44,2.019608736038208,44,2.321523666381836,44,2.6649153232574463,44,2.9610204696655273,44,3.3159756660461426,44,3.615663528442383,44,3.9761459827423096,44,4.276219367980957,44,4.628700256347656,44,4.930393695831299,44,5.2857842445373535,44,5.640086650848389,44,5.999166488647461,44,6.342719793319702,44,6.700724363327026,44,7.042142391204834,44,7.38988733291626,44,7.749161243438721,44,8.046877145767212,44,8.341392278671265,44,8.67996072769165,44,9.006328821182251,44,9.322805166244507,44,9.6640043258667,44,9.960379362106323,44,10.259451389312744,44,10.61515474319458,44,10.983820676803589,44,11.329334497451782,44,11.678303480148315,44,11.960042953491211,44,12.262878179550171,44,12.566815853118896,44,12.911961555480957,44,13.246055364608765,44,13.575889110565186,44,13.873664379119873,44,14.178936243057251,44,14.476256608963013,44,14.769490242004395,44,15.10774850845337,44,15.449467658996582,44,15.733022689819336,44,16.084160566329956,44,16.383586168289185,44,16.681257247924805,44,17.02157235145569,44,17.34759497642517,44,17.63253355026245,44,17.928837299346924,44,18.228267908096313,44,18.581421375274658,44,18.869240283966064,44,19.21294093132019,44,19.50703263282776,44,19.806127071380615,44,20.098262310028076,44,20.4526526927948,44,20.791335344314575,44,21.14241600036621,44,21.482914447784424,44,21.77249050140381,44,22.072105407714844,44,22.41286611557007,44,22.70428729057312,44,22.99355673789978,44,23.30115795135498,44,23.599858045578003,44,23.874545574188232,44,24.194982290267944,44,24.498749256134033,44,24.79984974861145,44,25.149239540100098,44,25.507339000701904,44,25.815622806549072,44,26.176331758499146,44,26.559325456619263,44,26.853049516677856,44,27.210267066955566,44,27.508942365646362,44,27.810385704040527,44,28.103097438812256,44,28.399799346923828,44,28.749536991119385,44,29.063327074050903,44,29.40638756752014,44,29.692633390426636,44,30.03766369819641,44,30.333122491836548,44,30.67942976951599,44,31.038842916488647,44,31.327609062194824,44,31.6734356880188,44,31.975767850875854,44,32.32351851463318,44,32.662572383880615,44,32.958420753479004,44,33.31644129753113,44,33.61373257637024,44,33.95816683769226,44,34.25522470474243,44,34.60824775695801,44,34.89939022064209,44,35.236417293548584,44,35.57678937911987,44,35.8750958442688,44,36.22792935371399,44,36.58461356163025,44,36.93998742103577,44,37.28881239891052,44,37.58737516403198,44,37.93281126022339,44,38.23440718650818,44,38.59571385383606,44,38.94861936569214,44,39.24483919143677,44,39.54595589637756,44,39.8482301235199,44,40.15121674537659,44,40.44576859474182,44,40.78973460197449,44,41.09541368484497,44,41.39232563972473,44,41.691712379455566,44,42.05104470252991,44,42.3583083152771,44,42.65897512435913,44,42.94108271598816,44,43.26931405067444,44,43.626447677612305,44,43.985809087753296,44,44.29405379295349,44,44.6447377204895,44,44.95303654670715,44,45.250452518463135,44,45.60393834114075,44,45.95614433288574,44,46.30573225021362,44,46.60870552062988,44,46.95978093147278,44,47.257019996643066,44,47.60073924064636,44,47.96509122848511,44,48.323039531707764,44,48.675333738327026,44,48.95365929603577,44,49.30901312828064,44,49.61617970466614,44,49.91885495185852,44,50.22014260292053,44,50.55859446525574,44,50.85702443122864,44,51.21133208274841,44,51.51019883155823,44,51.87126874923706,44,52.16661810874939,44,52.525431394577026,44,52.830705642700195,44,53.177908182144165,44,53.492189168930054,44,53.79796051979065,44,54.15403461456299,44,54.44900417327881,44,54.79583477973938,44,55.09463858604431,44,55.45489454269409,44,55.77227997779846,44,56.07273602485657,44,56.37199664115906,44,56.71577572822571,44,57.05793333053589,44,57.40226769447327,44,57.702718019485474,44,58.056480169296265,44,58.35967516899109,44,58.717796087265015,44,59.022618532180786,44,59.32692527770996,44,59.680757999420166,44,59.979742765426636,44,60.32628083229065,44,60.65160799026489,44,60.95044207572937,44,61.29330229759216,44,61.59111189842224,44,61.8892719745636,44,62.22912049293518,44,62.525670289993286,44,62.80553698539734,44,63.12541651725769,44,63.42514419555664,44,63.78262257575989,44,64.08459377288818,44,64.39997363090515,44,64.68781590461731,44,64.96758341789246,44,65.25018382072449,44,65.56179165840149,44,65.86320662498474,44,66.20856380462646,44,66.56818175315857,44,66.87005090713501,44,67.16659998893738,44,67.46366119384766,44,67.74524259567261,44,68.09703755378723,44,68.39087319374084,44,68.75187087059021,44,69.09750390052795,44,69.44201517105103,44,69.79842972755432,44,70.09499382972717,44,70.43934297561646,44,70.8024914264679,44,71.12474799156189,44,71.40567874908447,44,71.70753312110901,44,72.06193542480469,44,72.34520649909973,44,72.68841481208801,44,73.01638507843018,44,73.35605907440186,44,73.65060472488403,44,73.94944548606873,44,74.25090336799622,44,74.54712915420532,44,74.90421772003174,44,75.25627517700195,44,75.55515432357788,44,75.91841530799866,44,76.22246050834656,44,76.52659392356873,44,76.8925187587738,44,77.2393250465393,44,77.53508019447327,44,77.9005115032196,44,78.18702960014343,44,78.4893524646759,44,78.769122838974,44,79.06522703170776,44,79.41275763511658,44,79.75648736953735,44,80.10161757469177,44,80.38984537124634,44,80.74583148956299,44,81.10147833824158,44,81.46308660507202,44,81.821937084198,44,82.18115401268005,44,82.5061628818512,44,82.80901503562927,44,83.15334963798523,44,83.459951877594,44,83.8066577911377,44,84.10105466842651,44,84.3995578289032,44,84.7261688709259,44,85.03349924087524,44,85.37873196601868,44,85.73249077796936,44,86.07679319381714,44,86.4254629611969,44,86.72241497039795,44,87.02435421943665,44,87.32854890823364,44,87.62735986709595,44,87.93297863006592,44,88.29524159431458,44,88.57696890830994,44,88.92775273323059,44,89.23439359664917,44,89.58803963661194,44,89.93651390075684,44,90.23673057556152,44,90.5939462184906,44,90.89764046669006,44,91.24757027626038,44,91.54763770103455,44,91.83245468139648,44,92.16967439651489,44,92.52113604545593,44,92.8303291797638,44,93.12152075767517,44,93.41894936561584,44,93.6935887336731,44,94.0293116569519,44,94.32806539535522,44,94.62705659866333,44,94.93130302429199,44,95.2788827419281,44,95.63468980789185,44,96.00015211105347,44,96.32468724250793,44,96.67917513847351,44,97.05199432373047,44,97.35540890693665,44,97.65655779838562,44,97.95889163017273,44,98.30022859573364,44,98.63436532020569,44,98.99106693267822,44,99.34275937080383,44,99.64634466171265,44,100.00082111358643,44,100.3470368385315,44,100.65097784996033,44,100.93999862670898,44,101.28149843215942,44,101.62930297851562,44,101.9481372833252,44,102.29757618904114,44,102.59582018852234,44,102.88549423217773,44,103.2360851764679,44,103.53101062774658,44,103.81264996528625,44,104.11451864242554,44,104.41520404815674,44,104.72687673568726,44,105.06387567520142,44,105.42764854431152,44,105.78248977661133,44,106.1356565952301,44,106.49668788909912,44,106.85141968727112,44,107.15394043922424,44,107.51455688476562,44,107.81645846366882,44,108.17267560958862,44,108.46049571037292,44,108.81932711601257,44,109.13762784004211,44,109.48706674575806,44,109.83652782440186,44,110.1418936252594,44,110.43025231361389,44,110.73206853866577,44,111.09170842170715,44,111.43385124206543,44,111.79602074623108,44,112.09939241409302,44,112.46258449554443,44,112.8093934059143,44,113.10856246948242,44,113.40023064613342,44,113.69838166236877,44,114.04479002952576,44,114.329341173172,44,114.63534665107727,44,114.9469861984253,44,115.25599002838135,44,115.63940572738647,44,115.99394845962524,44,116.35157227516174,44,116.66677594184875,44,116.95173788070679,44,117.30755949020386,44,117.65277481079102,44,117.97343969345093,44,118.27170515060425,44,118.5513756275177,44,118.85202622413635,44,119.19804048538208,44,119.54158544540405,44,119.8974199295044,44,120.23669624328613,44,120.51638293266296,44,120.86285877227783,44,121.20203232765198,44,121.54292106628418,44,121.88346767425537,44,122.18610525131226,44,122.4767644405365,44,122.7651915550232,44,123.05208587646484,44,123.33577227592468,44,123.68024134635925,44,123.95887017250061,44,124.29567885398865,44,124.61709642410278,44,124.90220999717712,44,125.186452627182,44,125.45324778556824,44,125.7408299446106,44,126.06226634979248,44,126.40825414657593,44,126.76065444946289,44,127.09591245651245,44,127.38608694076538,44,127.67215466499329,44,127.95349979400635,44,128.2942178249359,44,128.58256340026855,44,128.8601632118225,44,129.13902926445007,44,129.48133873939514,44,129.8218867778778,44,130.1560218334198,44,130.49208307266235,44,130.7866988182068,44,131.07520866394043,44,131.37012100219727,44,131.6605944633484,44,131.98294234275818,44,132.3271381855011,44,132.61852765083313,44,132.96710395812988,44,133.2496521472931,44,133.54269433021545,44,133.8393850326538,44,134.13770937919617,44,134.48742532730103,44,134.84229516983032,44,135.19149374961853,44,135.46163845062256,44,135.80758261680603,44,136.10037541389465,44,136.4371042251587,44,136.77992177009583,44,137.06163382530212,44,137.40783858299255,44,137.69727110862732,44,137.97019624710083,44,138.26211380958557,44,138.6129240989685,44,138.8954963684082,44,139.23577737808228,44,139.51557683944702,44,139.80271816253662,44,140.14784789085388,44,140.4302842617035,44,140.76980876922607,44,141.10854649543762,44,141.4602222442627,44,141.7469139099121,44,142.03558921813965,44,142.31528759002686,44,142.58789253234863,44,142.8977255821228,44,143.19124555587769,44,143.48649430274963,44,143.8215172290802,44,144.16501212120056,44,144.51895260810852,44,144.85875129699707,44,145.15080094337463,44,145.49393773078918,44,145.7668068408966,44,146.06254720687866,44,146.40110230445862,44,146.69261002540588,44,146.97782921791077,44,147.3232822418213,44,147.60671067237854,44,147.94697284698486,44,148.2178144454956,44,148.4987087249756,44,148.78721261024475,44,149.1107635498047,44,149.41205024719238,44,149.744610786438,44,150.08909368515015,44,150.37705540657043,44,150.66100120544434,44,150.95269894599915,44,151.31173872947693,44,151.6496868133545,44,151.93097686767578,44,152.2080683708191,44,152.50710773468018,44,152.837828874588,44,153.1954221725464,44,153.5129783153534,44,153.85923433303833,44,154.21628856658936,44,154.57380485534668,44,154.87295389175415,44,155.17356872558594,44,155.47664284706116,44,155.7773756980896,44,156.0679214000702,44,156.40421962738037,44,156.69270753860474,44,156.9826250076294,44,157.3328607082367,44,157.6756627559662,44,157.96238708496094,44,158.2500102519989,44,158.58181285858154,44,158.85968899726868,44,159.20641899108887,44,159.48663902282715,44,159.85029339790344,44,160.11777782440186,44,160.4612865447998,44,160.73795819282532,44,161.0262885093689,44,161.31629133224487,44,161.60607385635376,44,161.8938410282135,44,162.21445202827454,44,162.55564284324646,44,162.88199043273926,44,163.1713523864746,44,163.46991324424744,44,163.76345109939575,44,164.11145663261414,44,164.4514880180359,44,164.8049829006195,44,165.10269379615784,44,165.40202522277832,44,165.76334762573242,44,166.05083394050598,44,166.32881593704224,44,166.6397511959076,44,166.9160280227661,44,167.218323469162,44,167.55131149291992,44,167.89458632469177,44,168.17388772964478,44,168.51968455314636,44,168.85222268104553,44,169.1895875930786,44,169.47851395606995,44,169.81591701507568,44,170.1070146560669,44,170.43109893798828,44,170.76859879493713,44,171.08781695365906,44,171.3754403591156,44,171.65337538719177,44,171.99474430084229,44,172.3395004272461,44,172.61403274536133,44,172.9101481437683,44,173.20157718658447,44,173.49120664596558,44,173.8422737121582,44,174.13136100769043,44,174.48319149017334,44,174.77648901939392,44,175.08271193504333,44,175.4357430934906,44,175.72849488258362,44,176.00077605247498,44,176.28216934204102,44,176.5764183998108,44,176.9146409034729,44,177.24959778785706,44,177.59780097007751,44,177.87438416481018,44,178.2171130180359,44,178.56433653831482,44,178.85359716415405,44,179.13872838020325,44,179.483731508255,44,179.78121304512024,44,180.0818326473236,44,180.4366307258606,44,180.79337620735168,44,181.08907628059387,44,181.36572766304016,44,181.66158843040466,44,181.95344591140747,44,182.2818329334259,44,182.57450532913208,44,182.91196656227112,44,183.24441623687744,44,183.53877544403076,44,183.89319896697998,44,184.2404978275299,44,184.5894157886505,44,184.86816120147705,44,185.15438961982727,44,185.49567484855652,44,185.7811849117279,44,186.09559798240662,44,186.37600898742676,44,186.65759325027466,44,186.9422345161438,44,187.22591376304626,44,187.56287932395935,44,187.83580374717712,44,188.20987248420715,44,188.54786157608032,44,188.83164882659912,44,189.10257148742676,44,189.39209175109863,44,189.73023295402527,44,190.0545482635498,44,190.341552734375,44,190.60983848571777,44,190.941148519516,44,191.21329855918884,44,191.54560899734497,44,191.81746411323547,44,192.14916038513184,44,192.43872237205505,44,192.7731306552887,44,193.06130933761597,44,193.40140652656555,44,193.71741676330566,44,194.05698370933533,44,194.3990921974182,44,194.66268038749695,44,194.94504475593567,44,195.2773084640503,44,195.60874462127686,44,195.91867756843567,44,196.25842380523682,44,196.5395154953003,44,196.81741452217102,44,197.15460801124573,44,197.4403212070465,44,197.7309377193451,44,198.01226925849915,44,198.34591150283813,44,198.68256306648254,44,199.01900553703308,44,199.35245847702026,44,199.71212768554688,44,200.04630327224731,44,200.33282828330994,44,200.62163376808167,44,200.95712304115295,44,201.25683498382568,44,201.61645817756653,44,201.9673421382904,44,202.2596504688263,44,202.5917410850525,44,202.90927076339722,44,203.19409251213074,44,203.52311491966248,44,203.81129956245422,44,204.1100172996521,44,204.44083213806152,44,204.7349407672882,44,205.07481384277344,44,205.35340404510498,44,205.69761085510254,44,205.99152874946594,44,206.2738380432129,44,206.62698316574097,44,206.97819900512695,44,207.25052404403687,44,207.54412865638733,44,207.8305149078369,44,208.10530996322632,44,208.4562566280365,44,208.75301146507263,44,209.0884349346161,44,209.43762588500977,44,209.78118205070496,44,210.1322054862976,44,210.46200895309448,44,210.79743242263794,44,211.14536547660828,44,211.42384552955627,44,211.69833755493164,44,211.99646067619324,44,212.32450151443481,44,212.6126265525818,44,212.9644079208374,44,213.24959063529968,44,213.54340958595276,44,213.89349484443665,44,214.23894596099854,44,214.580890417099,44,214.92869782447815,44,215.20972776412964,44,215.56744289398193,44,215.84909462928772,44,216.1888234615326,44,216.51503372192383,44,216.7934374809265,44,217.13412523269653,44,217.4679880142212,44,217.75626349449158,44,218.04150223731995,44,218.3324098587036,44,218.604266166687,44,218.89205479621887,44,219.2280993461609,44,219.57403087615967,44,219.9101791381836,44,220.25731992721558,44,220.59463906288147,44,220.8813774585724,44,221.21435856819153,44,221.53900384902954,44,221.88028740882874,44,222.17800641059875,44,222.48415565490723,44,222.771568775177,44,223.06116843223572,44,223.34923601150513,44,223.68623161315918,44,223.9771912097931,44,224.3162441253662,44,224.5902259349823,44,224.88347601890564,44,225.1730604171753,44,225.51301646232605,44,225.80156564712524,44,226.15758657455444,44,226.45601844787598,44,226.79552507400513,44,227.0896532535553,44,227.43943333625793,44,227.72418093681335,44,228.01119780540466,44,228.35218214988708,44,228.70463824272156,44,228.98129653930664,44,229.2857949733734,44,229.6192409992218,44,229.94821667671204,44,230.23350596427917,44,230.52025079727173,44,230.85628366470337,44,231.14854168891907,44,231.5178735256195,44,231.8012261390686,44,232.1581380367279,44,232.47482085227966,44,232.76828837394714,44,233.10781574249268,44,233.39804196357727,44,233.73621201515198,44,234.08711433410645,44,234.37906002998352,44,234.66655659675598,44,235.0028157234192,44,235.35376620292664,44,235.69400906562805,44,235.97557735443115,44,236.2725977897644,44,236.61800694465637,44,236.95509886741638,44,237.30580639839172,44,237.58397150039673,44,237.87346816062927,44,238.2093107700348,44,238.55685782432556,44,238.83748269081116,44,239.1294391155243,44,239.4766550064087,44,239.83201146125793,44,240.15109634399414,44,240.44282817840576,44,240.7873637676239,44,241.13513088226318,44,241.42027735710144,44,241.75973296165466,44,242.03900814056396,44,242.33567476272583,44,242.68591046333313,44,242.9800248146057,44,243.2746822834015,44,243.55375218391418,44,243.85019063949585,44,244.21011877059937,44,244.50820422172546,44,244.81379556655884,44,245.14901661872864,44,245.44970178604126,44,245.8045687675476,44,246.0883059501648,44,246.43629574775696,44,246.7843680381775,44,247.05166792869568,44,247.38655710220337,44,247.72598242759705,44,248.07810282707214,44,248.36922001838684,44,248.6551377773285,44,248.98241591453552,44,249.33075428009033,44,249.653546333313,44,249.94658160209656,44,250.23061108589172,44,250.52636456489563,44,250.82806301116943,44,251.12348532676697,44,251.4222331047058,44,251.72209405899048,44,252.06223344802856,44,252.4091100692749,44,252.76565623283386,44,253.12292075157166,44,253.46068239212036,44,253.8125820159912,44,254.1467695236206,44,254.49013566970825,44,254.8408396244049,44,255.133474111557,44,255.42461705207825,44,255.76400780677795,44,256.10824847221375,44,256.46195125579834,44,256.75248193740845,44,257.08114290237427,44,257.37679529190063,44,257.72505283355713,44,258.0755217075348,44,258.4207537174225,44,258.7601728439331,44,259.0543282032013,44,259.3418278694153,44,259.6297571659088,44,259.98027062416077,44,260.275221824646,44,260.61267828941345,44,260.90987277030945,44,261.2526466846466,44,261.5403699874878,44,261.82771492004395,44,262.11492466926575,44,262.45804047584534,44,262.7502284049988,44,263.1030521392822,44,263.3931312561035,44,263.74039244651794,44,264.03223276138306,44,264.31818532943726,44,264.6573450565338,44,265.0079736709595,44,265.3399896621704,44,265.6302442550659,44,265.9774489402771,44,266.2661349773407,44,266.60617899894714,44,266.9517171382904,44,267.2846031188965,44,267.56457686424255,44,267.912531375885,44,268.20455408096313,44,268.5170476436615,44,268.8652331829071,44,269.206915140152,44,269.48863315582275,44,269.7771716117859,44,270.1105058193207,44,270.3984568119049,44,270.73241686820984,44,271.0675027370453,44,271.40588569641113,44,271.6943688392639,44,272.03003573417664,44,272.31697511672974,44,272.6250123977661,44,272.9548053741455,44,273.2959871292114,44,273.62814259529114,44,273.98045682907104,44,274.3300814628601,44,274.60678005218506,44,274.9593245983124,44,275.2572603225708,44,275.5318775177002,44,275.8824317455292,44,276.16687417030334,44,276.5054929256439,44,276.83175706863403,44,277.1137659549713,44,277.43014574050903,44,277.74607491493225,44,278.084308385849,44,278.36778569221497,44,278.65162205696106,44,278.99488258361816,44,279.344619512558,44,279.6579420566559,44,279.9975378513336,44,280.3484125137329,44,280.62901735305786,44,280.9160351753235,44,281.2758238315582,44,281.57280349731445,44,281.87237215042114,44,282.157546043396,44,282.48363876342773,44,282.77079224586487,44,283.062623500824,44,283.34679532051086,44,283.6808307170868,44,284.0208065509796,44,284.36270332336426,44,284.70134687423706,44,284.982488155365,44,285.337114572525,44,285.6425473690033,44,285.99228143692017,44,286.29751896858215,44,286.6359055042267,44,286.9195432662964,44,287.2683849334717,44,287.613107919693,44,287.97116708755493,44,288.3159120082855,44,288.6828818321228,44,288.9869763851166,44,289.30317544937134,44,289.5994658470154,44,289.95665168762207,44,290.3046193122864,44,290.61524391174316,44,290.9331362247467,44,291.2276108264923,44,291.55002522468567,44,291.887167930603,44,292.231502532959,44,292.57143211364746,44,292.8633830547333,44,293.14914441108704,44,293.48531579971313,44,293.8343427181244,44,294.1164171695709,44,294.3874943256378,44,294.67244243621826,44,295.04389452934265,44,295.33429646492004,44,295.62276577949524,44,295.8948063850403,44,296.192599773407,44,296.5378406047821,44,296.8789885044098,44,297.2369029521942,44,297.57250809669495,44,297.8651418685913,44,298.1869399547577,44,298.4710531234741,44,298.8197388648987,44,299.16545939445496,44,299.53503227233887,44,299.81805872917175,44,300.0232880115509
1,random graphs/big_layer/r1.5k12n8/graph1.lgbin,6803,291.0336208343506,61,146,0,82,0.5017962455749512,68,0.9646496772766113,61,1.464181900024414,61,1.8366031646728516,61,2.277446746826172,61,2.6592540740966797,61,3.1140553951263428,61,3.5042264461517334,61,3.9572842121124268,61,4.333532810211182,61,4.793089151382446,61,5.148247957229614,61,5.597091436386108,61,5.977599382400513,61,6.42186164855957,61,6.896342992782593,61,7.38014554977417,61,7.7405846118927,61,8.031538963317871,61,8.421404600143433,61,8.800869464874268,61,9.164604902267456,61,9.53068208694458,61,9.893730640411377,61,10.265724182128906,61,10.548770666122437,61,10.843537330627441,61,11.292603492736816,61,11.574100732803345,61,12.036527872085571,61,12.477839231491089,61,12.931221723556519,61,13.385135889053345,61,13.669561862945557,61,14.109490394592285,61,14.461102485656738,61,14.917301177978516,61,15.306885957717896,61,15.677244424819946,61,16.03075861930847,61,16.42807412147522,61,16.80308175086975,61,17.176259994506836,61,17.62056565284729,61,17.990895986557007,61,18.434178113937378,61,18.81324553489685,61,19.25930404663086,61,19.548041820526123,61,19.83610224723816,61,20.29709482192993,61,20.664242029190063,61,21.030157327651978,61,21.401888370513916,61,21.846025943756104,61,22.30922293663025,61,22.685791492462158,61,23.042041778564453,61,23.341320991516113,61,23.7217538356781,61,24.168166160583496,61,24.540621995925903,61,24.831417083740234,61,25.203890800476074,61,25.559534549713135,61,25.850099325180054,61,26.228413343429565,61,26.67404842376709,61,27.116300344467163,61,27.55271816253662,61,27.84139060974121,61,28.327680349349976,61,28.94092869758606,61,29.422096490859985,61,29.890636682510376,61,30.350027084350586,61,30.699936151504517,61,31.082982778549194,61,31.557127952575684,61,31.854722499847412,61,32.22369456291199,61,32.50782489776611,61,32.89139175415039,61,33.27272152900696,61,33.66081190109253,61,34.03615713119507,61,34.39509582519531,61,34.77412796020508,61,35.149802684783936,61,35.615663290023804,61,36.063483476638794,61,36.44323372840881,61,36.90477895736694,61,37.205151081085205,61,37.59127950668335,61,38.03451895713806,61,38.40751361846924,61,38.79492211341858,61,39.186620235443115,61,39.65430951118469,61,40.03919768333435,61,40.42931413650513,61,40.8214373588562,61,41.115562200546265,61,41.50215268135071,61,41.89400863647461,61,42.3621871471405,61,42.65532469749451,61,43.03135657310486,61,43.498929023742676,61,43.98258638381958,61,44.46671652793884,61,44.842856884002686,61,45.23226499557495,61,45.61854529380798,61,46.073320388793945,61,46.45103883743286,61,46.84081506729126,61,47.29175043106079,61,47.672651529312134,61,48.06470060348511,61,48.531044244766235,61,48.90922451019287,61,49.28216886520386,61,49.73593044281006,61,50.19863176345825,61,50.563233375549316,61,50.87376046180725,61,51.259414196014404,61,51.56080913543701,61,51.95394706726074,61,52.412445306777954,61,52.71200895309448,61,53.122559547424316,61,53.42304611206055,61,53.79842758178711,61,54.17199897766113,61,54.56250762939453,61,54.93786430358887,61,55.31414842605591,61,55.7013680934906,61,56.16977143287659,61,56.558151960372925,61,56.94237208366394,61,57.238741636276245,61,57.70528841018677,61,58.09648370742798,61,58.49227428436279,61,58.88283157348633,61,59.2780876159668,61,59.66142725944519,61,60.26201391220093,61,60.63102722167969,61,61.075011014938354,61,61.525052070617676,61,61.82161998748779,61,62.11746335029602,61,62.49104452133179,61,62.86968421936035,61,63.24423694610596,61,63.620362520217896,61,63.922027349472046,61,64.52900195121765,61,64.91526007652283,61,65.30695414543152,61,65.69885039329529,61,66.08804965019226,61,66.56579375267029,61,66.95414757728577,61,67.42931604385376,61,67.88327598571777,61,68.27271461486816,61,68.74868941307068,61,69.1372447013855,61,69.61035084724426,61,70.00048208236694,61,70.46309018135071,61,70.75401186943054,61,71.21700954437256,61,71.66619300842285,61,71.96261954307556,61,72.34418201446533,61,72.635817527771,61,72.93263387680054,61,73.40446376800537,61,73.80980849266052,61,74.2826075553894,61,74.57490491867065,61,74.95257139205933,61,75.34126567840576,61,75.80193090438843,61,76.24291276931763,61,76.68458557128906,61,76.9812798500061,61,77.36637997627258,61,77.82279253005981,61,78.27744007110596,61,78.57629299163818,61,78.96404981613159,61,79.3339433670044,61,79.70731854438782,61,80.16802787780762,61,80.45809507369995,61,80.93312788009644,61,81.23371148109436,61,81.6856050491333,61,82.08499264717102,61,82.38724517822266,61,82.67707920074463,61,83.07515859603882,61,83.37246513366699,61,83.83308339118958,61,84.22199583053589,61,84.67438840866089,61,85.13720512390137,61,85.51628017425537,61,85.89957904815674,61,86.28268361091614,61,86.73717904090881,61,87.13686466217041,61,87.58811235427856,61,88.03385996818542,61,88.48716402053833,61,88.94100308418274,61,89.41592669487,61,89.78316760063171,61,90.06935477256775,61,90.51967239379883,61,90.89957547187805,61,91.28197693824768,61,91.6667845249176,61,92.04796385765076,61,92.43258428573608,61,92.88439726829529,61,93.26281905174255,61,93.60761213302612,61,94.07468438148499,61,94.4582142829895,61,94.84077405929565,61,95.29864764213562,61,95.76293873786926,61,96.21290874481201,61,96.65690994262695,61,97.1114752292633,61,97.5613226890564,61,97.9356484413147,61,98.53515338897705,61,98.92006516456604,61,99.3265790939331,61,99.78555250167847,61,100.24919533729553,61,100.70381498336792,61,101.15380597114563,61,101.62030553817749,61,102.00471782684326,61,102.29430866241455,61,102.75379729270935,61,103.14416933059692,61,103.62078380584717,61,104.010418176651,61,104.46472430229187,61,104.85079789161682,61,105.23120522499084,61,105.60727953910828,61,105.90024137496948,61,106.29654264450073,61,106.58710598945618,61,106.95688819885254,61,107.43309688568115,61,107.80569434165955,61,108.19548511505127,61,108.48367190361023,61,108.95256400108337,61,109.41454792022705,61,109.85680222511292,61,110.23628878593445,61,110.69829154014587,61,111.07999515533447,61,111.53823757171631,61,111.99138140678406,61,112.3816773891449,61,112.77456021308899,61,113.1523072719574,61,113.45370197296143,61,113.76157116889954,61,114.05125975608826,61,114.44360780715942,61,114.74004054069519,61,115.0325562953949,61,115.4422824382782,61,115.74577951431274,61,116.13266515731812,61,116.51363277435303,61,116.99231505393982,61,117.29037475585938,61,117.66977119445801,61,118.11971616744995,61,118.74205946922302,61,119.13272142410278,61,119.51410722732544,61,119.8818678855896,61,120.34647917747498,61,120.72254681587219,61,121.17999577522278,61,121.5667552947998,61,122.02038955688477,61,122.4048399925232,61,122.6955075263977,61,122.98395109176636,61,123.2840085029602,61,123.76148104667664,61,124.14907836914062,61,124.54752206802368,61,124.93129563331604,61,125.32450771331787,61,125.79208779335022,61,126.24588012695312,61,126.72535157203674,61,127.10944247245789,61,127.40820336341858,61,127.79497027397156,61,128.18048191070557,61,128.56840777397156,61,128.8548550605774,61,129.292475938797,61,129.7360656261444,61,130.09913086891174,61,130.47134017944336,61,130.92302656173706,61,131.29688787460327,61,131.78043031692505,61,132.1654236316681,61,132.6130495071411,61,132.90910625457764,61,133.37708401679993,61,133.9941737651825,61,134.45735239982605,61,134.83732986450195,61,135.22407293319702,61,135.68157124519348,61,136.13647198677063,61,136.43186450004578,61,136.82951879501343,61,137.29156827926636,61,137.68899202346802,61,138.15578699111938,61,138.6098997592926,61,139.07619786262512,61,139.54438519477844,61,140.0299289226532,61,140.41277742385864,61,140.70534873008728,61,141.17716550827026,61,141.64749383926392,61,142.08938360214233,61,142.54754209518433,61,142.90627217292786,61,143.18655443191528,61,143.47031354904175,61,144.06316876411438,61,144.43024230003357,61,144.8116798400879,61,145.19395327568054,61,145.6507544517517,61,146.03484439849854,61,146.48634386062622,61,146.7970700263977,61,147.16794657707214,61,147.52537393569946,61,147.89873695373535,61,148.2762336730957,61,148.88877606391907,61,149.36531734466553,61,149.75563073158264,61,150.13338780403137,61,150.52550077438354,61,150.9133551120758,61,151.29013228416443,61,151.73099660873413,61,152.02921533584595,61,152.49955368041992,61,152.96316695213318,61,153.3388910293579,61,153.7191162109375,61,154.09268140792847,61,154.5653772354126,61,154.9459662437439,61,155.39885640144348,61,155.86675572395325,61,156.24519515037537,61,156.60708737373352,61,156.98394393920898,61,157.44162106513977,61,157.89695692062378,61,158.26588129997253,61,158.63849234580994,61,159.01419615745544,61,159.46289086341858,61,159.9270420074463,61,160.38027095794678,61,160.8209192752838,61,161.18564653396606,61,161.6416838169098,61,162.07810950279236,61,162.54368090629578,61,162.9163191318512,61,163.29102993011475,61,163.74939036369324,61,164.134197473526,61,164.52138209342957,61,164.819917678833,61,165.29034519195557,61,165.7535252571106,61,166.13250398635864,61,166.5159947872162,61,166.89203763008118,61,167.2690875530243,61,167.74426770210266,61,168.20803141593933,61,168.59631323814392,61,168.97089791297913,61,169.35830163955688,61,169.71780133247375,61,170.06778597831726,61,170.543687582016,61,170.99964594841003,61,171.4460620880127,61,171.7342448234558,61,172.10826897621155,61,172.55433678627014,61,172.85476326942444,61,173.14433765411377,61,173.4337043762207,61,173.80989837646484,61,174.18498301506042,61,174.62514066696167,61,175.0175380706787,61,175.37410473823547,61,175.82410621643066,61,176.20396161079407,61,176.66954803466797,61,177.03978610038757,61,177.43208241462708,61,177.88608932495117,61,178.27410912513733,61,178.6616518497467,61,179.03192949295044,61,179.40930247306824,61,179.78550386428833,61,180.1623134613037,61,180.55215573310852,61,180.99385523796082,61,181.27880859375,61,181.64948678016663,61,182.01596570014954,61,182.4850947856903,61,182.7777123451233,61,183.22645783424377,61,183.50399804115295,61,183.95124292373657,61,184.40404272079468,61,184.78540110588074,61,185.15699911117554,61,185.55675792694092,61,186.01437711715698,61,186.36726093292236,61,186.65136528015137,61,187.10862612724304,61,187.4801778793335,61,187.8400285243988,61,188.21125984191895,61,188.58750128746033,61,189.03195977210999,61,189.48835349082947,61,189.86492896080017,61,190.24032759666443,61,190.6094262599945,61,190.99213480949402,61,191.3725266456604,61,191.6726667881012,61,192.15232682228088,61,192.53163123130798,61,192.91864895820618,61,193.40138864517212,61,193.86123609542847,61,194.24225997924805,61,194.68775153160095,61,195.06864190101624,61,195.45148730278015,61,195.8316686153412,61,196.12810015678406,61,196.50653886795044,61,196.89028573036194,61,197.2716841697693,61,197.74886322021484,61,198.13372921943665,61,198.4308476448059,61,198.80782175064087,61,199.28176546096802,61,199.76123476028442,61,200.06644201278687,61,200.53393650054932,61,200.91957998275757,61,201.3077986240387,61,201.760151386261,61,202.13080739974976,61,202.51643753051758,61,202.79946947097778,61,203.16740226745605,61,203.54302191734314,61,204.0053689479828,61,204.30050086975098,61,204.74935221672058,61,205.1020290851593,61,205.55469799041748,61,206.01586818695068,61,206.31327629089355,61,206.79278445243835,61,207.24362707138062,61,207.71651983261108,61,208.0951807498932,61,208.5525758266449,61,208.8425703048706,61,209.30662441253662,61,209.7575798034668,61,210.05642199516296,61,210.52081990242004,61,210.97766399383545,61,211.35153722763062,61,211.8140344619751,61,212.18835425376892,61,212.63531875610352,61,213.0181906223297,61,213.60681819915771,61,214.05513858795166,61,214.43925142288208,61,214.72989678382874,61,215.1812059879303,61,215.56002950668335,61,216.02694749832153,61,216.409503698349,61,216.77891898155212,61,217.0801751613617,61,217.38373565673828,61,217.75955820083618,61,218.13575410842896,61,218.49199891090393,61,218.93982458114624,61,219.30890727043152,61,219.68722438812256,61,219.979407787323,61,220.33200097084045,61,220.77557849884033,61,221.15672254562378,61,221.44626307487488,61,221.81226754188538,61,222.10044169425964,61,222.5542049407959,61,222.92728209495544,61,223.29838347434998,61,223.57985973358154,61,224.0139195919037,61,224.3667676448822,61,224.81834483146667,61,225.19238948822021,61,225.57414555549622,61,225.95375227928162,61,226.2421576976776,61,226.61286211013794,61,227.07369422912598,61,227.52622509002686,61,227.89078974723816,61,228.24431324005127,61,228.60845756530762,61,228.96453261375427,61,229.33743596076965,61,229.78708839416504,61,230.14311981201172,61,230.51306462287903,61,230.97708678245544,61,231.35876488685608,61,231.7350730895996,61,232.21459698677063,61,232.60958003997803,61,232.9951524734497,61,233.3972189426422,61,233.85202836990356,61,234.24274611473083,61,234.63583135604858,61,235.030042886734,61,235.3991982936859,61,235.79307222366333,61,236.18758273124695,61,236.57779097557068,61,237.04369735717773,61,237.33721923828125,61,237.72418570518494,61,238.1908359527588,61,238.5763454437256,61,238.87867760658264,61,239.2528839111328,61,239.56752610206604,61,240.0523419380188,61,240.53446054458618,61,240.9207112789154,61,241.38059616088867,61,241.77050280570984,61,242.14134907722473,61,242.4277446269989,61,242.7923059463501,61,243.2704815864563,61,243.56609272956848,61,243.94877910614014,61,244.33054542541504,61,244.6357138156891,61,245.00853371620178,61,245.46141457557678,61,245.84970211982727,61,246.29765486717224,61,246.68738961219788,61,247.04250144958496,61,247.43865299224854,61,247.9202811717987,61,248.29808473587036,61,248.59067273139954,61,249.05729699134827,61,249.68384289741516,61,250.14027333259583,61,250.51742005348206,61,250.8938913345337,61,251.24776363372803,61,251.62702751159668,61,252.08241748809814,61,252.43307542800903,61,252.87400674819946,61,253.32227730751038,61,253.60333681106567,61,253.970618724823,61,254.35721969604492,61,254.71726512908936,61,255.06864643096924,61,255.4504520893097,61,255.84395027160645,61,256.2560431957245,61,256.71954131126404,61,257.09805631637573,61,257.55399656295776,61,258.0068287849426,61,258.4611129760742,61,258.8399522304535,61,259.1309313774109,61,259.58627796173096,61,259.9687716960907,61,260.4213273525238,61,260.8015775680542,61,261.102801322937,61,261.5812175273895,61,262.041868686676,61,262.5039620399475,61,262.87655568122864,61,263.24973368644714,61,263.7067620754242,61,264.09452986717224,61,264.47323727607727,61,264.9181492328644,61,265.3938841819763,61,265.6860752105713,61,266.0768439769745,61,266.5395884513855,61,266.98473930358887,61,267.3626227378845,61,267.73615884780884,61,268.1286954879761,61,268.5129363536835,61,268.88342452049255,61,269.335750579834,61,269.78889513015747,61,270.1743128299713,61,270.645623922348,61,271.0511176586151,61,271.4961440563202,61,271.87112975120544,61,272.25889444351196,61,272.6327791213989,61,273.01665115356445,61,273.39612221717834,61,273.7851257324219,61,274.1741580963135,61,274.6259834766388,61,275.0040657520294,61,275.38225841522217,61,275.7614016532898,61,276.1567029953003,61,276.5331196784973,61,277.0119779109955,61,277.4725031852722,61,277.92551827430725,61,278.21972012519836,61,278.669908285141,61,279.06171679496765,61,279.51529240608215,61,279.9782745838165,61,280.36082315444946,61,280.82490634918213,61,281.19236302375793,61,281.5732309818268,61,282.0417854785919,61,282.49301862716675,61,282.87138533592224,61,283.24762988090515,61,283.545526266098,61,283.99857926368713,61,284.3767235279083,61,284.8225040435791,61,285.1976056098938,61,285.5526030063629,61,285.92536997795105,61,286.37726306915283,61,286.9717752933502,61,287.41206073760986,61,287.8545432090759,61,288.15527749061584,61,288.4534840583801,61,288.7501494884491,61,289.2240071296692,61,289.50485253334045,61,289.97946429252625,61,290.2751841545105,61,290.7518129348755,61,291.13312101364136,61,291.4167742729187,61,291.870032787323,61,292.16658210754395,61,292.4603056907654,61,292.90587997436523,61,293.1963441371918,61,293.58788895606995,61,293.8899450302124,61,294.277067899704,61,294.6518998146057,61,295.0401449203491,61,295.4095392227173,61,295.79005098342896,61,296.23487854003906,61,296.6790428161621,61,297.06280398368835,61,297.4622540473938,61,297.74807357788086,61,298.0367057323456,61,298.48153805732727,61,298.76561737060547,61,299.0605719089508,61,299.5248534679413,61,299.91952419281006,61,300.0188732147217
2,random graphs/big_layer/r1.5k12n8/graph2.lgbin,6803,290.3697624206543,39,109,0,59,0.2896149158477783,39,0.5803790092468262,39,1.050389289855957,39,1.3412282466888428,39,1.8064734935760498,39,2.1035282611846924,39,2.5767626762390137,39,2.8758468627929688,39,3.350278854370117,39,3.653810501098633,39,4.1149961948394775,39,4.407333135604858,39,4.745481967926025,39,5.226668834686279,39,5.639146089553833,39,6.108785629272461,39,6.485643148422241,39,6.791130542755127,39,7.256426811218262,39,7.634281873703003,39,8.112735271453857,39,8.568109273910522,39,8.88673448562622,39,9.357557535171509,39,9.811881065368652,39,10.106477499008179,39,10.574271440505981,39,10.877485036849976,39,11.181523323059082,39,11.54732060432434,39,11.860303401947021,39,12.178998947143555,39,12.648404121398926,39,12.949118614196777,39,13.387784004211426,39,13.687683343887329,39,14.170426607131958,39,14.636149168014526,39,14.954093933105469,39,15.438927173614502,39,15.74935793876648,39,16.208537340164185,39,16.573368549346924,39,17.03700041770935,39,17.345450162887573,39,17.831257104873657,39,18.180171728134155,39,18.5392062664032,39,19.009492874145508,39,19.482027053833008,39,19.80408525466919,39,20.281352758407593,39,20.586873769760132,39,21.069556713104248,39,21.3808810710907,39,21.718050956726074,39,22.029577016830444,39,22.3478786945343,39,22.66842818260193,39,23.14014458656311,39,23.616376161575317,39,24.090718507766724,39,24.421323537826538,39,24.90092897415161,39,25.2232928276062,39,25.70727014541626,39,26.062025785446167,39,26.529165267944336,39,26.824169397354126,39,27.117029666900635,39,27.575544357299805,39,27.879112243652344,39,28.1733820438385,39,28.62831997871399,39,29.094075202941895,39,29.445040941238403,39,29.912561655044556,39,30.204057693481445,39,30.566989183425903,39,30.880428314208984,39,31.363789796829224,39,31.824928522109985,39,32.292914628982544,39,32.760278940200806,39,33.21791887283325,39,33.687562704086304,39,34.00637602806091,39,34.32947611808777,39,34.805580615997314,39,35.279990911483765,39,35.59169912338257,39,36.07539963722229,39,36.43982672691345,39,36.752249002456665,39,37.22117376327515,39,37.67843174934387,39,37.96928310394287,39,38.282357692718506,39,38.75410723686218,39,39.221476793289185,39,39.58390927314758,39,39.953187465667725,39,40.42324185371399,39,40.89921236038208,39,41.36941456794739,39,41.84189558029175,39,42.16367769241333,39,42.640857458114624,39,42.945706844329834,39,43.242847204208374,39,43.71233344078064,39,44.022881746292114,39,44.334582805633545,39,44.809246301651,39,45.180628538131714,39,45.659995555877686,39,46.11278176307678,39,46.56791830062866,39,47.04096174240112,39,47.51592826843262,39,47.990679025650024,39,48.30209469795227,39,48.60835313796997,39,48.97099685668945,39,49.27693223953247,39,49.598246812820435,39,50.06623101234436,39,50.525524377822876,39,50.999983072280884,39,51.317686319351196,39,51.793757915496826,39,52.09718465805054,39,52.56494760513306,39,52.88917875289917,39,53.20055937767029,39,53.68631315231323,39,54.16729378700256,39,54.64047169685364,39,55.126869201660156,39,55.4312481880188,39,55.919023752212524,39,56.39047312736511,39,56.86006188392639,39,57.33769679069519,39,57.65617871284485,39,58.13940715789795,39,58.45458269119263,39,58.83001255989075,39,59.30806636810303,39,59.6289267539978,39,59.9427125453949,39,60.25585079193115,39,60.739797830581665,39,61.057452917099,39,61.42949414253235,39,61.79654598236084,39,62.283774614334106,39,62.76837420463562,39,63.0801362991333,39,63.55461525917053,39,63.866597414016724,39,64.33999729156494,39,64.81283211708069,39,65.28242111206055,39,65.59966254234314,39,65.91770815849304,39,66.39474177360535,39,66.85800194740295,39,67.17090129852295,39,67.48935174942017,39,67.96907377243042,39,68.27942967414856,39,68.76600742340088,39,69.24955248832703,39,69.73190093040466,39,70.05261301994324,39,70.39868879318237,39,70.76975679397583,39,71.07993388175964,39,71.5503523349762,39,71.86720609664917,39,72.17720127105713,39,72.66204071044922,39,73.13272166252136,39,73.44029712677002,39,73.91930818557739,39,74.39030241966248,39,74.85946464538574,39,75.17009329795837,39,75.47445583343506,39,75.78642201423645,39,76.25924158096313,39,76.63004350662231,39,76.995609998703,39,77.37192344665527,39,77.675133228302,39,77.98686361312866,39,78.46697068214417,39,78.77398824691772,39,79.24877119064331,39,79.70652341842651,39,80.17048978805542,39,80.53214621543884,39,80.99579977989197,39,81.37155508995056,39,81.83360266685486,39,82.13479256629944,39,82.60180497169495,39,83.0618007183075,39,83.54591226577759,39,84.02769327163696,39,84.34958577156067,39,84.71926069259644,39,85.15708303451538,39,85.63793110847473,39,85.94940304756165,39,86.43471932411194,39,86.90480637550354,39,87.22294974327087,39,87.70074653625488,39,88.02369570732117,39,88.35540270805359,39,88.67290377616882,39,89.15526509284973,39,89.46387791633606,39,89.7892017364502,39,90.15685224533081,39,90.46711683273315,39,90.9470317363739,39,91.41393566131592,39,91.73081946372986,39,92.05285143852234,39,92.37297654151917,39,92.86329436302185,39,93.18014454841614,39,93.4836597442627,39,93.80451726913452,39,94.11315178871155,39,94.43013834953308,39,94.75362014770508,39,95.12533020973206,39,95.60985708236694,39,95.92731952667236,39,96.29166078567505,39,96.60893988609314,39,97.08625221252441,39,97.55467557907104,39,98.03281044960022,39,98.39338946342468,39,98.8791253566742,39,99.20081281661987,39,99.67393898963928,39,100.14028120040894,39,100.60735440254211,39,101.08503460884094,39,101.56566834449768,39,101.94364523887634,39,102.31377100944519,39,102.79060459136963,39,103.21008682250977,39,103.68381834030151,39,103.98942232131958,39,104.35508584976196,39,104.65660357475281,39,104.96226930618286,39,105.32137823104858,39,105.78697896003723,39,106.08667492866516,39,106.40354990959167,39,106.88694071769714,39,107.19215607643127,39,107.67224025726318,39,107.96303057670593,39,108.27238750457764,39,108.74460124969482,39,109.0476541519165,39,109.41807198524475,39,109.90274214744568,39,110.21027398109436,39,110.51849937438965,39,110.839040517807,39,111.16099810600281,39,111.46494817733765,39,111.77207112312317,39,112.08981084823608,39,112.56961297988892,39,113.03915143013,39,113.34893918037415,39,113.64286279678345,39,113.95586729049683,39,114.27035927772522,39,114.74331331253052,39,115.20691442489624,39,115.56968832015991,39,115.88981866836548,39,116.20927095413208,39,116.58060121536255,39,116.89382863044739,39,117.21651554107666,39,117.53769755363464,39,118.00870394706726,39,118.31959533691406,39,118.79418778419495,39,119.27099204063416,39,119.74254131317139,39,120.21489095687866,39,120.5103108882904,39,120.96395778656006,39,121.33311867713928,39,121.64145350456238,39,122.0038890838623,39,122.48735022544861,39,122.8004903793335,39,123.12375044822693,39,123.44396352767944,39,123.907235622406,39,124.37084817886353,39,124.6716513633728,39,125.14197039604187,39,125.61204099655151,39,126.09150767326355,39,126.39802289009094,39,126.71531057357788,39,127.18692803382874,39,127.49442958831787,39,127.96833062171936,39,128.33023691177368,39,128.8138768672943,39,129.2897927761078,39,129.74425554275513,39,130.20725560188293,39,130.66887092590332,39,130.96992444992065,39,131.4425013065338,39,131.91254568099976,39,132.21916317939758,39,132.52808833122253,39,132.83860182762146,39,133.30992531776428,39,133.61455702781677,39,133.9153995513916,39,134.23158240318298,39,134.71260976791382,39,135.0204758644104,39,135.32209634780884,39,135.62277913093567,39,136.08796310424805,39,136.3936378955841,39,136.7527458667755,39,137.21459579467773,39,137.57961678504944,39,137.89988493919373,39,138.25509667396545,39,138.62815022468567,39,139.1048505306244,39,139.4207320213318,39,139.78797245025635,39,140.2630581855774,39,140.73350286483765,39,141.20937657356262,39,141.52247166633606,39,141.83015966415405,39,142.199481010437,39,142.6694622039795,39,142.9831781387329,39,143.35000562667847,39,143.7353811264038,39,144.04664206504822,39,144.36976432800293,39,144.6924376487732,39,145.15994596481323,39,145.47696900367737,39,145.7840666770935,39,146.09851360321045,39,146.41999506950378,39,146.74487781524658,39,147.05967330932617,39,147.42064905166626,39,147.7419502735138,39,148.04803586006165,39,148.3586699962616,39,148.676287651062,39,148.99660277366638,39,149.3535873889923,39,149.65139627456665,39,149.954430103302,39,150.2794177532196,39,150.75928926467896,39,151.24478125572205,39,151.6226770877838,39,151.99659943580627,39,152.31766033172607,39,152.80108880996704,39,153.24674034118652,39,153.5547058582306,39,154.02506279945374,39,154.49882698059082,39,154.8104841709137,39,155.17850732803345,39,155.55308508872986,39,156.03048014640808,39,156.3404803276062,39,156.65121030807495,39,157.12601232528687,39,157.59750533103943,39,157.89760375022888,39,158.39031648635864,39,158.86104369163513,39,159.31250405311584,39,159.63669872283936,39,160.1128649711609,39,160.48882579803467,39,160.98282408714294,39,161.28956294059753,39,161.60434675216675,39,162.0758798122406,39,162.39823150634766,39,162.7229974269867,39,163.20812368392944,39,163.52663946151733,39,163.83514189720154,39,164.30859446525574,39,164.61371111869812,39,165.08137893676758,39,165.3981282711029,39,165.87856101989746,39,166.35337281227112,39,166.82695770263672,39,167.29944372177124,39,167.59994840621948,39,168.07376646995544,39,168.53782653808594,39,168.83959460258484,39,169.3203980922699,39,169.78106808662415,39,170.1387894153595,39,170.61723136901855,39,171.0887851715088,39,171.40284633636475,39,171.7746970653534,39,172.1361105442047,39,172.6095142364502,39,173.08487153053284,39,173.39671921730042,39,173.71738147735596,39,174.17584872245789,39,174.4967942237854,39,174.86801052093506,39,175.34969568252563,39,175.67260575294495,39,175.98066639900208,39,176.4577476978302,39,176.92780089378357,39,177.40189719200134,39,177.89497065544128,39,178.25893330574036,39,178.74161624908447,39,179.10707569122314,39,179.57429885864258,39,180.0376319885254,39,180.33963584899902,39,180.8070330619812,39,181.114892244339,39,181.58799052238464,39,181.95238208770752,39,182.2709059715271,39,182.7526879310608,39,183.22667407989502,39,183.70795106887817,39,184.07367038726807,39,184.44331097602844,39,184.91689801216125,39,185.21803879737854,39,185.69907069206238,39,186.1647870540619,39,186.6274609565735,39,186.92911958694458,39,187.3917646408081,39,187.86530017852783,39,188.34789443016052,39,188.83108067512512,39,189.19506001472473,39,189.50457239151,39,189.83455061912537,39,190.30650901794434,39,190.61170268058777,39,190.9977207183838,39,191.4637336730957,39,191.939208984375,39,192.2464680671692,39,192.5614995956421,39,193.03889989852905,39,193.5059266090393,39,193.98202204704285,39,194.44088339805603,39,194.8036117553711,39,195.11387991905212,39,195.434415102005,39,195.90987181663513,39,196.37636399269104,39,196.67923784255981,39,197.04516100883484,39,197.35144996643066,39,197.82393336296082,39,198.1369616985321,39,198.59905743598938,39,199.07836413383484,39,199.4374086856842,39,199.73698592185974,39,200.19708395004272,39,200.55332040786743,39,200.85573935508728,39,201.16052794456482,39,201.6239995956421,39,201.91929006576538,39,202.21886897087097,39,202.5160665512085,39,202.97024774551392,39,203.43919253349304,39,203.801931142807,39,204.11173915863037,39,204.42525577545166,39,204.72658514976501,39,205.18980240821838,39,205.50092220306396,39,205.98566317558289,39,206.29874277114868,39,206.6040027141571,39,206.91885828971863,39,207.39530062675476,39,207.86355590820312,39,208.32631492614746,39,208.63262295722961,39,209.1171214580536,39,209.58349180221558,39,210.05407643318176,39,210.42189621925354,39,210.741783618927,39,211.21120071411133,39,211.5282654762268,39,211.99889039993286,39,212.36430382728577,39,212.83912229537964,39,213.3068356513977,39,213.6650152206421,39,213.96280002593994,39,214.43251514434814,39,214.74735307693481,39,215.21767282485962,39,215.69173097610474,39,216.15662622451782,39,216.4612591266632,39,216.9415180683136,39,217.38523268699646,39,217.69247388839722,39,218.16853380203247,39,218.48241257667542,39,218.7832579612732,39,219.24855732917786,39,219.56443619728088,39,219.86826992034912,39,220.1769630908966,39,220.63791704177856,39,220.94354939460754,39,221.41132998466492,39,221.71715474128723,39,222.02976536750793,39,222.3950560092926,39,222.7009105682373,39,223.17408514022827,39,223.47798991203308,39,223.788893699646,39,224.24907898902893,39,224.60490202903748,39,224.91701340675354,39,225.22402787208557,39,225.54270458221436,39,225.86150550842285,39,226.33036971092224,39,226.7924497127533,39,227.2517192363739,39,227.72461462020874,39,228.18080019950867,39,228.64720940589905,39,228.95496010780334,39,229.2645583152771,39,229.62398886680603,39,229.9326274394989,39,230.2481234073639,39,230.54758071899414,39,231.01030802726746,39,231.46629095077515,39,231.9269573688507,39,232.22299027442932,39,232.5253279209137,39,232.99687147140503,39,233.3023066520691,39,233.77916264533997,39,234.09031653404236,39,234.40652990341187,39,234.71086978912354,39,235.17583584785461,39,235.47776913642883,39,235.94198656082153,39,236.31082344055176,39,236.62964797019958,39,236.94050073623657,39,237.2475860118866,39,237.72550988197327,39,238.04853582382202,39,238.52644157409668,39,238.83139896392822,39,239.29022192955017,39,239.74044513702393,39,240.20038080215454,39,240.50257086753845,39,240.96759510040283,39,241.26489520072937,39,241.71771454811096,39,242.0101990699768,39,242.47342467308044,39,242.75857710838318,39,243.10918617248535,39,243.41737747192383,39,243.87083625793457,39,244.2206907272339,39,244.68453168869019,39,245.1487100124359,39,245.44813442230225,39,245.75775027275085,39,246.12833046913147,39,246.6071276664734,39,247.05919408798218,39,247.35352325439453,39,247.6722285747528,39,248.1467306613922,39,248.61616849899292,39,249.07489275932312,39,249.5458574295044,39,249.84285378456116,39,250.301922082901,39,250.6016767024994,39,250.9349811077118,39,251.2824263572693,39,251.74266242980957,39,252.03832578659058,39,252.4978470802307,39,252.95697855949402,39,253.42455983161926,39,253.7203929424286,39,254.02894401550293,39,254.34362363815308,39,254.63543939590454,39,254.93305563926697,39,255.39460015296936,39,255.6894199848175,39,256.15721917152405,39,256.4544849395752,39,256.9289927482605,39,257.221675157547,39,257.6816990375519,39,257.9854109287262,39,258.4251637458801,39,258.7303750514984,39,259.1917152404785,39,259.4934766292572,39,259.96139001846313,39,260.2731919288635,39,260.6412868499756,39,260.94684529304504,39,261.26160502433777,39,261.57197284698486,39,262.04181694984436,39,262.3514096736908,39,262.7134325504303,39,263.1861665248871,39,263.4773852825165,39,263.7818486690521,39,264.098032951355,39,264.5723805427551,39,265.00447154045105,39,265.4909014701843,39,265.9569845199585,39,266.3207654953003,39,266.6425142288208,39,267.11878633499146,39,267.44045972824097,39,267.7583644390106,39,268.12750482559204,39,268.60588335990906,39,269.07365798950195,39,269.39605474472046,39,269.7022259235382,39,269.9949040412903,39,270.29147243499756,39,270.7445955276489,39,271.05221033096313,39,271.36005330085754,39,271.8267798423767,39,272.1498782634735,39,272.4698758125305,39,272.93909072875977,39,273.40303683280945,39,273.7719073295593,39,274.2481327056885,39,274.55809473991394,39,274.873822927475,39,275.3463308811188,39,275.8070821762085,39,276.2820601463318,39,276.6471281051636,39,277.007750749588,39,277.47452878952026,39,277.9388885498047,39,278.2435550689697,39,278.5506122112274,39,279.0048167705536,39,279.47013330459595,39,279.7847259044647,39,280.26296734809875,39,280.73436975479126,39,281.2070586681366,39,281.5028567314148,39,281.98466300964355,39,282.28817224502563,39,282.59607195854187,39,283.0602562427521,39,283.5362648963928,39,284.0091314315796,39,284.3100998401642,39,284.79690432548523,39,285.26310873031616,39,285.73908853530884,39,286.1991789340973,39,286.6594989299774,39,286.95329308509827,39,287.257798910141,39,287.73130989074707,39,288.0345094203949,39,288.3543858528137,39,288.81987738609314,39,289.13696789741516,39,289.60598516464233,39,290.07414507865906,39,290.4377839565277,39,290.92116260528564,39,291.3926558494568,39,291.8627378940582,39,292.3301396369934,39,292.6506805419922,39,292.96745347976685,39,293.2850034236908,39,293.7702782154083,39,294.0866765975952,39,294.4098289012909,39,294.73400592803955,39,295.0439774990082,39,295.51399326324463,39,295.98934531211853,39,296.4306221008301,39,296.79212498664856,39,297.10794258117676,39,297.592969417572,39,298.0698299407959,39,298.54870796203613,39,299.0081276893616,39,299.4824059009552,39,299.79569721221924,39,300.01770544052124
3,random graphs/big_layer/r1.5k12n8/graph3.lgbin,6803,293.8138225078583,65,146,0,91,0.6182539463043213,76,1.2501909732818604,65,2.49428391456604,65,3.2378642559051514,65,3.666613817214966,65,4.097899675369263,65,4.849900484085083,65,5.274362564086914,65,6.0054028034210205,65,6.425264120101929,65,7.18476128578186,65,7.614500045776367,65,8.349680423736572,65,8.742925643920898,65,9.475019693374634,65,10.201358795166016,65,10.609671592712402,65,11.033968925476074,65,11.403708696365356,65,11.778604507446289,65,12.502342700958252,65,12.897698640823364,65,13.324634075164795,65,14.04873013496399,65,14.345653772354126,65,15.071202039718628,65,15.80918288230896,65,16.195885181427002,65,16.942010641098022,65,17.6761794090271,65,18.068957328796387,65,18.508804082870483,65,18.943013429641724,65,19.442651510238647,65,20.17904567718506,65,20.925985097885132,65,21.362346172332764,65,21.790026426315308,65,22.204561233520508,65,22.636826992034912,65,23.0415301322937,65,23.463999032974243,65,24.20715618133545,65,24.607853889465332,65,25.352986097335815,65,25.84814143180847,65,26.57210636138916,65,27.312258005142212,65,27.732046842575073,65,28.152241230010986,65,28.59088969230652,65,29.334444284439087,65,29.723514556884766,65,30.472957372665405,65,30.883524179458618,65,31.631572246551514,65,32.36797285079956,65,33.11060404777527,65,33.84332084655762,65,34.26716613769531,65,34.687002658843994,65,35.111069202423096,65,35.84611463546753,65,36.25197649002075,65,36.66744947433472,65,37.396968364715576,65,37.82622170448303,65,38.56544351577759,65,38.993308305740356,65,39.727654457092285,65,40.117653369903564,65,40.86747169494629,65,41.31780242919922,65,42.0621440410614,65,42.788928508758545,65,43.52615928649902,65,43.9500367641449,65,44.38120198249817,65,45.11373853683472,65,45.859800577163696,65,46.28864073753357,65,47.03666567802429,65,47.46175217628479,65,48.20262312889099,65,48.627076625823975,65,49.015618324279785,65,49.74274301528931,65,50.187742471694946,65,50.934420585632324,65,51.363587856292725,65,52.10623359680176,65,52.534438610076904,65,52.9724805355072,65,53.705307960510254,65,54.451507329940796,65,55.1949417591095,65,55.94144320487976,65,56.70393466949463,65,57.08249759674072,65,57.50482797622681,65,58.24715805053711,65,58.99485921859741,65,59.74220299720764,65,60.49317932128906,65,60.92620491981506,65,61.66457223892212,65,62.0885374546051,65,62.51851677894592,65,63.246896266937256,65,63.983524799346924,65,64.72202110290527,65,65.45369267463684,65,66.19970941543579,65,66.62985825538635,65,67.06537771224976,65,67.80353951454163,65,68.54455590248108,65,68.98802065849304,65,69.4151999950409,65,70.15377974510193,65,70.53499245643616,65,70.96185398101807,65,71.3482677936554,65,71.76438045501709,65,72.18107080459595,65,72.91879272460938,65,73.35050702095032,65,73.74557280540466,65,74.48849964141846,65,75.2404716014862,65,75.98440837860107,65,76.41288757324219,65,76.91359877586365,65,77.65361595153809,65,78.38691902160645,65,79.12427115440369,65,79.87098979949951,65,80.29510617256165,65,80.70749855041504,65,81.09330534934998,65,81.50793647766113,65,82.25251698493958,65,82.62910962104797,65,83.05935740470886,65,83.49200320243835,65,83.93651580810547,65,84.3617205619812,65,85.0957944393158,65,85.83421182632446,65,86.21802926063538,65,86.94978404045105,65,87.38154578208923,65,88.12817811965942,65,88.8730800151825,65,89.61679410934448,65,90.05417799949646,65,90.80380272865295,65,91.54371953010559,65,91.9182140827179,65,92.32706093788147,65,92.75236558914185,65,93.49012112617493,65,93.90916395187378,65,94.65929675102234,65,95.04879188537598,65,95.78464484214783,65,96.17804646492004,65,96.9182345867157,65,97.34427762031555,65,98.0950722694397,65,98.51388573646545,65,98.94697451591492,65,99.38271903991699,65,99.76535820960999,65,100.50669360160828,65,101.2464029788971,65,101.64054942131042,65,102.07132077217102,65,102.80525708198547,65,103.54939365386963,65,104.2899661064148,65,104.59403562545776,65,105.32178544998169,65,105.75193119049072,65,106.50932288169861,65,107.25998544692993,65,107.6683714389801,65,108.09259343147278,65,108.5323395729065,65,108.95859432220459,65,109.39189887046814,65,110.12657165527344,65,110.88592433929443,65,111.62928199768066,65,112.37320065498352,65,113.12569260597229,65,113.85947489738464,65,114.59409165382385,65,114.97949409484863,65,115.42114448547363,65,116.16142868995667,65,116.90617561340332,65,117.32937002182007,65,118.07453656196594,65,118.50835347175598,65,118.95216917991638,65,119.38383197784424,65,119.81348180770874,65,120.26059603691101,65,121.00469708442688,65,121.7410180568695,65,122.16784739494324,65,122.90123844146729,65,123.32450413703918,65,124.06372737884521,65,124.80701541900635,65,125.23571348190308,65,125.6625988483429,65,126.39914870262146,65,127.13867044448853,65,127.88659596443176,65,128.62991309165955,65,129.3656017780304,65,129.79224634170532,65,130.22093391418457,65,130.65155029296875,65,131.08448910713196,65,131.8169412612915,65,132.24761128425598,65,132.68733096122742,65,133.1163456439972,65,133.53514528274536,65,133.9333369731903,65,134.36578273773193,65,134.7973530292511,65,135.5430829524994,65,135.97401571273804,65,136.48204517364502,65,136.91137790679932,65,137.65239834785461,65,138.38996005058289,65,139.12643480300903,65,139.4147081375122,65,139.83848762512207,65,140.28294372558594,65,140.69737720489502,65,141.4388382434845,65,141.87154293060303,65,142.30455374717712,65,143.0340039730072,65,143.7779622077942,65,144.26939415931702,65,144.9975688457489,65,145.37950778007507,65,145.75607633590698,65,146.49515295028687,65,146.8874967098236,65,147.63247919082642,65,148.3735592365265,65,149.12316942214966,65,149.55602312088013,65,149.98313641548157,65,150.41977286338806,65,150.85436296463013,65,151.28587412834167,65,152.03637790679932,65,152.46167159080505,65,153.20546126365662,65,153.6367974281311,65,154.03078842163086,65,154.77412152290344,65,155.20371508598328,65,155.63077020645142,65,156.06523060798645,65,156.80742931365967,65,157.54033160209656,65,157.9234585762024,65,158.348876953125,65,158.79000210762024,65,159.53497099876404,65,160.28233242034912,65,160.6717071533203,65,161.1147162914276,65,161.5081169605255,65,162.25228333473206,65,162.68488335609436,65,162.98644518852234,65,163.7301640510559,65,164.12238264083862,65,164.8698935508728,65,165.61771321296692,65,166.0495526790619,65,166.78945326805115,65,167.21565556526184,65,167.587171792984,65,168.32654976844788,65,168.75530695915222,65,169.49200177192688,65,170.2425057888031,65,170.97920179367065,65,171.37399697303772,65,172.11916780471802,65,172.55197763442993,65,173.31408858299255,65,174.06866121292114,65,174.5016417503357,65,174.89557766914368,65,175.1991045475006,65,175.628751039505,65,176.36749410629272,65,177.11497807502747,65,177.54732728004456,65,178.28598761558533,65,178.71546125411987,65,179.14344477653503,65,179.87810587882996,65,180.30020904541016,65,181.04065036773682,65,181.79496884346008,65,182.20064616203308,65,182.94067883491516,65,183.37157559394836,65,183.76860880851746,65,184.51865029335022,65,184.95023822784424,65,185.38099074363708,65,185.8198742866516,65,186.22700333595276,65,186.96735262870789,65,187.70988512039185,65,188.45619177818298,65,189.18431615829468,65,189.60837960243225,65,190.34768891334534,65,190.76276564598083,65,191.19028496742249,65,191.9208426475525,65,192.3452434539795,65,193.0806176662445,65,193.50100135803223,65,194.2475688457489,65,194.9904124736786,65,195.72463274002075,65,196.15097999572754,65,196.5781331062317,65,197.00112438201904,65,197.7286500930786,65,198.1062090396881,65,198.5372281074524,65,199.26794362068176,65,199.70309734344482,65,200.43049144744873,65,201.16713619232178,65,201.89810705184937,65,202.32516407966614,65,202.7509515285492,65,203.14085817337036,65,203.87622165679932,65,204.60412120819092,65,205.33094310760498,65,205.752361536026,65,206.48907351493835,65,207.2180757522583,65,207.64164805412292,65,208.07224893569946,65,208.800705909729,65,209.53342413902283,65,210.26594710350037,65,210.69516038894653,65,211.07920050621033,65,211.4984679222107,65,212.23992538452148,65,212.5736367702484,65,213.32076239585876,65,213.67822432518005,65,214.066477060318,65,214.48721623420715,65,215.22258281707764,65,215.66003847122192,65,216.41064882278442,65,216.80908799171448,65,217.23756670951843,65,217.75186443328857,65,218.1786811351776,65,218.61069059371948,65,219.34021854400635,65,219.72786211967468,65,220.4632670879364,65,220.88435769081116,65,221.61190724372864,65,222.04062962532043,65,222.54674410820007,65,223.2812602519989,65,223.7800328731537,65,224.16612672805786,65,224.8945116996765,65,225.3203980922699,65,225.70737147331238,65,226.10113549232483,65,226.52818298339844,65,226.92472624778748,65,227.65855383872986,65,228.05057787895203,65,228.47909665107727,65,228.90261912345886,65,229.32595467567444,65,229.70715618133545,65,230.43973016738892,65,230.86395621299744,65,231.23896741867065,65,231.97460651397705,65,232.40073418617249,65,233.13721680641174,65,233.87704920768738,65,234.61219263076782,65,235.34937405586243,65,235.77911686897278,65,236.19763255119324,65,236.93163776397705,65,237.32546019554138,65,237.75485754013062,65,238.48998713493347,65,238.87452054023743,65,239.32371020317078,65,239.72097826004028,65,240.11159300804138,65,240.8467698097229,65,241.2729754447937,65,241.5724115371704,65,242.0091907978058,65,242.7619969844818,65,243.1504340171814,65,243.90112257003784,65,244.6472611427307,65,245.04153323173523,65,245.7608563899994,65,246.50308227539062,65,247.23855638504028,65,247.66671085357666,65,248.06027173995972,65,248.8013632297516,65,249.21959447860718,65,249.64672827720642,65,250.07755041122437,65,250.50529599189758,65,250.93231201171875,65,251.66840648651123,65,252.08989119529724,65,252.8378803730011,65,253.26715993881226,65,254.00600004196167,65,254.38568902015686,65,254.80122828483582,65,255.21419429779053,65,255.93601489067078,65,256.31227827072144,65,257.0224018096924,65,257.7485239505768,65,258.468772649765,65,259.1937663555145,65,259.91840624809265,65,260.3338906764984,65,260.7221221923828,65,261.45037508010864,65,262.1878273487091,65,262.52825117111206,65,263.25488805770874,65,263.9885346889496,65,264.7191927433014,65,265.14238595962524,65,265.8600571155548,65,266.2726218700409,65,266.98222517967224,65,267.35312032699585,65,268.06951880455017,65,268.7859284877777,65,269.1503264904022,65,269.87954807281494,65,270.6120502948761,65,270.9826202392578,65,271.7112305164337,65,272.43461894989014,65,272.81983494758606,65,273.5403084754944,65,274.2858302593231,65,274.697740316391,65,275.41916847229004,65,275.8018732070923,65,276.14875173568726,65,276.8689751625061,65,277.5851790904999,65,278.07791090011597,65,278.4891927242279,65,279.1998620033264,65,279.9193289279938,65,280.33305287361145,65,280.74849104881287,65,281.1652784347534,65,281.45710468292236,65,281.8647334575653,65,282.282014131546,65,282.69652223587036,65,283.4170937538147,65,284.12814378738403,65,284.8643624782562,65,285.27876138687134,65,285.99109721183777,65,286.71830892562866,65,287.1218400001526,65,287.53603410720825,65,287.95069313049316,65,288.3681619167328,65,289.08873987197876,65,289.5262567996979,65,290.2678141593933,65,291.005158662796,65,291.7360043525696,65,292.2208454608917,65,292.6336667537689,65,293.34878730773926,65,293.76181173324585,65,294.14229440689087,65,294.8528878688812,65,295.56753158569336,65,296.2943911552429,65,297.0074872970581,65,297.50493717193604,65,298.2270896434784,65,298.6721351146698,65,299.1719648838043,65,299.595511674881,65,300.02061200141907
4,random graphs/big_layer/r1.5k12n8/graph4.lgbin,6803,284.69021248817444,64,147,0,84,0.37311244010925293,66,0.9764068126678467,66,1.260984182357788,66,1.8096506595611572,66,2.0948822498321533,66,2.635648250579834,66,2.9202816486358643,66,3.4799089431762695,66,3.75032639503479,66,4.28715181350708,66,4.568758726119995,66,5.1169092655181885,66,5.659913778305054,66,6.199680328369141,66,6.742722272872925,64,7.188501596450806,64,7.4548070430755615,64,7.654715538024902,64,7.917064189910889,64,8.180027723312378,64,8.554884433746338,64,8.811745166778564,64,9.070247173309326,64,9.321838140487671,64,9.52140736579895,64,9.775457859039307,64,10.039323329925537,64,10.313276052474976,64,10.622344732284546,64,10.816351652145386,64,11.076383352279663,64,11.332996129989624,64,11.599754571914673,64,11.793503761291504,64,12.080539226531982,64,12.274497747421265,64,12.531596660614014,64,12.941899061203003,64,13.13087511062622,64,13.38800859451294,64,13.780351161956787,64,13.967626571655273,64,14.231347799301147,64,14.425966262817383,64,14.684004783630371,64,14.878090381622314,64,15.14006495475769,64,15.401590824127197,64,15.602222919464111,64,15.86208963394165,64,16.115670442581177,64,16.373673677444458,64,16.625929355621338,64,16.87749743461609,64,17.13397479057312,64,17.546023845672607,64,17.802587270736694,64,18.00554132461548,64,18.412723779678345,64,18.603431940078735,64,18.79548168182373,64,18.990587949752808,64,19.250863313674927,64,19.44616413116455,64,19.871097803115845,64,20.126954317092896,64,20.320039987564087,64,20.57858681678772,64,20.82887840270996,64,21.08086919784546,64,21.384593963623047,64,21.667412281036377,64,21.882014989852905,64,22.1519718170166,64,22.339274883270264,64,22.663291692733765,64,22.91468048095703,64,23.175847053527832,64,23.37220025062561,64,23.627519130706787,64,23.88741397857666,64,24.087378978729248,64,24.28412914276123,64,24.475812911987305,64,24.89420771598816,64,25.14534878730774,64,25.397246837615967,64,25.58622169494629,64,25.78291153907776,64,26.11818766593933,64,26.5388605594635,64,26.82057762145996,64,27.016058206558228,64,27.26913595199585,64,27.46181607246399,64,27.658331632614136,64,27.848474502563477,64,28.276890754699707,64,28.688644886016846,64,28.889084339141846,64,29.153536796569824,64,29.413390636444092,64,29.610942363739014,64,29.812872409820557,64,30.06721329689026,64,30.35600709915161,64,30.620365381240845,64,30.813785791397095,64,31.071890115737915,64,31.269592761993408,64,31.681578636169434,64,31.872018098831177,64,32.07328200340271,64,32.264641523361206,64,32.45285201072693,64,32.70989775657654,64,32.977213859558105,64,33.176945209503174,64,33.446337938308716,64,33.709336042404175,64,33.98312187194824,64,34.18985557556152,64,34.454488039016724,64,34.65615510940552,64,34.849609375,64,35.12946915626526,64,35.40192651748657,64,35.66948175430298,64,35.87164354324341,64,36.14812445640564,64,36.4145827293396,64,36.61160159111023,64,36.89268708229065,64,37.28014278411865,64,37.482999324798584,64,37.75311756134033,64,38.01425099372864,64,38.20267200469971,64,38.58994770050049,64,39.02093863487244,64,39.434826135635376,64,39.68459963798523,64,39.93255114555359,64,40.18378782272339,64,40.43982481956482,64,40.63406181335449,64,40.88416314125061,64,41.26301145553589,64,41.52147674560547,64,41.771921157836914,64,42.024826765060425,64,42.21446990966797,64,42.40504217147827,64,42.66231918334961,64,43.0461699962616,64,43.30011034011841,64,43.493956565856934,64,43.69425439834595,64,43.96113300323486,64,44.27056884765625,64,44.47022485733032,64,44.724299907684326,64,44.949678897857666,64,45.19971251487732,64,45.387046575546265,64,45.63985323905945,64,45.83075761795044,64,46.027783155441284,64,46.22260880470276,64,46.47193884849548,64,46.72665810585022,64,46.97813034057617,64,47.177478551864624,64,47.437917709350586,64,47.62747287750244,64,48.05079698562622,64,48.477824449539185,64,48.73947501182556,64,48.99950623512268,64,49.41522169113159,64,49.60889768600464,64,49.812920331954956,64,50.01395797729492,64,50.280218839645386,64,50.55073094367981,64,50.82438111305237,64,51.09793663024902,64,51.30206823348999,64,51.62692356109619,64,51.898566007614136,64,52.17856049537659,64,52.38286900520325,64,52.65177273750305,64,52.911277770996094,64,53.10087752342224,64,53.52962923049927,64,53.96166467666626,64,54.21981883049011,64,54.41738033294678,64,54.68521165847778,64,55.1129674911499,64,55.31743764877319,64,55.59121346473694,64,55.78548574447632,64,56.03974938392639,64,56.293503761291504,64,56.555543422698975,64,56.815838098526,64,57.00469970703125,64,57.26873826980591,64,57.68143153190613,64,57.880859375,64,58.14512610435486,64,58.404438734054565,64,58.66698884963989,64,58.985191822052,64,59.253711223602295,64,59.44646239280701,64,59.65143704414368,64,59.84733772277832,64,60.12977647781372,64,60.5260546207428,64,60.804556369781494,64,61.010762214660645,64,61.21336388587952,64,61.40854787826538,64,61.613221168518066,64,61.88638710975647,64,62.08968114852905,64,62.509795904159546,64,62.78409028053284,64,63.21779131889343,64,63.64661645889282,64,64.07149887084961,64,64.3415789604187,64,64.77132177352905,64,64.97006368637085,64,65.2895278930664,64,65.54763531684875,64,65.75050044059753,64,66.00959181785583,64,66.2712790966034,64,66.56182932853699,64,66.84102439880371,64,67.09330606460571,64,67.28435373306274,64,67.60114192962646,64,67.85943579673767,64,68.05358386039734,64,68.25615334510803,64,68.45608162879944,64,68.71655774116516,64,68.91076445579529,64,69.2058093547821,64,69.47473907470703,64,69.90418910980225,64,70.16159296035767,64,70.35067176818848,64,70.72688937187195,64,71.14909791946411,64,71.34978866577148,64,71.54857659339905,64,71.82957005500793,64,72.0995922088623,64,72.3063063621521,64,72.58194947242737,64,72.78842830657959,64,73.05199313163757,64,73.48539423942566,64,73.7495448589325,64,74.02116656303406,64,74.291335105896,64,74.5473210811615,64,74.8285026550293,64,75.14878058433533,64,75.34219145774841,64,75.54571533203125,64,75.75375413894653,64,76.02180457115173,64,76.22637033462524,64,76.49374198913574,64,76.75776386260986,64,77.02651739120483,64,77.22452998161316,64,77.48515105247498,64,77.75260710716248,64,78.02493262290955,64,78.32337093353271,64,78.51800918579102,64,78.84804630279541,64,79.13170146942139,64,79.33883571624756,64,79.53910493850708,64,79.85396218299866,64,80.230623960495,64,80.65984439849854,64,80.85952520370483,64,81.05640316009521,64,81.25846934318542,64,81.45706605911255,64,81.75017833709717,64,81.95622324943542,64,82.23209404945374,64,82.42244958877563,64,82.69122529029846,64,82.94805717468262,64,83.21588850021362,64,83.48289012908936,64,83.88169312477112,64,84.0763852596283,64,84.49893307685852,64,84.69738841056824,64,84.97635769844055,64,85.1823136806488,64,85.46054172515869,64,85.71934795379639,64,85.99548768997192,64,86.20133566856384,64,86.4777934551239,64,86.6802909374237,64,86.87722849845886,64,87.2041437625885,64,87.40807676315308,64,87.61783838272095,64,88.04489612579346,64,88.24451398849487,64,88.51928615570068,64,88.78574776649475,64,89.06219983100891,64,89.33067989349365,64,89.52704286575317,64,89.79652380943298,64,90.00151634216309,64,90.19931936264038,64,90.45509243011475,64,90.73188138008118,64,90.92541575431824,64,91.33461165428162,64,91.60474753379822,64,91.80162167549133,64,92.06762933731079,64,92.32636594772339,64,92.52656674385071,64,92.72665166854858,64,93.00576853752136,64,93.27633309364319,64,93.5464220046997,64,93.75441598892212,64,94.03222966194153,64,94.30029320716858,64,94.74455451965332,64,94.93563318252563,64,95.20459413528442,64,95.40760350227356,64,95.67678642272949,64,95.953054189682,64,96.15834927558899,64,96.42145323753357,64,96.69661021232605,64,96.96437501907349,64,97.25274538993835,64,97.51457023620605,64,97.77756929397583,64,97.97605276107788,64,98.16679620742798,64,98.47192621231079,64,98.74778652191162,64,99.01998853683472,64,99.22031474113464,64,99.42901396751404,64,99.63180828094482,64,99.89142751693726,64,100.09239935874939,64,100.36697292327881,64,100.57767796516418,64,100.83689427375793,64,101.24873876571655,64,101.510981798172,64,101.78318452835083,64,101.98098349571228,64,102.18321514129639,64,102.44873523712158,64,102.88944029808044,64,103.14960193634033,64,103.57418704032898,64,103.84795379638672,64,104.10422348976135,64,104.35745811462402,64,104.55905532836914,64,104.75734448432922,64,105.03574061393738,64,105.30257558822632,64,105.49833250045776,64,105.7522361278534,64,105.95726561546326,64,106.16120553016663,64,106.36902904510498,64,106.64289665222168,64,106.93698406219482,64,107.20711970329285,64,107.48011660575867,64,107.74407696723938,64,108.01036977767944,64,108.21132969856262,64,108.4714503288269,64,108.89240503311157,64,109.14844799041748,64,109.41690158843994,64,109.68031525611877,64,109.9551362991333,64,110.16107678413391,64,110.4246575832367,64,110.68825006484985,64,110.95817685127258,64,111.15702533721924,64,111.35415053367615,64,111.56146883964539,64,111.993825674057,64,112.4307029247284,64,112.63458204269409,64,112.91290974617004,64,113.1195855140686,64,113.31609082221985,64,113.5739324092865,64,113.88228249549866,64,114.30968284606934,64,114.58273673057556,64,115.02054572105408,64,115.41252732276917,64,115.66666722297668,64,115.86646819114685,64,116.07118034362793,64,116.33122873306274,64,116.5896852016449,64,116.85015892982483,64,117.12776398658752,64,117.38437986373901,64,117.64512634277344,64,117.91247510910034,64,118.33447623252869,64,118.60544776916504,64,118.81259179115295,64,119.0113377571106,64,119.21661257743835,64,119.42272353172302,64,119.63929271697998,64,119.92107105255127,64,120.17931079864502,64,120.45924162864685,64,120.7858874797821,64,120.9979944229126,64,121.20549488067627,64,121.4066972732544,64,121.60806131362915,64,122.04733538627625,64,122.3149356842041,64,122.59028792381287,64,122.78573703765869,64,122.98775362968445,64,123.18388843536377,64,123.46574282646179,64,123.7348530292511,64,124.05479216575623,64,124.31632590293884,64,124.59295773506165,64,124.86256194114685,64,125.07029294967651,64,125.37012076377869,64,125.56778287887573,64,125.83953976631165,64,126.12135648727417,64,126.38956356048584,64,126.58483791351318,64,126.86913967132568,64,127.31656622886658,64,127.51348972320557,64,127.7126944065094,64,128.0458688735962,64,128.3227789402008,64,128.5940821170807,64,128.87810063362122,64,129.14577388763428,64,129.57788252830505,64,129.79652094841003,64,129.99859404563904,64,130.27369594573975,64,130.47876453399658,64,130.77026176452637,64,130.97649335861206,64,131.25072503089905,64,131.52154994010925,64,131.79273223876953,64,131.9907741546631,64,132.201073884964,64,132.4806559085846,64,132.68795657157898,64,132.96211171150208,64,133.1653230190277,64,133.36511540412903,64,133.62116861343384,64,133.88542103767395,64,134.15884709358215,64,134.43161249160767,64,134.6243941783905,64,134.88895773887634,64,135.09126949310303,64,135.2875053882599,64,135.5694978237152,64,135.8747968673706,64,136.25436520576477,64,136.53188705444336,64,136.97138452529907,64,137.24714064598083,64,137.52462649345398,64,137.72231674194336,64,138.00413966178894,64,138.2856090068817,64,138.5650613307953,64,138.90932250022888,64,139.18890619277954,64,139.4721655845642,64,139.75344443321228,64,140.0606427192688,64,140.33770489692688,64,140.53843331336975,64,140.74469876289368,64,141.02956771850586,64,141.23580980300903,64,141.55307030677795,64,141.7565793991089,64,142.0344934463501,64,142.46587085723877,64,142.6678318977356,64,142.87634205818176,64,143.0864610671997,64,143.28850197792053,64,143.4905140399933,64,143.77768754959106,64,144.04624700546265,64,144.4781529903412,64,144.7488398551941,64,145.02524590492249,64,145.30701446533203,64,145.51374650001526,64,145.78826904296875,64,145.98060488700867,64,146.1723244190216,64,146.43905329704285,64,146.63812041282654,64,147.0693290233612,64,147.49447441101074,64,147.75651907920837,64,147.95295453071594,64,148.15837597846985,64,148.591463804245,64,148.86941647529602,64,149.1369686126709,64,149.56851744651794,64,149.84171319007874,64,150.1151831150055,64,150.38799500465393,64,150.65617036819458,64,150.9736876487732,64,151.2498755455017,64,151.5155131816864,64,151.71951866149902,64,151.92048120498657,64,152.19785594940186,64,152.40451860427856,64,152.7112205028534,64,152.99074029922485,64,153.19799184799194,64,153.47538876533508,64,153.68071150779724,64,154.11944890022278,64,154.38905239105225,64,154.65979313850403,64,154.9322292804718,64,155.14024114608765,64,155.4181363582611,64,155.6255578994751,64,155.83665680885315,64,156.0428819656372,64,156.3230812549591,64,156.60535860061646,64,156.8777618408203,64,157.14495086669922,64,157.35331392288208,64,157.62615513801575,64,157.90269207954407,64,158.1836860179901,64,158.37501096725464,64,158.56634759902954,64,158.84849977493286,64,159.1172456741333,64,159.3246591091156,64,159.52584862709045,64,159.73400735855103,64,160.0166039466858,64,160.44190669059753,64,160.7010838985443,64,160.96856212615967,64,161.40128898620605,64,161.6751410961151,64,161.94244766235352,64,162.144957780838,64,162.34525632858276,64,162.5430781841278,64,162.8217899799347,64,163.02823424339294,64,163.23697519302368,64,163.44033694267273,64,163.63702511787415,64,163.91502690315247,64,164.1881721019745,64,164.4563343524933,64,164.73083782196045,64,164.92543005943298,64,165.35192036628723,64,165.55535411834717,64,165.84089732170105,64,166.04659819602966,64,166.3193075656891,64,166.52234411239624,64,166.7296690940857,64,166.92688417434692,64,167.13426280021667,64,167.40637707710266,64,167.6806812286377,64,167.94845700263977,64,168.14476680755615,64,168.570383310318,64,168.82957458496094,64,169.09567141532898,64,169.36927199363708,64,169.63855957984924,64,169.842711687088,64,170.26174354553223,64,170.5264720916748,64,170.94391083717346,64,171.14756417274475,64,171.58316588401794,64,171.77426552772522,64,171.97926712036133,64,172.18293619155884,64,172.38347554206848,64,172.5884690284729,64,172.7963924407959,64,173.1106550693512,64,173.43477630615234,64,173.70211553573608,64,173.9071605205536,64,174.30703163146973,64,174.56734538078308,64,174.83073258399963,64,175.03186535835266,64,175.30588340759277,64,175.7385766506195,64,176.01144909858704,64,176.2076964378357,64,176.481591463089,64,176.741370677948,64,177.17299103736877,64,177.43646478652954,64,177.6301531791687,64,177.92480492591858,64,178.12926721572876,64,178.33143711090088,64,178.60321426391602,64,178.89337944984436,64,179.17313075065613,64,179.44091081619263,64,179.64729642868042,64,179.8445909023285,64,180.1242549419403,64,180.39483785629272,64,180.66535115242004,64,181.0976037979126,64,181.30048179626465,64,181.5733826160431,64,181.8453779220581,64,182.1626319885254,64,182.45794486999512,64,182.6684398651123,64,183.11210989952087,64,183.3812770843506,64,183.64409923553467,64,183.90852785110474,64,184.16811537742615,64,184.42687392234802,64,184.68975567817688,64,184.96127271652222,64,185.1627140045166,64,185.3591570854187,64,185.56106209754944,64,185.7623109817505,64,185.96635127067566,64,186.16307377815247,64,186.36886382102966,64,186.79508781433105,64,187.05243921279907,64,187.31338715553284,64,187.59067726135254,64,187.9164981842041,64,188.18226981163025,64,188.43885469436646,64,188.69186663627625,64,188.95298027992249,64,189.23007154464722,64,189.55368423461914,64,189.82573342323303,64,190.09207344055176,64,190.29018640518188,64,190.5669240951538,64,190.83764505386353,64,191.10744833946228,64,191.30584239959717,64,191.51116919517517,64,191.7714548110962,64,192.0321340560913,64,192.22895765304565,64,192.4964964389801,64,192.82029390335083,64,193.10051488876343,64,193.37713646888733,64,193.58023834228516,64,193.85742735862732,64,194.06438851356506,64,194.50749945640564,64,194.83889269828796,64,195.03701853752136,64,195.31721806526184,64,195.5242087841034,64,195.73248147964478,64,195.93660354614258,64,196.24514961242676,64,196.44957661628723,64,196.72155451774597,64,196.99679040908813,64,197.26792812347412,64,197.473703622818,64,197.75201511383057,64,198.03175282478333,64,198.2391231060028,64,198.44194793701172,64,198.8731713294983,64,199.14832472801208,64,199.4218487739563,64,199.6300106048584,64,199.90330529212952,64,200.0997531414032,64,200.29658341407776,64,200.50137853622437,64,200.78187322616577,64,201.05792713165283,64,201.38902878761292,64,201.82054233551025,64,202.0953242778778,64,202.28981614112854,64,202.5701892375946,64,202.7766888141632,64,202.9869213104248,64,203.2482831478119,64,203.5117118358612,64,203.94690012931824,64,204.22013235092163,64,204.4147789478302,64,204.69199085235596,64,204.89912939071655,64,205.17433428764343,64,205.3721673488617,64,205.56630444526672,64,205.77168917655945,64,206.0465874671936,64,206.47979855537415,64,206.67668342590332,64,206.9367537498474,64,207.2249436378479,64,207.43262124061584,64,207.6358187198639,64,207.84343647956848,64,208.25862836837769,64,208.45495009422302,64,208.64585089683533,64,209.04303789138794,64,209.23762583732605,64,209.52190351486206,64,209.788006067276,64,210.04774618148804,64,210.31046342849731,64,210.51198172569275,64,210.94599723815918,64,211.20410132408142,64,211.61477828025818,64,212.05088186264038,64,212.32807517051697,64,212.63225746154785,64,213.06603860855103,64,213.49961042404175,64,213.76515316963196,64,213.97440028190613,64,214.18400812149048,64,214.39467644691467,64,214.68293976783752,64,214.8853120803833,64,215.16434836387634,64,215.37018299102783,64,215.58147740364075,64,215.77775812149048,64,215.98459124565125,64,216.26082825660706,64,216.65484189987183,64,216.85942435264587,64,217.29495453834534,64,217.72075486183167,64,217.9240643978119,64,218.1810371875763,64,218.45061254501343,64,218.8495330810547,64,219.11571550369263,64,219.54937434196472,64,219.81674695014954,64,220.09014105796814,64,220.36060285568237,64,220.78066873550415,64,220.97129344940186,64,221.25007390975952,64,221.4563672542572,64,221.7289502620697,64,221.98761916160583,64,222.23944520950317,64,222.44266438484192,64,222.76342582702637,64,223.18391799926758,64,223.37543034553528,64,223.6428198814392,64,223.91045022010803,64,224.10769319534302,64,224.31160187721252,64,224.575275182724,64,224.8353271484375,64,225.0882921218872,64,225.2862253189087,64,225.48121094703674,64,225.7422432899475,64,225.93825697898865,64,226.1951003074646,64,226.45184111595154,64,226.89066171646118,64,227.09194564819336,64,227.3638880252838,64,227.6376609802246,64,227.84425950050354,64,228.11483073234558,64,228.3164849281311,64,228.51780223846436,64,228.79228615760803,64,229.0632266998291,64,229.33574891090393,64,229.5292408466339,64,229.71975374221802,64,229.9255063533783,64,230.12756514549255,64,230.3263339996338,64,230.60559272766113,64,230.87375950813293,64,231.29464149475098,64,231.68443512916565,64,231.9521951675415,64,232.23291850090027,64,232.50296545028687,64,232.76295042037964,64,233.18662524223328,64,233.46287655830383,64,233.74340891838074,64,233.94487380981445,64,234.13587093353271,64,234.3388590812683,64,234.6194314956665,64,234.8210849761963,64,235.02042746543884,64,235.30306029319763,64,235.57095384597778,64,235.8405339717865,64,236.1514699459076,64,236.35556411743164,64,236.64212560653687,64,236.84699511528015,64,237.1244626045227,64,237.4034674167633,64,237.67208647727966,64,237.9731936454773,64,238.28399872779846,64,238.56066823005676,64,238.83352994918823,64,239.10422348976135,64,239.37075877189636,64,239.56979489326477,64,239.77220273017883,64,240.05114936828613,64,240.31871485710144,64,240.59355926513672,64,240.9715075492859,64,241.2454400062561,64,241.51801800727844,64,241.78930950164795,64,242.05877351760864,64,242.3347327709198,64,242.61413526535034,64,242.87362027168274,64,243.07587957382202,64,243.35118055343628,64,243.65748143196106,64,244.0909881591797,64,244.29910469055176,64,244.5004210472107,64,244.7768199443817,64,245.03467106819153,64,245.31404948234558,64,245.5915982723236,64,245.86502313613892,64,246.07081294059753,64,246.26958441734314,64,246.56136107444763,64,246.84156823158264,64,247.27953386306763,64,247.5405240058899,64,247.85574960708618,64,248.06388449668884,64,248.5078775882721,64,248.79349303245544,64,249.23320889472961,64,249.5082607269287,64,249.70467615127563,64,249.8955614566803,64,250.09215807914734,64,250.53145289421082,64,250.96201515197754,64,251.2368733882904,64,251.50624656677246,64,251.70821475982666,64,251.91536664962769,64,252.19219374656677,64,252.46143770217896,64,252.65971326828003,64,252.93719911575317,64,253.14544415473938,64,253.46768069267273,64,253.74321365356445,64,253.95012402534485,64,254.22446370124817,64,254.49531960487366,64,254.70346474647522,64,254.98106265068054,64,255.1870927810669,64,255.4491560459137,64,255.772287607193,64,255.9605691432953,64,256.2247290611267,64,256.43599486351013,64,256.6391682624817,64,256.90904927253723,64,257.1835927963257,64,257.61470890045166,64,257.8858859539032,64,258.1644067764282,64,258.43882966041565,64,258.71174573898315,64,258.98117089271545,64,259.25454020500183,64,259.5224645137787,64,259.79307746887207,64,260.228342294693,64,260.6170928478241,64,260.8932340145111,64,261.1945993900299,64,261.3908336162567,64,261.59372448921204,64,261.7919878959656,64,261.99810004234314,64,262.442862033844,64,262.72892808914185,64,262.9918029308319,64,263.1921212673187,64,263.39345145225525,64,263.66211318969727,64,263.8540925979614,64,264.12513542175293,64,264.3931338787079,64,264.6679480075836,64,265.00574111938477,64,265.21438336372375,64,265.5148730278015,64,265.714715719223,64,266.15166330337524,64,266.59412002563477,64,266.92864060401917,64,267.1963698863983,64,267.46219182014465,64,267.66970348358154,64,267.94610476493835,64,268.21741557121277,64,268.42526388168335,64,268.62094593048096,64,268.8224217891693,64,269.0293719768524,64,269.2284393310547,64,269.5028007030487,64,269.77670550346375,64,270.05104422569275,64,270.25547194480896,64,270.56602215766907,64,270.8319914340973,64,271.10380721092224,64,271.36645317077637,64,271.5729069709778,64,272.0141861438751,64,272.28059554100037,64,272.48173689842224,64,272.7565178871155,64,272.95855021476746,64,273.2393081188202,64,273.5086147785187,64,273.701459646225,64,273.9085342884064,64,274.1842930316925,64,274.45414328575134,64,274.7281720638275,64,274.9342918395996,64,275.2129797935486,64,275.52723836898804,64,275.94244837760925,64,276.2358286380768,64,276.5079755783081,64,276.93838715553284,64,277.3326494693756,64,277.7514805793762,64,278.0138177871704,64,278.4577121734619,64,278.7291450500488,64,279.0021114349365,64,279.271507024765,64,279.7032961845398,64,279.9803705215454,64,280.2498309612274,64,280.5223116874695,64,280.95098066329956,64,281.22801327705383,64,281.43385910987854,64,281.6346871852875,64,281.91236639022827,64,282.18110489845276,64,282.4190618991852,64,282.6331901550293,64,282.8921163082123,64,283.1652235984802,64,283.36834836006165,64,283.7995045185089,64,284.22894072532654,64,284.4315264225006,64,284.63167691230774,64,284.9092848300934,64,285.3490135669708,64,285.6536371707916,64,285.85594296455383,64,286.0469090938568,64,286.38499689102173,64,286.6537446975708,64,286.8569645881653,64,287.06571412086487,64,287.2671480178833,64,287.4639050960541,64,287.7881941795349,64,288.09344959259033,64,288.29191279411316,64,288.49277901649475,64,288.69796419143677,64,288.91022515296936,64,289.11208987236023,64,289.3835561275482,64,289.58358240127563,64,289.9301407337189,64,290.35704731941223,64,290.5469262599945,64,290.7455132007599,64,291.0135917663574,64,291.208669424057,64,291.40463638305664,64,291.66327238082886,64,292.0489716529846,64,292.35846495628357,64,292.55673718452454,64,292.7460603713989,64,293.00242495536804,64,293.1972608566284,64,293.3901946544647,64,293.6599328517914,64,293.854740858078,64,294.0435788631439,64,294.3143322467804,64,294.5091645717621,64,294.9352388381958,64,295.13075041770935,64,295.3986644744873,64,295.59217715263367,64,295.8746268749237,64,296.14169812202454,64,296.3382730484009,64,296.54087567329407,64,296.80528116226196,64,297.00427508354187,64,297.4016888141632,64,297.61023330688477,64,297.9253315925598,64,298.1992280483246,64,298.40308380126953,64,298.606303691864,64,298.80785870552063,64,299.0810561180115,64,299.5087249279022,64,299.77219009399414,64,299.96878147125244,64,300.0164451599121
0,random graphs/big_layer/r1.5k12n8/graph0.lgbin,13297,290.9756278991699,53,170,0,84,0.19761180877685547,60,0.7016456127166748,60,1.0446984767913818,56,1.813654899597168,56,2.54746675491333,53,2.886394500732422,53,3.2031564712524414,53,3.926614999771118,53,4.234266996383667,53,4.95144248008728,53,5.261993885040283,53,5.979281902313232,53,6.269820928573608,53,6.578778982162476,53,6.892372131347656,53,7.6072869300842285,53,8.305503606796265,53,8.57833194732666,53,9.322243213653564,53,10.052733898162842,53,10.357288360595703,53,10.684346914291382,53,11.409252405166626,53,11.748735904693604,53,12.052143335342407,53,12.343533992767334,53,12.654561758041382,53,13.371252536773682,53,14.098230123519897,53,14.36222219467163,53,14.666524410247803,53,15.404235124588013,53,15.713441371917725,53,16.020024061203003,53,16.32757806777954,53,17.064087390899658,53,17.379251718521118,53,17.666548013687134,53,17.985145568847656,53,18.7235107421875,53,19.023706674575806,53,19.754478216171265,53,20.055566549301147,53,20.318788766860962,53,20.594692707061768,53,20.89205265045166,53,21.20824694633484,53,21.508760452270508,53,21.82150888442993,53,22.15289282798767,53,22.47904396057129,53,22.78071665763855,53,23.109851121902466,53,23.41766357421875,53,23.751190662384033,53,24.030550003051758,53,24.35568618774414,53,25.092840909957886,53,25.424715042114258,53,25.74264669418335,53,26.059720993041992,53,26.797204971313477,53,27.529640436172485,53,27.841322422027588,53,28.13522434234619,53,28.840837478637695,53,29.554922103881836,53,30.278059005737305,53,30.99675416946411,53,31.71119236946106,53,31.998422145843506,53,32.727720975875854,53,33.03563737869263,53,33.321128845214844,53,34.04162621498108,53,34.752532958984375,53,35.06082820892334,53,35.375895977020264,53,35.6959125995636,53,36.40554928779602,53,37.13187646865845,53,37.84696435928345,53,38.591716051101685,53,38.86411714553833,53,39.58674693107605,53,39.90295147895813,53,40.20828866958618,53,40.52775192260742,53,41.25438475608826,53,41.96909308433533,53,42.68759846687317,53,42.996670961380005,53,43.712260723114014,53,44.4271125793457,53,45.13936734199524,53,45.85573077201843,53,46.59000515937805,53,47.320979833602905,53,48.05693340301514,53,48.783597469329834,53,49.49708294868469,53,49.82460951805115,53,50.54815912246704,53,50.83309054374695,53,51.56466722488403,53,52.28452205657959,53,53.00576066970825,53,53.33277416229248,53,54.07062530517578,53,54.34112477302551,53,55.06505870819092,53,55.806482553482056,53,56.093114376068115,53,56.40005683898926,53,56.662976026535034,53,57.37611651420593,53,57.692975997924805,53,57.99868583679199,53,58.30712890625,53,58.62365508079529,53,58.92216491699219,53,59.21661138534546,53,59.93607807159424,53,60.24257302284241,53,60.57128882408142,53,60.885515213012695,53,61.19489765167236,53,61.49746513366699,53,62.214338541030884,53,62.521371603012085,53,62.811424016952515,53,63.120466232299805,53,63.407681941986084,53,63.695555210113525,53,64.00350975990295,53,64.32240295410156,53,65.03143835067749,53,65.31557774543762,53,66.0428671836853,53,66.7575249671936,53,67.49037027359009,53,68.20711016654968,53,68.51287174224854,53,68.8287844657898,53,69.56397318840027,53,70.30609440803528,53,71.05766439437866,53,71.34926462173462,53,72.09316968917847,53,72.40328049659729,53,72.6870424747467,53,73.40803837776184,53,73.72264504432678,53,74.46252727508545,53,75.19521641731262,53,75.48005437850952,53,75.74662160873413,53,76.46686673164368,53,77.1886637210846,53,77.45892572402954,53,78.19514584541321,53,78.48490476608276,53,78.80600214004517,53,79.0960042476654,53,79.40932106971741,53,79.7257285118103,53,80.03805947303772,53,80.34026312828064,53,80.64072299003601,53,80.94890856742859,53,81.69068336486816,53,81.9772584438324,53,82.31127524375916,53,83.03716778755188,53,83.76883840560913,53,84.49012017250061,53,84.76801061630249,53,85.49948143959045,53,85.79749417304993,53,86.10465621948242,53,86.40492463111877,53,86.71660470962524,53,87.46464347839355,53,88.18949151039124,53,88.92465853691101,53,89.18772912025452,53,89.92736315727234,53,90.23321437835693,53,90.95273113250732,53,91.26221036911011,53,91.57254481315613,53,92.30446863174438,53,92.5995922088623,53,92.89467144012451,53,93.20640349388123,53,93.51289558410645,53,93.8159282207489,53,94.53558874130249,53,94.84549260139465,53,95.12721037864685,53,95.42804384231567,53,95.73915219306946,53,96.06224203109741,53,96.37052416801453,53,96.66832971572876,53,97.38710236549377,53,97.70051622390747,53,98.01042151451111,53,98.31349635124207,53,98.62169814109802,53,98.93233132362366,53,99.66591191291809,53,99.93052887916565,53,100.65651440620422,53,101.37432980537415,53,102.08665776252747,53,102.79966878890991,53,103.51654076576233,53,103.83148622512817,53,104.54212164878845,53,104.859534740448,53,105.17715573310852,53,105.48462724685669,53,105.8009021282196,53,106.51363635063171,53,106.82384061813354,53,107.5478162765503,53,107.85658931732178,53,108.58496165275574,53,108.87943768501282,53,109.60203242301941,53,109.88499331474304,53,110.62036347389221,53,111.34077501296997,53,111.60796999931335,53,112.33962726593018,53,112.64590978622437,53,112.9531614780426,53,113.26313018798828,53,113.96978378295898,53,114.2475266456604,53,114.55469846725464,53,115.2982828617096,53,115.59500479698181,53,116.32567882537842,53,117.06603789329529,53,117.36889266967773,53,118.099933385849,53,118.41406345367432,53,118.70517921447754,53,119.41637635231018,53,120.13513493537903,53,120.42374587059021,53,120.72128343582153,53,120.98355722427368,53,121.28833961486816,53,122.02092266082764,53,122.28142714500427,53,122.58983206748962,53,122.89866995811462,53,123.60594487190247,53,124.3302252292633,53,125.04480385780334,53,125.77695393562317,53,126.51080584526062,53,126.82077169418335,53,127.55063891410828,53,127.86906147003174,53,128.17759490013123,53,128.47429776191711,53,128.785489320755,53,129.51054978370667,53,129.80538725852966,53,130.52246689796448,53,131.27013039588928,53,131.58907914161682,53,131.8851761817932,53,132.20059776306152,53,132.51518535614014,53,132.8320016860962,53,133.1470787525177,53,133.89511489868164,53,134.20307302474976,53,134.51793098449707,53,134.83627796173096,53,135.14782285690308,53,135.45890498161316,53,135.7515811920166,53,136.48075914382935,53,136.78170919418335,53,137.51407647132874,53,138.24282908439636,53,138.97244262695312,53,139.69473266601562,53,139.99607753753662,53,140.71423864364624,53,141.45155811309814,53,142.1735098361969,53,142.89215397834778,53,143.20184350013733,53,143.5142183303833,53,144.22901821136475,53,144.51597809791565,53,145.2231559753418,53,145.53445982933044,53,146.25057864189148,53,146.54279017448425,53,147.26946258544922,53,148.0022430419922,53,148.28214311599731,53,148.57951140403748,53,149.3133783340454,53,150.0334153175354,53,150.75313925743103,53,151.0534360408783,53,151.78083610534668,53,152.5030517578125,53,152.80311131477356,53,153.1003029346466,53,153.82664728164673,53,154.15362334251404,53,154.89398455619812,53,155.63784432411194,53,155.94970154762268,53,156.23271536827087,53,156.51994228363037,53,157.25718545913696,53,157.98527193069458,53,158.69311952590942,53,158.97941946983337,53,159.24267053604126,53,159.5590786933899,53,160.28892636299133,53,160.6119360923767,53,161.3528401851654,53,161.62592005729675,53,161.92196655273438,53,162.64909553527832,53,163.39150834083557,53,164.12347054481506,53,164.4378056526184,53,164.7272913455963,53,165.46374678611755,53,165.78337240219116,53,166.05972743034363,53,166.7879490852356,53,167.08354353904724,53,167.8185052871704,53,168.54425168037415,53,168.86308789253235,53,169.59417629241943,53,169.88096690177917,53,170.60429859161377,53,171.31587433815002,53,172.0277910232544,53,172.7391197681427,53,173.05208611488342,53,173.3654386997223,53,173.7019431591034,53,174.01224398612976,53,174.73211884498596,53,175.45154356956482,53,176.19268560409546,53,176.506530046463,53,177.233393907547,53,177.9674208164215,53,178.6977343559265,53,179.44085121154785,53,180.15126371383667,53,180.4518804550171,53,180.77055954933167,53,181.03321957588196,53,181.3131127357483,53,181.64266324043274,53,182.37471437454224,53,183.10529088974,53,183.4044225215912,53,183.7125916481018,53,184.42082619667053,53,185.14020133018494,53,185.8777358531952,53,186.59911584854126,53,186.9115753173828,53,187.630699634552,53,188.36067748069763,53,188.6614489555359,53,188.98102045059204,53,189.289475440979,53,190.03079104423523,53,190.77646207809448,53,191.0862865447998,53,191.39695596694946,53,192.11374831199646,53,192.8355050086975,53,193.104416847229,53,193.83436703681946,53,194.14628171920776,53,194.85557198524475,53,195.57442903518677,53,195.8908166885376,53,196.19524717330933,53,196.5126564502716,53,197.23369598388672,53,197.54010272026062,53,197.80467414855957,53,198.5381498336792,53,198.8285527229309,53,199.55757093429565,53,199.86511397361755,53,200.17706298828125,53,200.8938500881195,53,201.20323657989502,53,201.4627866744995,53,201.7805449962616,53,202.49083995819092,53,203.20875072479248,53,203.5294222831726,53,204.25706839561462,53,204.56698417663574,53,205.2907190322876,53,205.64223432540894,53,206.36909198760986,53,206.67176270484924,53,207.4117090702057,53,207.74361777305603,53,208.0476438999176,53,208.33951258659363,53,208.6500437259674,53,208.97428798675537,53,209.7091760635376,53,210.00861930847168,53,210.33251476287842,53,210.65084195137024,53,211.3729658126831,53,211.6596074104309,53,211.96425676345825,53,212.27104449272156,53,212.56878066062927,53,212.87185215950012,53,213.1959936618805,53,213.5437204837799,53,214.29657816886902,53,214.61675572395325,53,214.90139484405518,53,215.2233669757843,53,215.52472281455994,53,215.8424355983734,53,216.1625075340271,53,216.47071409225464,53,217.2059772014618,53,217.49447798728943,53,217.78887343406677,53,218.05205035209656,53,218.77410745620728,53,219.50213027000427,53,220.2361376285553,53,220.54654359817505,53,220.82986187934875,53,221.1545386314392,53,221.47508835792542,53,221.7966170310974,53,222.1116144657135,53,222.8452606201172,53,223.56808519363403,53,224.30564546585083,53,224.658766746521,53,225.36770462989807,53,225.6625497341156,53,225.9573094844818,53,226.26698303222656,53,226.57615447044373,53,227.30394792556763,53,228.0182671546936,53,228.32432293891907,53,228.63964676856995,53,228.94226956367493,53,229.26283526420593,53,229.5739459991455,53,230.28863739967346,53,230.60674810409546,53,231.32202625274658,53,232.0416440963745,53,232.30841302871704,53,232.6238672733307,53,233.36081075668335,53,234.10499334335327,53,234.420725107193,53,234.7148175239563,53,235.43604016304016,53,235.73386192321777,53,236.46288514137268,53,237.17113947868347,53,237.5141384601593,53,238.24814009666443,53,238.9822554588318,53,239.71217679977417,53,240.42643785476685,53,240.7493028640747,53,241.46845865249634,53,241.7862524986267,53,242.50597834587097,53,243.23989510536194,53,243.5591971874237,53,244.2855508327484,53,244.59981274604797,53,245.31710863113403,53,246.02523970603943,53,246.73905849456787,53,247.0501139163971,53,247.36842036247253,53,247.65142917633057,53,247.96410965919495,53,248.2730269432068,53,248.56664848327637,53,248.8584578037262,53,249.58417129516602,53,250.29533123970032,53,250.61152815818787,53,250.9182403087616,53,251.66345310211182,53,251.96563720703125,53,252.6812927722931,53,253.40603971481323,53,254.11794567108154,53,254.82649850845337,53,255.13502144813538,53,255.8613476753235,53,256.5915176868439,53,257.316130399704,53,258.0453939437866,53,258.767294883728,53,259.47988510131836,53,260.199401140213,53,260.51412892341614,53,260.7986295223236,53,261.08815145492554,53,261.80202436447144,53,262.10894989967346,53,262.417760848999,53,263.131596326828,53,263.4270794391632,53,263.73652172088623,53,264.47082328796387,53,264.79849553108215,53,265.0620470046997,53,265.3569531440735,53,266.08280873298645,53,266.3817551136017,53,267.10999608039856,53,267.84598422050476,53,268.5713543891907,53,269.29803705215454,53,270.0239887237549,53,270.3470277786255,53,270.63060569763184,53,271.3582344055176,53,272.0796253681183,53,272.81254529953003,53,273.12573289871216,53,273.3830773830414,53,274.1021499633789,53,274.41231513023376,53,275.1377568244934,53,275.8671865463257,53,276.1617956161499,53,276.8986084461212,53,277.21623730659485,53,277.94031143188477,53,278.2555465698242,53,278.5764741897583,53,279.28890204429626,53,280.0127785205841,53,280.7408881187439,53,281.04138946533203,53,281.34948444366455,53,282.068576335907,53,282.3352098464966,53,283.04149079322815,53,283.77000522613525,53,284.0731883049011,53,284.37433409690857,53,284.6843259334564,53,284.99942684173584,53,285.28867959976196,53,285.5878326892853,53,286.311909198761,53,286.6249921321869,53,287.34989500045776,53,287.6478714942932,53,287.9431486129761,53,288.2627284526825,53,288.9896914958954,53,289.25849318504333,53,289.5461165904999,53,289.8531930446625,53,290.5893495082855,53,291.31318283081055,53,292.03726530075073,53,292.3459312915802,53,293.0620050430298,53,293.76557445526123,53,294.06806206703186,53,294.79647421836853,53,295.08864092826843,53,295.39696311950684,53,296.10994839668274,53,296.41843724250793,53,296.7180061340332,53,297.0256018638611,53,297.34439516067505,53,298.0689480304718,53,298.3761420249939,53,298.66694927215576,53,298.9752244949341,53,299.28883695602417,53,299.604971408844,53,299.90956830978394,53,300.0337219238281
1,random graphs/big_layer/r1.5k12n8/graph1.lgbin,13297,290.41630697250366,61,146,0,69,0.47341132164001465,61,0.9507491588592529,61,1.2831432819366455,61,1.7328567504882812,61,2.160043239593506,61,2.4987168312072754,61,2.844616174697876,61,3.2928144931793213,61,3.6518967151641846,61,4.091684341430664,61,4.514712572097778,61,4.967749118804932,61,5.420335292816162,61,5.852428436279297,61,6.193170070648193,61,6.63635778427124,61,7.071756839752197,61,7.507294178009033,61,7.938919305801392,61,8.375656127929688,61,8.826475381851196,61,9.171807765960693,61,9.629143238067627,61,9.951490640640259,61,10.392103672027588,61,10.712849378585815,61,11.043792963027954,61,11.469289064407349,61,11.750563621520996,61,12.153993129730225,61,12.573214530944824,61,12.992618322372437,61,13.420197010040283,61,13.839659929275513,61,14.262508392333984,61,14.689729452133179,61,14.97536325454712,61,15.304639101028442,61,15.748240947723389,61,16.04279088973999,61,16.354954719543457,61,16.682588577270508,61,16.98273777961731,61,17.38654351234436,61,17.819028615951538,61,18.16098427772522,61,18.587554693222046,61,18.86999750137329,61,19.288644313812256,61,19.71965527534485,61,19.997867345809937,61,20.33420205116272,61,20.61721158027649,61,20.899048328399658,61,21.333867073059082,61,21.65088963508606,61,21.969913005828857,61,22.288159132003784,61,22.56947684288025,61,22.902711391448975,61,23.220355987548828,61,23.661540985107422,61,23.99310803413391,61,24.30917000770569,61,24.628466844558716,61,25.03088879585266,61,25.321240663528442,61,25.73849105834961,61,26.166104555130005,61,26.483518838882446,61,26.81894540786743,61,27.238017559051514,61,27.664796352386475,61,27.97950053215027,61,28.312617540359497,61,28.634702682495117,61,29.075998067855835,61,29.423173427581787,61,29.744333505630493,61,30.18233036994934,61,30.505271434783936,61,30.950795650482178,61,31.389724016189575,61,31.67660927772522,61,32.12011003494263,61,32.44961380958557,61,32.88818359375,61,33.23844528198242,61,33.56947135925293,61,33.9082612991333,61,34.25133943557739,61,34.59454822540283,61,35.02591347694397,61,35.46267366409302,61,35.79746961593628,61,36.11900615692139,61,36.44936227798462,61,36.77062392234802,61,37.21383571624756,61,37.65310525894165,61,37.990214109420776,61,38.27693223953247,61,38.61404466629028,61,39.025877475738525,61,39.34802222251892,61,39.75026988983154,61,40.152135133743286,61,40.483988523483276,61,40.906044721603394,61,41.238412618637085,61,41.54886078834534,61,41.97981333732605,61,42.31116056442261,61,42.61017155647278,61,43.044591665267944,61,43.382400035858154,61,43.81289839744568,61,44.24571943283081,61,44.567524671554565,61,44.902040004730225,61,45.23346734046936,61,45.55376100540161,61,45.87825059890747,61,46.28954601287842,61,46.719411849975586,61,47.00927662849426,61,47.433719635009766,61,47.85280394554138,61,48.269028425216675,61,48.590035915374756,61,48.90339231491089,61,49.2370662689209,61,49.55792498588562,61,49.981024503707886,61,50.40401029586792,61,50.84284329414368,61,51.267266511917114,61,51.600484132766724,61,52.014646768569946,61,52.44492959976196,61,52.76598310470581,61,53.08485746383667,61,53.500003814697266,61,53.83345699310303,61,54.15350818634033,61,54.45582938194275,61,54.877421140670776,61,55.19040608406067,61,55.471638202667236,61,55.805681467056274,61,56.2282440662384,61,56.549699544906616,61,56.88386106491089,61,57.20315456390381,61,57.52430582046509,61,57.859286308288574,61,58.289490938186646,61,58.61114311218262,61,58.92510533332825,61,59.3561429977417,61,59.688570737838745,61,59.98347210884094,61,60.32579517364502,61,60.765201807022095,61,61.08752655982971,61,61.38121223449707,61,61.807297468185425,61,62.09189176559448,61,62.53140377998352,61,62.82155203819275,61,63.273789405822754,61,63.69173741340637,61,64.02657055854797,61,64.31317901611328,61,64.74236297607422,61,65.16370463371277,61,65.58477640151978,61,66.03089213371277,61,66.3590247631073,61,66.79472017288208,61,67.21551251411438,61,67.56591534614563,61,67.89114260673523,61,68.33831405639648,61,68.77831077575684,61,69.19617772102356,61,69.53049778938293,61,69.86297369003296,61,70.18354630470276,61,70.51874017715454,61,70.94837832450867,61,71.26699018478394,61,71.60205101966858,61,71.93242168426514,61,72.2699282169342,61,72.58744239807129,61,73.02403092384338,61,73.44414949417114,61,73.77348852157593,61,74.08263850212097,61,74.40553998947144,61,74.72271823883057,61,75.00784611701965,61,75.33313775062561,61,75.77333235740662,61,76.10983157157898,61,76.53167080879211,61,76.8456654548645,61,77.27384829521179,61,77.70174646377563,61,78.04500007629395,61,78.3721091747284,61,78.79408407211304,61,79.23949813842773,61,79.58060646057129,61,79.8769142627716,61,80.31064319610596,61,80.75562191009521,61,81.17846322059631,61,81.63599896430969,61,82.0752100944519,61,82.50867414474487,61,82.9648802280426,61,83.30219411849976,61,83.6247763633728,61,83.96565103530884,61,84.3146059513092,61,84.63698983192444,61,85.05945801734924,61,85.48802971839905,61,85.93342661857605,61,86.35729503631592,61,86.78777813911438,61,87.22285842895508,61,87.6788182258606,61,88.11418890953064,61,88.40417385101318,61,88.84445309638977,61,89.27603244781494,61,89.60729932785034,61,89.89340662956238,61,90.3162829875946,61,90.66039156913757,61,91.09889507293701,61,91.54046845436096,61,91.87153625488281,61,92.32438015937805,61,92.7662615776062,61,93.10084128379822,61,93.52490305900574,61,93.94867515563965,61,94.37828588485718,61,94.66094136238098,61,95.08112835884094,61,95.39162182807922,61,95.71851706504822,61,96.14437985420227,61,96.45888900756836,61,96.88958406448364,61,97.22303819656372,61,97.55868291854858,61,97.88092088699341,61,98.19886517524719,61,98.51412153244019,61,98.95328783988953,61,99.4092755317688,61,99.83064985275269,61,100.27553820610046,61,100.72417426109314,61,101.05660200119019,61,101.388747215271,61,101.80058002471924,61,102.11047720909119,61,102.56992888450623,61,103.03094124794006,61,103.45852661132812,61,103.90063214302063,61,104.18542647361755,61,104.5070288181305,61,104.79242825508118,61,105.13446092605591,61,105.4250419139862,61,105.75856375694275,61,106.09322500228882,61,106.51887917518616,61,106.98147130012512,61,107.32045316696167,61,107.67237854003906,61,107.9863646030426,61,108.31215691566467,61,108.73537826538086,61,109.1782341003418,61,109.50683259963989,61,109.82899451255798,61,110.11458349227905,61,110.44886922836304,61,110.77508234977722,61,111.1225574016571,61,111.41017174720764,61,111.72658801078796,61,112.16595673561096,61,112.48741412162781,61,112.90226531028748,61,113.33493876457214,61,113.65319538116455,61,113.9772458076477,61,114.39929938316345,61,114.81866264343262,61,115.15003514289856,61,115.60043430328369,61,116.0344123840332,61,116.4923210144043,61,116.83277654647827,61,117.16076874732971,61,117.44585251808167,61,117.77663516998291,61,118.21920895576477,61,118.527841091156,61,118.98627614974976,61,119.40713310241699,61,119.83839273452759,61,120.13393521308899,61,120.54413294792175,61,120.98963451385498,61,121.34861326217651,61,121.68418908119202,61,122.02350902557373,61,122.47705388069153,61,122.8173840045929,61,123.15321922302246,61,123.44829940795898,61,123.78606057167053,61,124.21963477134705,61,124.56187415122986,61,124.99589943885803,61,125.42030048370361,61,125.85507249832153,61,126.28688883781433,61,126.7223653793335,61,127.14717817306519,61,127.46627759933472,61,127.7957558631897,61,128.2342507839203,61,128.65016078948975,61,128.97315001487732,61,129.40337705612183,61,129.70682334899902,61,130.1384060382843,61,130.57887411117554,61,131.0187418460846,61,131.3535807132721,61,131.67266964912415,61,131.9997501373291,61,132.42800903320312,61,132.76696515083313,61,133.09858345985413,61,133.43194246292114,61,133.76879334449768,61,134.19737648963928,61,134.48921632766724,61,134.90424871444702,61,135.33261632919312,61,135.75141167640686,61,136.18086433410645,61,136.51900267601013,61,136.9717514514923,61,137.4234356880188,61,137.75990986824036,61,138.207941532135,61,138.54488015174866,61,138.87178874015808,61,139.20391201972961,61,139.54420518875122,61,139.82278108596802,61,140.25953722000122,61,140.54623866081238,61,140.87932753562927,61,141.3252453804016,61,141.65827989578247,61,141.98381805419922,61,142.42654299736023,61,142.7467384338379,61,143.06627774238586,61,143.49266242980957,61,143.77896308898926,61,144.1138949394226,61,144.54110288619995,61,144.9573574066162,61,145.41403603553772,61,145.82886815071106,61,146.2529730796814,61,146.5303406715393,61,146.94110131263733,61,147.38658380508423,61,147.8354094028473,61,148.12873101234436,61,148.56532621383667,61,148.98643469810486,61,149.43692922592163,61,149.7699384689331,61,150.0625126361847,61,150.39079976081848,61,150.82449507713318,61,151.16743326187134,61,151.51046681404114,61,151.7948989868164,61,152.2435941696167,61,152.5736119747162,61,152.90818333625793,61,153.3442313671112,61,153.67616081237793,61,153.99684810638428,61,154.3239665031433,61,154.66173386573792,61,154.9954264163971,61,155.44202423095703,61,155.80080223083496,61,156.13412237167358,61,156.57422065734863,61,157.0033314228058,61,157.3384244441986,61,157.65645027160645,61,158.08484029769897,61,158.51528120040894,61,158.83490133285522,61,159.15243244171143,61,159.5994668006897,61,159.91737413406372,61,160.33897233009338,61,160.67421650886536,61,161.00666117668152,61,161.4333155155182,61,161.71577787399292,61,162.14204692840576,61,162.55622839927673,61,163.0089819431305,61,163.29619002342224,61,163.62205362319946,61,164.05393624305725,61,164.40474033355713,61,164.7538197040558,61,165.10311460494995,61,165.42256116867065,61,165.85862851142883,61,166.30005931854248,61,166.59205532073975,61,166.92127871513367,61,167.33737564086914,61,167.67806148529053,61,168.0309338569641,61,168.46846342086792,61,168.809508562088,61,169.13434767723083,61,169.5854868888855,61,169.92185378074646,61,170.26160764694214,61,170.5956962108612,61,171.01491951942444,61,171.3505504131317,61,171.6903760433197,61,171.98286628723145,61,172.43634557724,61,172.72440147399902,61,173.16152358055115,61,173.4420042037964,61,173.77453684806824,61,174.05277729034424,61,174.48323225975037,61,174.81725239753723,61,175.1519753932953,61,175.57156682014465,61,175.91171884536743,61,176.23862433433533,61,176.6759934425354,61,177.09772324562073,61,177.43379592895508,61,177.86427688598633,61,178.30789375305176,61,178.65455389022827,61,178.97239017486572,61,179.3137240409851,61,179.60049533843994,61,180.04082798957825,61,180.46924376487732,61,180.7555160522461,61,181.08991146087646,61,181.51518940925598,61,181.9333348274231,61,182.37241435050964,61,182.7968897819519,61,183.23599004745483,61,183.6510033607483,61,184.0712444782257,61,184.49346661567688,61,184.81631088256836,61,185.23737955093384,61,185.6436779499054,61,185.92619585990906,61,186.33433079719543,61,186.76149129867554,61,187.1802294254303,61,187.60696625709534,61,187.9227101802826,61,188.23319053649902,61,188.57250666618347,61,188.85007166862488,61,189.16969347000122,61,189.59199905395508,61,190.0050971508026,61,190.42705249786377,61,190.84776329994202,61,191.27172684669495,61,191.58539414405823,61,191.8998532295227,61,192.32049894332886,61,192.65440201759338,61,193.08202290534973,61,193.52169966697693,61,193.84023594856262,61,194.26392316818237,61,194.68307781219482,61,195.00735759735107,61,195.44220900535583,61,195.8693826198578,61,196.20164012908936,61,196.63002514839172,61,196.9099190235138,61,197.23174333572388,61,197.51416420936584,61,197.92702555656433,61,198.3536078929901,61,198.6700417995453,61,199.09817838668823,61,199.39092874526978,61,199.74064445495605,61,200.0299882888794,61,200.43900108337402,61,200.77126121520996,61,201.1048812866211,61,201.44561910629272,61,201.88866782188416,61,202.22241234779358,61,202.6636860370636,61,202.9454939365387,61,203.23388051986694,61,203.66771364212036,61,204.00112652778625,61,204.31796836853027,61,204.7389612197876,61,205.01972031593323,61,205.4429919719696,61,205.87082505226135,61,206.2955551147461,61,206.60215544700623,61,206.88438773155212,61,207.31194162368774,61,207.65241646766663,61,207.97057175636292,61,208.40429377555847,61,208.6797902584076,61,208.9995894432068,61,209.43122744560242,61,209.76415991783142,61,210.18975853919983,61,210.50785851478577,61,210.9427616596222,61,211.37147545814514,61,211.70139241218567,61,212.13577342033386,61,212.5700328350067,61,212.9944097995758,61,213.41134476661682,61,213.75965762138367,61,214.17291712760925,61,214.46129822731018,61,214.88745641708374,61,215.2162802219391,61,215.63832187652588,61,216.0413167476654,61,216.34212589263916,61,216.62719058990479,61,216.9069709777832,61,217.22261452674866,61,217.64913892745972,61,218.0729808807373,61,218.50366973876953,61,218.80295658111572,61,219.13026332855225,61,219.5606553554535,61,219.89289236068726,61,220.31118631362915,61,220.73623275756836,61,221.1602373123169,61,221.5906744003296,61,221.91397619247437,61,222.3303461074829,61,222.76193833351135,61,223.04098653793335,61,223.46326208114624,61,223.86747860908508,61,224.1783971786499,61,224.51549553871155,61,224.82413148880005,61,225.2582437992096,61,225.66947197914124,61,226.00687193870544,61,226.34508776664734,61,226.63972997665405,61,227.07656383514404,61,227.51759243011475,61,227.88058185577393,61,228.21482610702515,61,228.54799151420593,61,228.88224387168884,61,229.21290469169617,61,229.54590725898743,61,229.96555948257446,61,230.38757228851318,61,230.819584608078,61,231.14526343345642,61,231.47293758392334,61,231.90469312667847,61,232.33755588531494,61,232.76654410362244,61,233.21248960494995,61,233.64482951164246,61,233.99301266670227,61,234.42901039123535,61,234.71645140647888,61,235.0714704990387,61,235.41004920005798,61,235.70425152778625,61,236.14951944351196,61,236.49060988426208,61,236.81877875328064,61,237.1141197681427,61,237.53819680213928,61,237.98610281944275,61,238.31732082366943,61,238.6464684009552,61,239.08834505081177,61,239.42386412620544,61,239.84343695640564,61,240.265398979187,61,240.5766053199768,61,240.9133837223053,61,241.35478591918945,61,241.79467749595642,61,242.2342586517334,61,242.5669550895691,61,242.8801975250244,61,243.19814252853394,61,243.62493062019348,61,244.0336012840271,61,244.45011377334595,61,244.88610744476318,61,245.16986751556396,61,245.58751964569092,61,245.90748476982117,61,246.34058594703674,61,246.62636947631836,61,247.06454467773438,61,247.40409994125366,61,247.74039769172668,61,248.15152597427368,61,248.4997992515564,61,248.79377436637878,61,249.2082781791687,61,249.5410885810852,61,249.87287163734436,61,250.21404385566711,61,250.63744378089905,61,250.98369812965393,61,251.41045928001404,61,251.69879007339478,61,252.01797032356262,61,252.33499765396118,61,252.75767302513123,61,253.19391560554504,61,253.5138053894043,61,253.93662881851196,61,254.37793064117432,61,254.80062627792358,61,255.12213730812073,61,255.56478309631348,61,256.005243062973,61,256.3314826488495,61,256.73701453208923,61,257.1629855632782,61,257.5704617500305,61,257.88952374458313,61,258.29465532302856,61,258.71075916290283,61,259.06174492836,61,259.37829661369324,61,259.7036681175232,61,260.0208442211151,61,260.4384415149689,61,260.76123785972595,61,261.20848751068115,61,261.5451238155365,61,261.96000051498413,61,262.3917016983032,61,262.6849808692932,61,263.11197304725647,61,263.4315011501312,61,263.78193402290344,61,264.1101624965668,61,264.4274892807007,61,264.71339225769043,61,265.1368918418884,61,265.4703688621521,61,265.89541268348694,61,266.31727409362793,61,266.73594212532043,61,267.03009963035583,61,267.4578504562378,61,267.7797884941101,61,268.10022020339966,61,268.52232789993286,61,268.95071148872375,61,269.2707214355469,61,269.6977000236511,61,270.00160002708435,61,270.32308650016785,61,270.75553607940674,61,271.1723325252533,61,271.48856139183044,61,271.8122341632843,61,272.1350796222687,61,272.57416462898254,61,272.891401052475,61,273.2136559486389,61,273.5432982444763,61,273.97564363479614,61,274.309369802475,61,274.6354489326477,61,275.04621863365173,61,275.45304799079895,61,275.7651352882385,61,276.0974659919739,61,276.3811864852905,61,276.68658900260925,61,277.135249376297,61,277.4661557674408,61,277.79800629615784,61,278.130859375,61,278.4632422924042,61,278.77108359336853,61,279.0984125137329,61,279.39566588401794,61,279.8308355808258,61,280.1274149417877,61,280.41711163520813,61,280.83122754096985,61,281.11359167099,61,281.42931938171387,61,281.7662341594696,61,282.10594058036804,61,282.4396028518677,61,282.780695438385,61,283.20201992988586,61,283.5014069080353,61,283.79264068603516,61,284.139271736145,61,284.5907151699066,61,284.873975276947,61,285.1961555480957,61,285.64289903640747,61,285.9800350666046,61,286.3095145225525,61,286.6314527988434,61,287.0755009651184,61,287.40801334381104,61,287.7368161678314,61,288.1683611869812,61,288.4604687690735,61,288.90769815444946,61,289.3510687351227,61,289.78530263900757,61,290.1158015727997,61,290.54229283332825,61,290.8868176937103,61,291.18713426589966,61,291.521208524704,61,291.9399473667145,61,292.38556122779846,61,292.6724236011505,61,293.0900022983551,61,293.5108964443207,61,293.9497594833374,61,294.3823971748352,61,294.7088303565979,61,295.1501359939575,61,295.49963092803955,61,295.85162019729614,61,296.27033495903015,61,296.69965529441833,61,297.02168798446655,61,297.332567691803,61,297.6676301956177,61,297.9878590106964,61,298.27576899528503,61,298.71391320228577,61,299.13247990608215,61,299.5505974292755,61,299.86867237091064,61,300.0162777900696
2,random graphs/big_layer/r1.5k12n8/graph2.lgbin,13297,297.8832437992096,39,109,0,50,0.37310099601745605,49,0.7581589221954346,39,1.062300682067871,39,3.5424938201904297,39,3.823406219482422,39,6.180016994476318,39,6.46371603012085,39,6.753984689712524,39,9.102672338485718,39,11.453150272369385,39,11.735748529434204,39,14.057976245880127,39,14.41597032546997,39,16.767217874526978,39,19.110302209854126,39,19.545835494995117,39,21.882933616638184,39,22.301954746246338,39,24.615309715270996,39,26.98452401161194,39,29.32499361038208,39,31.680157899856567,39,31.954144716262817,39,32.23882842063904,39,32.52804088592529,39,34.863946199417114,39,35.16707181930542,39,37.54535222053528,39,37.84283208847046,39,38.143139123916626,39,40.48809838294983,39,40.7751829624176,39,41.05425715446472,39,41.40020489692688,39,43.74751257896423,39,46.102004051208496,39,48.43830847740173,39,48.7713885307312,39,49.11874032020569,39,51.48979139328003,39,51.83449196815491,39,52.115856409072876,39,54.43578481674194,39,54.76539397239685,39,57.11257863044739,39,59.45347809791565,39,61.793503761291504,39,62.072843074798584,39,64.41281294822693,39,64.69698739051819,39,65.1100263595581,39,67.43802881240845,39,69.7818717956543,39,70.0598828792572,39,72.4067952632904,39,74.89527535438538,39,75.18905067443848,39,75.47704362869263,39,77.81607604026794,39,80.1646556854248,39,80.45271492004395,39,82.78898358345032,39,83.08519053459167,39,85.44046235084534,39,85.72825646400452,39,88.08327293395996,39,90.4517867565155,39,92.92718243598938,39,95.26337885856628,39,95.55316185951233,39,95.90976619720459,39,96.18703246116638,39,96.46750068664551,39,96.76315546035767,39,99.12847661972046,39,99.42781448364258,39,99.78528785705566,39,102.12695717811584,39,104.46228218078613,39,104.76754641532898,39,105.10966229438782,39,107.46034669876099,39,107.75155591964722,39,108.05734586715698,39,110.42718505859375,39,112.78105735778809,39,113.07255554199219,39,113.37554478645325,39,113.67775321006775,39,116.01016688346863,39,116.30110788345337,39,118.64367198944092,39,118.9973816871643,39,119.29061627388,39,121.64637565612793,39,121.98699927330017,39,122.2850935459137,39,122.58961462974548,39,122.93392777442932,39,125.31537866592407,39,125.61493420600891,39,127.97811460494995,39,128.33442735671997,39,130.6958827972412,39,130.99018573760986,39,131.34288811683655,39,133.6894872188568,39,136.01953077316284,39,136.29383540153503,39,138.64977192878723,39,138.92960667610168,39,139.21721768379211,39,141.58163452148438,39,144.04924702644348,39,146.36269998550415,39,148.7204339504242,39,149.012925863266,39,149.31105875968933,39,149.58634877204895,39,151.9392876625061,39,152.21329045295715,39,154.54748606681824,39,154.96618843078613,39,157.31636667251587,39,157.6593337059021,39,160.02593684196472,39,162.3829860687256,39,164.74642992019653,39,167.09595847129822,39,169.4190034866333,39,169.71167516708374,39,172.05506420135498,39,172.336731672287,39,172.6102430820465,39,172.92193365097046,39,173.22336840629578,39,175.55486631393433,39,178.05546283721924,39,180.4204385280609,39,182.7997395992279,39,183.14336943626404,39,183.42104125022888,39,183.7236623764038,39,184.0018904209137,39,184.28561902046204,39,184.5884177684784,39,186.95049738883972,39,189.30018782615662,39,189.59174919128418,39,191.93898129463196,39,192.2410864830017,39,192.57349228858948,39,194.91788601875305,39,195.20305180549622,39,197.53808546066284,39,199.87838196754456,39,202.20649099349976,39,204.5744023323059,39,204.87181949615479,39,205.2419273853302,39,207.59859800338745,39,207.8960144519806,39,208.25371932983398,39,208.54458045959473,39,210.91673517227173,39,213.28370761871338,39,213.55884528160095,39,213.843101978302,39,216.15179872512817,39,216.49662733078003,39,216.78887128829956,39,217.08853888511658,39,219.44749426841736,39,221.79150891304016,39,224.17069840431213,39,224.47377920150757,39,224.76683831214905,39,225.06695342063904,39,227.44358611106873,39,227.71846175193787,39,228.13546466827393,39,228.47793626785278,39,230.80856680870056,39,231.0887472629547,39,233.46736788749695,39,235.83561158180237,39,236.13895916938782,39,238.48482275009155,39,240.83155131340027,39,243.18344950675964,39,243.48207926750183,39,245.8276925086975,39,248.18203210830688,39,248.46797800064087,39,250.8167164325714,39,253.1678285598755,39,253.45652437210083,39,255.7956521511078,39,258.15485286712646,39,258.58265948295593,39,258.8658790588379,39,259.1484794616699,39,261.50012016296387,39,263.83965039253235,39,266.20659589767456,39,266.5085084438324,39,266.8004002571106,39,269.12422728538513,39,269.39805269241333,39,269.6885085105896,39,270.03798723220825,39,272.3837275505066,39,274.7383551597595,39,277.1012783050537,39,277.4045350551605,39,277.7027864456177,39,278.02766585350037,39,278.3833432197571,39,278.6788890361786,39,281.033451795578,39,281.3819172382355,39,283.7408721446991,39,284.0398108959198,39,284.38699078559875,39,284.68285751342773,39,284.986857175827,39,287.32392168045044,39,287.7527847290039,39,288.03359293937683,39,290.392817735672,39,292.7013900279999,39,293.00222992897034,39,293.30382084846497,39,295.7735688686371,39,298.1379508972168,39,298.4404706954956,39,298.78439235687256,39,299.0864300727844,39,299.37488293647766,39,300.91011810302734
3,random graphs/big_layer/r1.5k12n8/graph3.lgbin,13297,293.57342624664307,65,146,0,69,0.4387509822845459,65,1.3287153244018555,65,1.6041619777679443,65,1.892254114151001,65,2.6854100227355957,65,2.96229887008667,65,3.2275097370147705,65,4.023479461669922,65,4.2962305545806885,65,5.108669996261597,65,5.388086318969727,65,6.2179954051971436,65,7.02662467956543,65,7.321941375732422,65,8.14531683921814,65,8.411659002304077,65,8.702373504638672,65,9.539381980895996,65,9.998173713684082,65,10.361805438995361,65,10.698522567749023,65,10.987101554870605,65,11.246997356414795,65,11.52146315574646,65,11.811431169509888,65,12.08609652519226,65,12.914867639541626,65,13.178740739822388,65,13.420904159545898,65,13.69013786315918,65,13.954207181930542,65,14.77751874923706,65,15.22985053062439,65,15.510329008102417,65,16.326789140701294,65,16.581666231155396,65,17.399160146713257,65,18.207951545715332,65,18.579482316970825,65,19.390108108520508,65,20.199474334716797,65,20.485809087753296,65,21.28396701812744,65,21.559305429458618,65,22.378260135650635,65,23.176458597183228,65,23.511114358901978,65,23.796854257583618,65,24.617924451828003,65,24.898661136627197,65,25.713383674621582,65,25.99072766304016,65,26.26251983642578,65,27.073124647140503,65,27.35550832748413,65,28.147466897964478,65,28.9596426486969,65,29.768800973892212,65,30.578034162521362,65,31.398385286331177,65,32.18536448478699,65,32.99836301803589,65,33.358988761901855,65,34.1755530834198,65,34.98046565055847,65,35.261587381362915,65,35.51245045661926,65,35.7888708114624,65,36.04677057266235,65,36.88070225715637,65,37.695555210113525,65,37.978410482406616,65,38.799450397491455,65,39.63789772987366,65,39.90026903152466,65,40.7213089466095,65,41.55795741081238,65,42.38345217704773,65,43.20586180686951,65,43.49127197265625,65,43.734692335128784,65,44.00588250160217,65,44.80815601348877,65,45.61378192901611,65,45.91742157936096,65,46.18636989593506,65,46.479671239852905,65,46.76097393035889,65,47.58189249038696,65,48.40685534477234,65,48.69090461730957,65,48.97464871406555,65,49.2560510635376,65,49.548335313797,65,50.370407581329346,65,50.662875175476074,65,51.485198736190796,65,52.31200671195984,65,52.60536074638367,65,52.88803815841675,65,53.16841793060303,65,54.00153827667236,65,54.28248929977417,65,54.5631959438324,65,55.386903285980225,65,56.19655179977417,65,56.47784781455994,65,56.768961668014526,65,57.039045572280884,65,57.84226942062378,65,58.63300442695618,65,59.42434287071228,65,60.21644854545593,65,60.49342465400696,65,60.841779947280884,65,61.13345217704773,65,61.94550800323486,65,62.752636432647705,65,63.036625146865845,65,63.28024697303772,65,64.10145974159241,65,64.42852115631104,65,65.24710726737976,65,66.06409168243408,65,66.3532919883728,65,66.63101291656494,65,66.90240478515625,65,67.24779748916626,65,68.03922700881958,65,68.3279914855957,65,68.58804488182068,65,68.85647630691528,65,69.66270351409912,65,69.91455364227295,65,70.69564199447632,65,70.93500351905823,65,71.72306227684021,65,71.99989032745361,65,72.27585864067078,65,73.09962201118469,65,73.5448579788208,65,73.82828903198242,65,74.09797692298889,65,74.34704327583313,65,75.16580843925476,65,75.44645071029663,65,75.7147388458252,65,76.07062339782715,65,76.88649129867554,65,77.17265009880066,65,77.6333839893341,65,77.91734743118286,65,78.73779797554016,65,79.54801487922668,65,80.00582480430603,65,80.2917275428772,65,80.57924246788025,65,81.40155005455017,65,81.68567228317261,65,81.96119999885559,65,82.23346185684204,65,83.04307556152344,65,83.8665144443512,65,84.67209935188293,65,84.93089580535889,65,85.18544244766235,65,85.98727822303772,65,86.28297209739685,65,86.54050326347351,65,86.8112313747406,65,87.6175320148468,65,88.44045376777649,65,89.26694679260254,65,89.61894416809082,65,89.89639806747437,65,90.18362593650818,65,90.45679783821106,65,90.78451323509216,65,91.08692979812622,65,91.91674613952637,65,92.2587673664093,65,93.0922122001648,65,93.3722596168518,65,94.1828625202179,65,94.99279689788818,65,95.78623533248901,65,96.0712206363678,65,96.89359378814697,65,97.70755338668823,65,97.99253153800964,65,98.8044490814209,65,99.06871199607849,65,99.34687399864197,65,99.59508061408997,65,100.38377141952515,65,101.18766069412231,65,101.46887111663818,65,102.28498125076294,65,103.09961414337158,65,103.92350101470947,65,104.20496988296509,65,105.04144930839539,65,105.8859350681305,65,106.34912323951721,65,106.62277865409851,65,107.4469952583313,65,107.70120739936829,65,108.52157282829285,65,109.33798336982727,65,109.62079668045044,65,110.44453263282776,65,111.270836353302,65,112.09403538703918,65,112.91910433769226,65,113.20948433876038,65,114.04273676872253,65,114.8721661567688,65,115.1629524230957,65,115.98395824432373,65,116.82079458236694,65,117.18251061439514,65,117.45027351379395,65,118.26530742645264,65,118.59362363815308,65,119.42725491523743,65,119.68678426742554,65,119.97769737243652,65,120.2372624874115,65,121.06447529792786,65,121.35986971855164,65,122.18418383598328,65,122.46424508094788,65,123.28044867515564,65,123.56290435791016,65,123.8231565952301,65,124.10018539428711,65,124.37920379638672,65,124.73121786117554,65,125.03523421287537,65,125.85499048233032,65,126.13451027870178,65,126.93391394615173,65,127.21423959732056,65,128.02012753486633,65,128.84274888038635,65,129.1017324924469,65,129.3787558078766,65,130.18410325050354,65,130.5439453125,65,131.37609338760376,65,132.21325016021729,65,132.50534105300903,65,132.79981684684753,65,133.62926197052002,65,133.92852020263672,65,134.18786191940308,65,134.46063876152039,65,135.27956891059875,65,136.1052770614624,65,136.93277168273926,65,137.2242796421051,65,138.05792713165283,65,138.9044589996338,65,139.2729253768921,65,140.12241053581238,65,140.94753122329712,65,141.7815136909485,65,142.60391116142273,65,143.40775990486145,65,144.21492075920105,65,144.50210309028625,65,145.31306552886963,65,145.58905148506165,65,146.04911732673645,65,146.90555715560913,65,147.73669528961182,65,148.57441401481628,65,148.86075401306152,65,149.15697479248047,65,149.98856282234192,65,150.27298855781555,65,151.08690667152405,65,151.44774532318115,65,151.75391912460327,65,152.02882742881775,65,152.32203197479248,65,153.15848851203918,65,153.99572801589966,65,154.8392572402954,65,155.67480540275574,65,156.50404047966003,65,156.75805568695068,65,157.5828242301941,65,157.86298608779907,65,158.13771033287048,65,158.46571159362793,65,158.75701212882996,65,159.58706736564636,65,159.86073184013367,65,160.67218494415283,65,161.5057556629181,65,162.34054613113403,65,163.1689009666443,65,163.46084022521973,65,163.81022882461548,65,164.08647441864014,65,164.3623595237732,65,165.20256543159485,65,165.48381733894348,65,165.73884773254395,65,165.9980025291443,65,166.45560789108276,65,166.7414813041687,65,167.58385062217712,65,168.42699813842773,65,169.27114582061768,65,170.12090182304382,65,170.40971875190735,65,170.6944558620453,65,170.98678016662598,65,171.33505964279175,65,172.14919447898865,65,172.4092001914978,65,172.6800570487976,65,173.01668739318848,65,173.85907077789307,65,174.68623733520508,65,175.14366054534912,65,175.98393082618713,65,176.27078366279602,65,176.54619932174683,65,177.37366318702698,65,178.2047619819641,65,179.03017139434814,65,179.35950541496277,65,179.82768297195435,65,180.66077494621277,65,181.490877866745,65,181.77157163619995,65,182.6026909351349,65,182.87343454360962,65,183.22374367713928,65,184.0733437538147,65,184.36425757408142,65,185.21675992012024,65,186.0634183883667,65,186.33323407173157,65,187.16704964637756,65,187.99296236038208,65,188.8205108642578,65,189.64467597007751,65,190.4658932685852,65,190.93065190315247,65,191.77571272850037,65,192.14641523361206,65,192.97418117523193,65,193.31545448303223,65,193.6026861667633,65,193.95182609558105,65,194.30182528495789,65,194.58350324630737,65,194.8466193675995,65,195.6675045490265,65,196.48046016693115,65,197.30732011795044,65,197.57918071746826,65,197.8690013885498,65,198.69949340820312,65,198.97489976882935,65,199.25139570236206,65,199.57281613349915,65,200.38357186317444,65,201.19662761688232,65,202.018949508667,65,202.83185410499573,65,203.64604210853577,65,203.9220597743988,65,204.74083495140076,65,205.02005624771118,65,205.85879588127136,65,206.14076161384583,65,206.39375519752502,65,207.20510029792786,65,207.49014115333557,65,207.7519016265869,65,208.04173040390015,65,208.31768417358398,65,209.12958598136902,65,209.9542305469513,65,210.40641808509827,65,211.22237968444824,65,212.04059505462646,65,212.32501554489136,65,212.601154088974,65,212.87704706192017,65,213.70366430282593,65,214.52068090438843,65,215.34261441230774,65,216.16854405403137,65,216.45248317718506,65,217.27364373207092,65,217.6399507522583,65,217.92370176315308,65,218.2130994796753,65,219.01648616790771,65,219.29130387306213,65,219.57173347473145,65,220.39562821388245,65,221.23059749603271,65,221.51256942749023,65,221.7899374961853,65,222.06156516075134,65,222.89182424545288,65,223.17897748947144,65,223.44123601913452,65,224.27707958221436,65,224.5496335029602,65,224.8247685432434,65,225.0966567993164,65,225.9176163673401,65,226.74451613426208,65,227.01163363456726,65,227.26407766342163,65,227.5213029384613,65,227.78990077972412,65,228.06976747512817,65,228.89449310302734,65,229.185866355896,65,230.03174090385437,65,230.3338005542755,65,231.17756581306458,65,231.46155285835266,65,232.29649186134338,65,233.12668919563293,65,233.41026949882507,65,233.68237566947937,65,233.9806170463562,65,234.79807662963867,65,235.15473437309265,65,235.43827986717224,65,236.27187633514404,65,236.62913417816162,65,237.47491717338562,65,237.75786519050598,65,238.03625512123108,65,238.86673974990845,65,239.69770741462708,65,240.5317404270172,65,240.82604002952576,65,241.661523103714,65,241.95655012130737,65,242.2353584766388,65,242.50731587409973,65,242.80035281181335,65,243.07126259803772,65,243.8954153060913,65,244.7258017063141,65,245.0703248977661,65,245.4175841808319,65,246.24865317344666,65,246.5174059867859,65,246.78106045722961,65,247.61131763458252,65,248.45082092285156,65,249.28101706504822,65,249.5715298652649,65,250.40556693077087,65,251.23613905906677,65,252.0711874961853,65,252.35364508628845,65,253.18165564537048,65,253.9891655445099,65,254.82122254371643,65,255.64436292648315,65,256.47100734710693,65,257.2962110042572,65,257.5876247882843,65,257.880583524704,65,258.1524803638458,65,258.97691321372986,65,259.24832034111023,65,259.5218391418457,65,260.3204231262207,65,261.1491000652313,65,261.986346244812,65,262.81686305999756,65,263.6428461074829,65,264.4783310890198,65,265.30165243148804,65,265.57289457321167,65,265.868492603302,65,266.68065547943115,65,266.9369294643402,65,267.765011548996,65,268.03621315956116,65,268.8729295730591,65,269.68944001197815,65,270.52077651023865,65,270.7969000339508,65,271.5964605808258,65,271.8818790912628,65,272.6747934818268,65,273.49861907958984,65,274.326824426651,65,274.6181287765503,65,274.88994884490967,65,275.68948698043823,65,275.9556930065155,65,276.7870478630066,65,277.06500935554504,65,277.5039539337158,65,277.76353907585144,65,278.5704114437103,65,278.8547568321228,65,279.66761469841003,65,280.4801185131073,65,280.7623624801636,65,281.60010981559753,65,281.8720374107361,65,282.69350957870483,65,282.96946263313293,65,283.79230666160583,65,284.08656215667725,65,284.3889408111572,65,285.21783471107483,65,285.5097105503082,65,285.7664260864258,65,286.0571115016937,65,286.3284945487976,65,287.1414783000946,65,287.4178433418274,65,288.2390925884247,65,288.5117907524109,65,288.80166602134705,65,289.07796812057495,65,289.8967955112457,65,290.7319030761719,65,291.09771752357483,65,291.9418845176697,65,292.7669241428375,65,293.58942127227783,65,294.4153666496277,65,295.2392704486847,65,296.05597734451294,65,296.3395879268646,65,296.6183662414551,65,296.9004786014557,65,297.17140316963196,65,297.42051553726196,65,297.69325017929077,65,298.49840259552,65,298.7739460468292,65,299.06536197662354,65,299.3528263568878,65,299.6100080013275,65,300.02355432510376
4,random graphs/big_layer/r1.5k12n8/graph4.lgbin,13297,284.64723539352417,64,147,0,84,0.38227200508117676,66,0.9919347763061523,64,1.4456675052642822,64,1.640458106994629,64,1.9095170497894287,64,2.1031031608581543,64,2.372612476348877,64,2.6439762115478516,64,2.847667932510376,64,3.117928981781006,64,3.3171794414520264,64,3.5926079750061035,64,3.799213171005249,64,4.07483696937561,64,4.34217095375061,64,4.619505167007446,64,4.887051343917847,64,5.1519935131073,64,5.590941667556763,64,5.863045692443848,64,6.133471250534058,64,6.391759157180786,64,6.764654636383057,64,6.967196941375732,64,7.166999340057373,64,7.442870616912842,64,7.702415704727173,64,7.954633474349976,64,8.288525342941284,64,8.554214477539062,64,8.816861391067505,64,9.019354343414307,64,9.280347347259521,64,9.557048559188843,64,9.74822998046875,64,10.030817985534668,64,10.297207117080688,64,10.57268762588501,64,10.842507123947144,64,11.115331411361694,64,11.384964227676392,64,11.580577373504639,64,11.858059167861938,64,12.15845799446106,64,12.433095455169678,64,12.862192392349243,64,13.123857736587524,64,13.319973468780518,64,13.511351108551025,64,13.92763614654541,64,14.189492464065552,64,14.38512897491455,64,14.659171104431152,64,14.864966869354248,64,15.130364179611206,64,15.446025609970093,64,15.711378574371338,64,15.913946390151978,64,16.171316862106323,64,16.434648513793945,64,16.6950900554657,64,17.02181363105774,64,17.44821333885193,64,17.713220834732056,64,17.913839101791382,64,18.20538592338562,64,18.476834297180176,64,18.747929573059082,64,18.950339794158936,64,19.22270107269287,64,19.42119073867798,64,19.6225106716156,64,19.819108486175537,64,20.02525043487549,64,20.228252172470093,64,20.501076221466064,64,20.903995513916016,64,21.107863187789917,64,21.37850785255432,64,21.805038928985596,64,22.0077121257782,64,22.26858139038086,64,22.4639732837677,64,22.657381057739258,64,22.86243772506714,64,23.184431076049805,64,23.38378596305847,64,23.658508777618408,64,23.860754013061523,64,24.070948839187622,64,24.329192638397217,64,24.61290979385376,64,24.815114974975586,64,25.074670791625977,64,25.279271841049194,64,25.708689212799072,64,26.130738496780396,64,26.565935373306274,64,26.998026609420776,64,27.19880700111389,64,27.52066421508789,64,27.720253229141235,64,27.91919994354248,64,28.12613868713379,64,28.394670486450195,64,28.727030277252197,64,28.99021863937378,64,29.249560356140137,64,29.452727556228638,64,29.711054801940918,64,30.139211893081665,64,30.40785050392151,64,30.604090452194214,64,30.87337064743042,64,31.140095472335815,64,31.5673406124115,64,31.772113800048828,64,32.04066014289856,64,32.31217670440674,64,32.51299595832825,64,32.710153341293335,64,32.996745586395264,64,33.265974283218384,64,33.46783185005188,64,33.741491079330444,64,34.01541352272034,64,34.21974325180054,64,34.423057079315186,64,34.694008111953735,64,34.97124934196472,64,35.23791694641113,64,35.50161790847778,64,35.77088475227356,64,35.979087352752686,64,36.24827265739441,64,36.517719745635986,64,36.71925115585327,64,36.97767901420593,64,37.25281643867493,64,37.52302408218384,64,37.79769515991211,64,38.00155448913574,64,38.203336238861084,64,38.406317710876465,64,38.66509795188904,64,38.868412017822266,64,39.07121253013611,64,39.27764344215393,64,39.54336357116699,64,39.80532097816467,64,40.22626280784607,64,40.502880334854126,64,40.75862908363342,64,40.95474696159363,64,41.33699870109558,64,41.63655877113342,64,41.83757495880127,64,42.03891587257385,64,42.31481313705444,64,42.74238109588623,64,42.93791484832764,64,43.14431715011597,64,43.42097759246826,64,43.61564087867737,64,43.89343810081482,64,44.10001873970032,64,44.29699444770813,64,44.579304695129395,64,44.84948968887329,64,45.1145920753479,64,45.38107776641846,64,45.58923101425171,64,45.86508846282959,64,46.12857699394226,64,46.33384728431702,64,46.608404874801636,64,46.87758135795593,64,47.07573199272156,64,47.354514360427856,64,47.548046350479126,64,47.8167290687561,64,48.0864143371582,64,48.35817050933838,64,48.61590623855591,64,48.87895226478577,64,49.154948472976685,64,49.57925033569336,64,50.00987792015076,64,50.44973540306091,64,50.65416717529297,64,50.92366933822632,64,51.120365381240845,64,51.38495326042175,64,51.64349317550659,64,51.844192028045654,64,52.11128354072571,64,52.38400435447693,64,52.655391454696655,64,52.849661111831665,64,53.054760217666626,64,53.31637620925903,64,53.5452938079834,64,53.81251382827759,64,54.06738018989563,64,54.33626461029053,64,54.591245889663696,64,54.85805583000183,64,55.1273455619812,64,55.39909625053406,64,55.59878396987915,64,56.02097797393799,64,56.272639989852905,64,56.68572688102722,64,56.94939947128296,64,57.36803865432739,64,57.56998324394226,64,57.767932415008545,64,57.971015214920044,64,58.16280817985535,64,58.35647630691528,64,58.55592966079712,64,58.754971504211426,64,59.02285599708557,64,59.23013758659363,64,59.50741267204285,64,59.77751111984253,64,60.070666790008545,64,60.33833384513855,64,60.614250898361206,64,60.883530378341675,64,61.152592182159424,64,61.35984802246094,64,61.641584157943726,64,61.845892906188965,64,62.0419499874115,64,62.23579239845276,64,62.49960255622864,64,62.759796380996704,64,63.02736210823059,64,63.29764485359192,64,63.70045590400696,64,63.97484278678894,64,64.24384546279907,64,64.67475771903992,64,64.9480528831482,64,65.37634563446045,64,65.66788268089294,64,65.86552405357361,64,66.07177114486694,64,66.3490993976593,64,66.5406494140625,64,66.80879163742065,64,67.01526188850403,64,67.27971744537354,64,67.53796005249023,64,67.97635221481323,64,68.17170476913452,64,68.43913459777832,64,68.70081424713135,64,68.90847563743591,64,69.10861253738403,64,69.37245345115662,64,69.57905697822571,64,69.78402733802795,64,69.97294521331787,64,70.24155592918396,64,70.51067757606506,64,70.82390189170837,64,71.21844577789307,64,71.40922927856445,64,71.67922925949097,64,71.87987279891968,64,72.15391635894775,64,72.5818612575531,64,72.78464388847351,64,73.08051085472107,64,73.34935092926025,64,73.77162504196167,64,73.97206664085388,64,74.16626620292664,64,74.60841083526611,64,74.86665630340576,64,75.12437629699707,64,75.56123995780945,64,75.75684857368469,64,75.96125411987305,64,76.16276955604553,64,76.42783904075623,64,76.69772672653198,64,76.9594030380249,64,77.15575790405273,64,77.36137104034424,64,77.5588493347168,64,77.76210904121399,64,78.02618026733398,64,78.2280683517456,64,78.53789377212524,64,78.73303699493408,64,79.00270557403564,64,79.27524662017822,64,79.53205633163452,64,79.79596710205078,64,80.23084235191345,64,80.43152475357056,64,80.62688732147217,64,81.05413722991943,64,81.33017706871033,64,81.52149558067322,64,81.7277021408081,64,82.00139904022217,64,82.19765400886536,64,82.46277141571045,64,82.73627090454102,64,82.99199175834656,64,83.19438982009888,64,83.47133898735046,64,83.74414777755737,64,84.15937232971191,64,84.41172504425049,64,84.60455083847046,64,84.801673412323,64,84.99385833740234,64,85.2572500705719,64,85.69431853294373,64,85.9434027671814,64,86.14540815353394,64,86.34631180763245,64,86.62090563774109,64,86.8894145488739,64,87.27846312522888,64,87.53951263427734,64,87.74295330047607,64,87.94070839881897,64,88.14510178565979,64,88.34665894508362,64,88.61150097846985,64,88.80534791946411,64,88.99935007095337,64,89.2658302783966,64,89.53585124015808,64,89.81010842323303,64,90.23832488059998,64,90.4973087310791,64,90.70080256462097,64,90.97805643081665,64,91.36173939704895,64,91.56695318222046,64,91.98149752616882,64,92.17616105079651,64,92.38309669494629,64,92.65676283836365,64,92.93354511260986,64,93.19589877128601,64,93.47198176383972,64,93.66558194160461,64,93.86662268638611,64,94.07120084762573,64,94.26805019378662,64,94.47382879257202,64,94.9074923992157,64,95.10444855690002,64,95.38439297676086,64,95.66437482833862,64,95.93395256996155,64,96.1358540058136,64,96.33068346977234,64,96.53354382514954,64,96.86697173118591,64,97.12740111351013,64,97.38103556632996,64,97.64168000221252,64,97.91762709617615,64,98.11654162406921,64,98.38934826850891,64,98.6462140083313,64,98.96131682395935,64,99.15513706207275,64,99.34608864784241,64,99.59649181365967,64,99.91742396354675,64,100.11551642417908,64,100.44003582000732,64,100.64111471176147,64,100.95331931114197,64,101.14782238006592,64,101.41271233558655,64,101.61627793312073,64,101.8915319442749,64,102.18628454208374,64,102.4488844871521,64,102.87866163253784,64,103.08225297927856,64,103.34796500205994,64,103.62127542495728,64,104.05330610275269,64,104.25697779655457,64,104.4611747264862,64,104.66097974777222,64,104.92796969413757,64,105.19758081436157,64,105.46755957603455,64,105.72766709327698,64,105.93057560920715,64,106.12246370315552,64,106.41382193565369,64,106.6153256893158,64,106.81309723854065,64,107.01357555389404,64,107.29431223869324,64,107.49888896942139,64,107.76534867286682,64,108.1955783367157,64,108.49228239059448,64,108.69615340232849,64,108.89506030082703,64,109.16243767738342,64,109.35650968551636,64,109.62607479095459,64,109.89847755432129,64,110.10465145111084,64,110.30441427230835,64,110.50803899765015,64,110.77450847625732,64,110.9681282043457,64,111.16999626159668,64,111.43294048309326,64,111.63711905479431,64,111.912682056427,64,112.17640590667725,64,112.437668800354,64,112.63913607597351,64,112.84002327919006,64,113.264164686203,64,113.46040606498718,64,113.71808123588562,64,113.97962141036987,64,114.23971652984619,64,114.50487041473389,64,114.93305253982544,64,115.19961977005005,64,115.3973114490509,64,115.82003903388977,64,116.00938725471497,64,116.42438292503357,64,116.61802101135254,64,116.89209508895874,64,117.0951464176178,64,117.28506112098694,64,117.59996390342712,64,117.79892802238464,64,117.99222683906555,64,118.2684257030487,64,118.46826338768005,64,118.74395966529846,64,119.18476390838623,64,119.43953824043274,64,119.86327648162842,64,120.06511807441711,64,120.34005403518677,64,120.6137855052948,64,120.81572318077087,64,121.01993536949158,64,121.29848861694336,64,121.72414445877075,64,121.91956543922424,64,122.20212125778198,64,122.47233462333679,64,122.74429988861084,64,123.01624870300293,64,123.336580991745,64,123.54162549972534,64,123.9671323299408,64,124.23135375976562,64,124.43330550193787,64,124.69139647483826,64,124.99323320388794,64,125.42440629005432,64,125.6935567855835,64,125.9000244140625,64,126.17824029922485,64,126.4438591003418,64,126.70654702186584,64,126.9638500213623,64,127.16547536849976,64,127.43067026138306,64,127.63148069381714,64,127.96648001670837,64,128.23732042312622,64,128.51057958602905,64,128.71670603752136,64,129.1496946811676,64,129.41376638412476,64,129.6092655658722,64,129.88696336746216,64,130.316712141037,64,130.5152440071106,64,130.71852254867554,64,130.99192595481873,64,131.2649791240692,64,131.53577184677124,64,131.8102104663849,64,132.0133044719696,64,132.2934811115265,64,132.49804282188416,64,132.6983540058136,64,132.97910237312317,64,133.41642141342163,64,133.68593168258667,64,133.94750213623047,64,134.20879793167114,64,134.47307467460632,64,134.67520260810852,64,134.93374919891357,64,135.12921690940857,64,135.57126235961914,64,135.7649655342102,64,136.01913785934448,64,136.283509016037,64,136.48258590698242,64,136.76055335998535,64,137.0270230770111,64,137.47458457946777,64,137.74447751045227,64,137.94656896591187,64,138.15337753295898,64,138.34967041015625,64,138.55473065376282,64,138.83292388916016,64,139.09441542625427,64,139.36303567886353,64,139.62709856033325,64,139.8967170715332,64,140.10216188430786,64,140.42690014839172,64,140.83080554008484,64,141.09012627601624,64,141.28771305084229,64,141.5500774383545,64,141.75260949134827,64,141.95474362373352,64,142.1539797782898,64,142.357186794281,64,142.55916166305542,64,142.8367464542389,64,143.10423374176025,64,143.39501237869263,64,143.81611466407776,64,144.0822389125824,64,144.3392825126648,64,144.63118171691895,64,144.8332645893097,64,145.03135991096497,64,145.298677444458,64,145.5696737766266,64,145.89680695533752,64,146.1709201335907,64,146.37290215492249,64,146.70165991783142,64,146.9038233757019,64,147.16986680030823,64,147.58693313598633,64,147.78955912590027,64,147.98799514770508,64,148.25351071357727,64,148.5173637866974,64,148.71897435188293,64,148.9926781654358,64,149.19819140434265,64,149.50739359855652,64,149.7104308605194,64,149.98976755142212,64,150.259024143219,64,150.45100665092468,64,150.65415048599243,64,150.97918939590454,64,151.1908769607544,64,151.467027425766,64,151.6725914478302,64,151.87135529518127,64,152.13703179359436,64,152.55890798568726,64,152.83197164535522,64,153.03742361068726,64,153.318274974823,64,153.51274228096008,64,153.71528577804565,64,153.91115736961365,64,154.18032145500183,64,154.47829008102417,64,154.67916417121887,64,154.87817668914795,64,155.1479320526123,64,155.41671657562256,64,155.68833184242249,64,155.9634006023407,64,156.16505980491638,64,156.37114834785461,64,156.64422345161438,64,157.03604459762573,64,157.2940227985382,64,157.49735045433044,64,157.70343708992004,64,157.97382020950317,64,158.27861380577087,64,158.55647468566895,64,158.82970666885376,64,159.16062259674072,64,159.4983561038971,64,159.70623230934143,64,159.91301250457764,64,160.31914567947388,64,160.60186529159546,64,160.8035373687744,64,160.99463629722595,64,161.26449489593506,64,161.53540015220642,64,161.80624341964722,64,162.07884073257446,64,162.3487012386322,64,162.5477967262268,64,162.73688554763794,64,163.01514720916748,64,163.31943583488464,64,163.5833249092102,64,163.88770413398743,64,164.08900499343872,64,164.3649468421936,64,164.63161897659302,64,164.82992100715637,64,165.10681295394897,64,165.31222867965698,64,165.5912823677063,64,165.86260223388672,64,166.05759263038635,64,166.31181693077087,64,166.50823712348938,64,166.76361179351807,64,166.95994973182678,64,167.2162585258484,64,167.41757941246033,64,167.84009885787964,64,168.1019468307495,64,168.37491273880005,64,168.6496000289917,64,168.917640209198,64,169.17846846580505,64,169.3747308254242,64,169.64327192306519,64,169.90525889396667,64,170.10451197624207,64,170.3814845085144,64,170.58461713790894,64,170.85324120521545,64,171.1176393032074,64,171.54120898246765,64,171.74144387245178,64,171.94656562805176,64,172.1413676738739,64,172.45532536506653,64,172.65930366516113,64,173.05234932899475,64,173.31468892097473,64,173.58671307563782,64,173.85712575912476,64,174.28257536888123,64,174.48299193382263,64,174.74795007705688,64,175.01506090164185,64,175.44403648376465,64,175.70796990394592,64,175.98118662834167,64,176.1871030330658,64,176.45320510864258,64,176.76284980773926,64,177.0288224220276,64,177.3010561466217,64,177.7419581413269,64,178.16098761558533,64,178.48428416252136,64,178.92063069343567,64,179.22711515426636,64,179.43178272247314,64,179.86409616470337,64,180.0669641494751,64,180.49230885505676,64,180.76252937316895,64,180.9662730693817,64,181.16741061210632,64,181.36935234069824,64,181.645822763443,64,181.91548490524292,64,182.17646265029907,64,182.48700666427612,64,182.68988156318665,64,182.96752882003784,64,183.3947069644928,64,183.6600217819214,64,183.91630053520203,64,184.18085193634033,64,184.59835147857666,64,184.85215306282043,64,185.05190348625183,64,185.31660437583923,64,185.50635886192322,64,185.78357219696045,64,186.09773635864258,64,186.4113609790802,64,186.61140275001526,64,186.87687730789185,64,187.13365840911865,64,187.40140557289124,64,187.65939164161682,64,188.0805127620697,64,188.3784523010254,64,188.8060646057129,64,189.00600337982178,64,189.39992141723633,64,189.59924483299255,64,190.02096438407898,64,190.28642201423645,64,190.48576617240906,64,190.68039083480835,64,190.88638019561768,64,191.15932846069336,64,191.58239936828613,64,191.85555028915405,64,192.1126983165741,64,192.53316807746887,64,192.79682421684265,64,193.05982375144958,64,193.26325511932373,64,193.52154994010925,64,193.78896284103394,64,193.9832465648651,64,194.24521732330322,64,194.50809359550476,64,194.7730393409729,64,195.03497958183289,64,195.23671102523804,64,195.53484773635864,64,195.80932474136353,64,196.0640618801117,64,196.2552707195282,64,196.44916200637817,64,196.71568894386292,64,196.98853039741516,64,197.18710684776306,64,197.4491548538208,64,197.70945000648499,64,198.0060863494873,64,198.2109889984131,64,198.4403681755066,64,198.70522570610046,64,198.90672850608826,64,199.19628262519836,64,199.46263980865479,64,199.71734642982483,64,199.9723722934723,64,200.1752848625183,64,200.49615287780762,64,200.75002551078796,64,200.93803548812866,64,201.13921356201172,64,201.41554975509644,64,201.7029583454132,64,201.899836063385,64,202.31298899650574,64,202.50569939613342,64,202.70615243911743,64,203.14455461502075,64,203.46366715431213,64,203.6589903831482,64,203.92744493484497,64,204.13209342956543,64,204.41493701934814,64,204.6836495399475,64,204.95668411254883,64,205.22506523132324,64,205.5019714832306,64,205.7061746120453,64,205.96953010559082,64,206.2386772632599,64,206.43947410583496,64,206.7169895172119,64,206.98516058921814,64,207.18674993515015,64,207.38226079940796,64,207.649475812912,64,207.85113525390625,64,208.12497925758362,64,208.4432499408722,64,208.70597100257874,64,208.90696811676025,64,209.33013606071472,64,209.53305172920227,64,209.97060298919678,64,210.17309403419495,64,210.44784951210022,64,210.64742517471313,64,210.92114925384521,64,211.34415864944458,64,211.75980305671692,64,212.01656770706177,64,212.2759599685669,64,212.55034828186035,64,212.82233309745789,64,213.01641416549683,64,213.4526650905609,64,213.8793225288391,64,214.30845642089844,64,214.50531244277954,64,214.70388865470886,64,215.1198034286499,64,215.30892181396484,64,215.51397490501404,64,215.77824330329895,64,216.19948053359985,64,216.39711332321167,64,216.5979037284851,64,216.86608481407166,64,217.0654013156891,64,217.2616090774536,64,217.52701473236084,64,217.820072889328,64,218.01912903785706,64,218.2953062057495,64,218.56841707229614,64,218.83649611473083,64,219.14615941047668,64,219.3497121334076,64,219.6445620059967,64,219.85066151618958,64,220.0534529685974,64,220.2562997341156,64,220.4651985168457,64,220.74995017051697,64,220.95047521591187,64,221.15175080299377,64,221.35445737838745,64,221.65221047401428,64,221.8515748977661,64,222.11915063858032,64,222.3872685432434,64,222.66031289100647,64,222.85556411743164,64,223.12632489204407,64,223.31957340240479,64,223.69729804992676,64,223.968599319458,64,224.17411923408508,64,224.37822890281677,64,224.80013585090637,64,225.0638349056244,64,225.26146459579468,64,225.57514810562134,64,225.77723622322083,64,226.05456066131592,64,226.26006984710693,64,226.45660996437073,64,226.66102409362793,64,227.0833728313446,64,227.34619784355164,64,227.5999720096588,64,228.02569317817688,64,228.3436975479126,64,228.76387310028076,64,229.02893614768982,64,229.22323489189148,64,229.6488800048828,64,229.9139199256897,64,230.1872148513794,64,230.62013959884644,64,230.81327486038208,64,231.0820610523224,64,231.3531768321991,64,231.55581641197205,64,231.97267866134644,64,232.23931980133057,64,232.50822114944458,64,232.70091152191162,64,232.8987274169922,64,233.16258120536804,64,233.43787264823914,64,233.62944078445435,64,233.9009153842926,64,234.0936861038208,64,234.29807043075562,64,234.49605703353882,64,234.76633381843567,64,235.02203178405762,64,235.21969175338745,64,235.42353987693787,64,235.61720371246338,64,236.0080509185791,64,236.26793122291565,64,236.46927404403687,64,236.6724169254303,64,237.0688614845276,64,237.33979988098145,64,237.65207695960999,64,237.85560631752014,64,238.05971455574036,64,238.26063752174377,64,238.45873975753784,64,238.72744631767273,64,238.92698550224304,64,239.358882188797,64,239.63278031349182,64,239.90550661087036,64,240.17618370056152,64,240.62062096595764,64,240.8113305568695,64,241.08286547660828,64,241.27922439575195,64,241.5597960948944,64,241.82417273521423,64,242.09898400306702,64,242.48715925216675,64,242.7003378868103,64,242.90949273109436,64,243.18669867515564,64,243.4571828842163,64,243.65739750862122,64,243.9319088459015,64,244.3596956729889,64,244.62165307998657,64,244.89437055587769,64,245.15742444992065,64,245.4502363204956,64,245.7079200744629,64,245.9598822593689,64,246.2164306640625,64,246.48295044898987,64,246.903094291687,64,247.16719794273376,64,247.58649563789368,64,247.85399794578552,64,248.10946011543274,64,248.4128918647766,64,248.68421149253845,64,249.13156938552856,64,249.40391874313354,64,249.83677053451538,64,250.0413875579834,64,250.31980228424072,64,250.58867716789246,64,250.90521574020386,64,251.18299293518066,64,251.386860370636,64,251.66906690597534,64,251.99411964416504,64,252.26623511314392,64,252.52950429916382,64,252.8031289577484,64,253.07410788536072,64,253.26742935180664,64,253.47248363494873,64,253.9066126346588,64,254.32962369918823,64,254.5281319618225,64,254.73110437393188,64,254.92886066436768,64,255.246812582016,64,255.44157695770264,64,255.70469045639038,64,255.96821546554565,64,256.16957807540894,64,256.3647458553314,64,256.57162284851074,64,256.97638416290283,64,257.18274331092834,64,257.3862488269806,64,257.5875840187073,64,257.8623652458191,64,258.0657558441162,64,258.3461859226227,64,258.7745032310486,64,259.05053448677063,64,259.25619292259216,64,259.57630228996277,64,259.7808072566986,64,260.045152425766,64,260.3052833080292,64,260.7223663330078,64,261.134699344635,64,261.46586179733276,64,261.8910756111145,64,262.2030999660492,64,262.45912623405457,64,262.7147583961487,64,262.9839129447937,64,263.18252754211426,64,263.38285517692566,64,263.68154978752136,64,263.9477159976959,64,264.2044379711151,64,264.40877199172974,64,264.6846764087677,64,264.8892390727997,64,265.22075271606445,64,265.48460936546326,64,265.74457573890686,64,266.0132064819336,64,266.2671172618866,64,266.46596026420593,64,266.90737318992615,64,267.11163091659546,64,267.53967213630676,64,267.74315881729126,64,268.0361018180847,64,268.24012184143066,64,268.6456546783447,64,268.91712713241577,64,269.1868815422058,64,269.60913705825806,64,269.8847281932831,64,270.1548020839691,64,270.3482584953308,64,270.6163773536682,64,270.88984274864197,64,271.16769909858704,64,271.42895317077637,64,271.70557260513306,64,271.9119906425476,64,272.3391582965851,64,272.5343129634857,64,272.8003227710724,64,273.00606179237366,64,273.2733578681946,64,273.5471615791321,64,273.75163221359253,64,274.0762531757355,64,274.39638686180115,64,274.72974920272827,64,275.1214027404785,64,275.3964807987213,64,275.6679356098175,64,275.93609285354614,64,276.13755989074707,64,276.3366758823395,64,276.53949999809265,64,276.859899520874,64,277.0626425743103,64,277.3237826824188,64,277.5228316783905,64,277.7210257053375,64,277.9774236679077,64,278.17650842666626,64,278.47680735588074,64,278.6680119037628,64,278.86003971099854,64,279.0495035648346,64,279.24041056632996,64,279.55752778053284,64,279.7617390155792,64,280.0823175907135,64,280.5150411128998,64,280.7132496833801,64,281.1427984237671,64,281.34766149520874,64,281.5492649078369,64,281.82588243484497,64,282.0810589790344,64,282.51951718330383,64,282.7188467979431,64,283.10194277763367,64,283.3748552799225,64,283.5723226070404,64,283.9951720237732,64,284.19173860549927,64,284.46245431900024,64,284.89933490753174,64,285.10184478759766,64,285.29983854293823,64,285.57818722724915,64,286.0060737133026,64,286.2646834850311,64,286.5324444770813,64,286.8068323135376,64,287.07189679145813,64,287.26761627197266,64,287.5341308116913,64,287.7976369857788,64,287.99495220184326,64,288.1991505622864,64,288.4734823703766,64,288.84210729599,64,289.0402801036835,64,289.23591470718384,64,289.5116505622864,64,289.781396150589,64,290.0524032115936,64,290.2537043094635,64,290.52093148231506,64,290.7258675098419,64,290.98593616485596,64,291.24754548072815,64,291.6682164669037,64,291.86313700675964,64,292.12416887283325,64,292.32570576667786,64,292.62711215019226,64,292.8291642665863,64,293.0276002883911,64,293.2917001247406,64,293.5498466491699,64,293.8147683143616,64,294.0156650543213,64,294.2753381729126,64,294.52787828445435,64,294.8321509361267,64,295.1048481464386,64,295.37506341934204,64,295.6301100254059,64,295.94945669174194,64,296.2066547870636,64,296.4708020687103,64,296.74437618255615,64,296.936984539032,64,297.2420690059662,64,297.5059938430786,64,297.70263385772705,64,297.9664132595062,64,298.23026180267334,64,298.4914834499359,64,298.79198575019836,64,299.11655926704407,64,299.3782458305359,64,299.63965678215027,64,299.9022128582001,64,300.02459359169006
0,random graphs/big_layer/r1.5k12n8/graph0.lgbin,26440,286.37432765960693,44,170,0,60,0.350963830947876,44,0.7126131057739258,44,1.0662331581115723,44,1.3649404048919678,44,1.6601450443267822,44,2.0186476707458496,44,2.317450761795044,44,2.651787281036377,44,2.9464359283447266,44,3.293424606323242,44,3.596132278442383,44,3.9549593925476074,44,4.256074666976929,44,4.616244554519653,44,4.91839075088501,44,5.257925748825073,44,5.59800386428833,44,5.954757213592529,44,6.297914028167725,44,6.62811279296875,44,6.921328067779541,44,7.270323991775513,44,7.62968111038208,44,7.930975914001465,44,8.236084699630737,44,8.548933744430542,44,8.906985759735107,44,9.248454570770264,44,9.601377964019775,44,9.937907218933105,44,10.280623197555542,44,10.563657283782959,44,10.932859659194946,44,11.282671689987183,44,11.624598264694214,44,11.97610330581665,44,12.275788307189941,44,12.557353019714355,44,12.847665786743164,44,13.198625802993774,44,13.479933500289917,44,13.773994445800781,44,14.095781564712524,44,14.390413522720337,44,14.725585222244263,44,15.008814573287964,44,15.303290128707886,44,15.6400625705719,44,15.941731929779053,44,16.284668684005737,44,16.636131763458252,44,16.997602462768555,44,17.36447310447693,44,17.650184631347656,44,17.99256205558777,44,18.291394472122192,44,18.580395698547363,44,18.876845598220825,44,19.22106146812439,44,19.518047332763672,44,19.81233286857605,44,20.16774845123291,44,20.5201153755188,44,20.864941596984863,44,21.166625022888184,44,21.5128116607666,44,21.816127061843872,44,22.11776566505432,44,22.390947818756104,44,22.66530966758728,44,22.96950101852417,44,23.268715143203735,44,23.56820559501648,44,23.909823894500732,44,24.20384955406189,44,24.48620629310608,44,24.78554940223694,44,25.08036470413208,44,25.418098211288452,44,25.70318913459778,44,26.031709671020508,44,26.377278327941895,44,26.659162521362305,44,26.999486923217773,44,27.283309936523438,44,27.619882822036743,44,27.907899141311646,44,28.247928857803345,44,28.530644416809082,44,28.84641146659851,44,29.17504858970642,44,29.52104353904724,44,29.85003352165222,44,30.140968084335327,44,30.45969867706299,44,30.754023790359497,44,31.040987730026245,44,31.336059093475342,44,31.673782110214233,44,32.03360104560852,44,32.37043905258179,44,32.71209406852722,44,33.01297569274902,44,33.353405475616455,44,33.65102672576904,44,33.999619245529175,44,34.29295206069946,44,34.594783306121826,44,34.94521117210388,44,35.243202924728394,44,35.59952449798584,44,35.897520780563354,44,36.201932191848755,44,36.50438952445984,44,36.86298656463623,44,37.14664602279663,44,37.44944167137146,44,37.74803876876831,44,38.02674651145935,44,38.32191300392151,44,38.66983151435852,44,38.95969033241272,44,39.30453658103943,44,39.66742300987244,44,39.98387670516968,44,40.29550862312317,44,40.58166980743408,44,40.86117172241211,44,41.199928760528564,44,41.486732959747314,44,41.77015399932861,44,42.11141753196716,44,42.464242458343506,44,42.81442475318909,44,43.169923067092896,44,43.471604108810425,44,43.83196663856506,44,44.182477951049805,44,44.46747875213623,44,44.814213275909424,44,45.1085786819458,44,45.467833042144775,44,45.813098430633545,44,46.11507248878479,44,46.45313334465027,44,46.74511456489563,44,47.098390102386475,44,47.454304218292236,44,47.8026602268219,44,48.13542938232422,44,48.44553208351135,44,48.78510761260986,44,49.138453245162964,44,49.43490195274353,44,49.728280782699585,44,50.02524971961975,44,50.320064067840576,44,50.669888496398926,44,51.029603481292725,44,51.37314248085022,44,51.71563744544983,44,52.07125473022461,44,52.37102651596069,44,52.72325110435486,44,53.08645415306091,44,53.38816475868225,44,53.7383451461792,44,54.03977966308594,44,54.33295154571533,44,54.68110966682434,44,55.0131299495697,44,55.308157444000244,44,55.588724851608276,44,55.93906331062317,44,56.23359560966492,44,56.58871912956238,44,56.869409799575806,44,57.17104244232178,44,57.45025372505188,44,57.800989866256714,44,58.1041100025177,44,58.41361141204834,44,58.76900839805603,44,59.12835121154785,44,59.40915656089783,44,59.73045563697815,44,60.02766251564026,44,60.320029973983765,44,60.61703014373779,44,60.90540337562561,44,61.263113498687744,44,61.566977977752686,44,61.92858028411865,44,62.28935432434082,44,62.59258222579956,44,62.941227436065674,44,63.23789143562317,44,63.57618975639343,44,63.918503284454346,44,64.24900460243225,44,64.59885501861572,44,64.8890585899353,44,65.19654655456543,44,65.50483441352844,44,65.84907102584839,44,66.14747881889343,44,66.50451350212097,44,66.86228227615356,44,67.22754549980164,44,67.58808493614197,44,67.88694882392883,44,68.17849111557007,44,68.51867341995239,44,68.8098955154419,44,69.10270524024963,44,69.442866563797,44,69.78061318397522,44,70.07846212387085,44,70.38063430786133,44,70.67353582382202,44,71.03061389923096,44,71.39381623268127,44,71.7520170211792,44,72.04476690292358,44,72.39871501922607,44,72.70399475097656,44,72.99946689605713,44,73.34546113014221,44,73.61987566947937,44,73.90702986717224,44,74.25098848342896,44,74.52361392974854,44,74.8633394241333,44,75.19386911392212,44,75.49036860466003,44,75.83806729316711,44,76.2115466594696,44,76.54454684257507,44,76.82889556884766,44,77.12218928337097,44,77.42033100128174,44,77.76679801940918,44,78.12749171257019,44,78.40918922424316,44,78.74533891677856,44,79.04032874107361,44,79.38046860694885,44,79.67408061027527,44,79.96271657943726,44,80.25777864456177,44,80.6169786453247,44,80.94768786430359,44,81.23393774032593,44,81.5791289806366,44,81.92478394508362,44,82.2729082107544,44,82.62784934043884,44,82.90961766242981,44,83.25123500823975,44,83.59534430503845,44,83.87782192230225,44,84.17632102966309,44,84.5204107761383,44,84.86140012741089,44,85.22792863845825,44,85.58901882171631,44,85.89240407943726,44,86.17299723625183,44,86.51927971839905,44,86.86343836784363,44,87.2036988735199,44,87.56172800064087,44,87.84840369224548,44,88.18618488311768,44,88.47899341583252,44,88.7793390750885,44,89.11686301231384,44,89.46646523475647,44,89.76618075370789,44,90.11815452575684,44,90.47950792312622,44,90.77955889701843,44,91.1229944229126,44,91.42653918266296,44,91.77201056480408,44,92.0773651599884,44,92.42098069190979,44,92.7194151878357,44,93.01565361022949,44,93.31501054763794,44,93.66732120513916,44,94.00233197212219,44,94.35159373283386,44,94.65255928039551,44,95.00993752479553,44,95.31226944923401,44,95.658447265625,44,95.96350598335266,44,96.304856300354,44,96.64587688446045,44,96.9487841129303,44,97.28821992874146,44,97.62688970565796,44,97.986656665802,44,98.34726619720459,44,98.69609498977661,44,98.99875068664551,44,99.3048894405365,44,99.64502286911011,44,99.94397783279419,44,100.22602081298828,44,100.55698800086975,44,100.90489768981934,44,101.25850558280945,44,101.60157632827759,44,101.94621467590332,44,102.28877592086792,44,102.58338046073914,44,102.93983030319214,44,103.2931580543518,44,103.64111471176147,44,103.93099904060364,44,104.23112297058105,44,104.57629203796387,44,104.91527438163757,44,105.1996009349823,44,105.54576420783997,44,105.88871788978577,44,106.1836588382721,44,106.51264953613281,44,106.83795475959778,44,107.13847661018372,44,107.48736643791199,44,107.83389687538147,44,108.18152236938477,44,108.47871351242065,44,108.77574825286865,44,109.13407683372498,44,109.42686176300049,44,109.77239990234375,44,110.13428020477295,44,110.42915534973145,44,110.72926473617554,44,111.07882761955261,44,111.36910963058472,44,111.6679961681366,44,112.02185559272766,44,112.3094584941864,44,112.61856484413147,44,112.90297532081604,44,113.24287152290344,44,113.58355045318604,44,113.86706876754761,44,114.22756552696228,44,114.5549910068512,44,114.90502500534058,44,115.20803427696228,44,115.55424761772156,44,115.86235976219177,44,116.14801168441772,44,116.50831127166748,44,116.81893873214722,44,117.13112187385559,44,117.41328716278076,44,117.71840167045593,44,118.02247929573059,44,118.37806272506714,44,118.72790312767029,44,119.08057427406311,44,119.46003723144531,44,119.74782943725586,44,120.10059881210327,44,120.38233661651611,44,120.72525429725647,44,121.07219314575195,44,121.37434720993042,44,121.74046301841736,44,122.0868980884552,44,122.38256335258484,44,122.68415665626526,44,122.98903560638428,44,123.33450841903687,44,123.6939857006073,44,123.96807217597961,44,124.31984686851501,44,124.60672378540039,44,124.90051174163818,44,125.24587512016296,44,125.54325270652771,44,125.80976796150208,44,126.15265846252441,44,126.45209765434265,44,126.75602722167969,44,127.0371503829956,44,127.32222723960876,44,127.62265753746033,44,127.90899443626404,44,128.24884605407715,44,128.591313123703,44,128.88927245140076,44,129.24963116645813,44,129.60052800178528,44,129.95731854438782,44,130.25925159454346,44,130.59797978401184,44,130.95509266853333,44,131.2909390926361,44,131.63167023658752,44,131.91620874404907,44,132.2116117477417,44,132.5102732181549,44,132.80133724212646,44,133.09220790863037,44,133.3751916885376,44,133.65266156196594,44,133.99258637428284,44,134.34087538719177,44,134.6332929134369,44,134.91479349136353,44,135.1865668296814,44,135.52428817749023,44,135.80972456932068,44,136.1556212902069,44,136.50413298606873,44,136.80034351348877,44,137.09594893455505,44,137.43318629264832,44,137.7802095413208,44,138.07467460632324,44,138.36802864074707,44,138.7130057811737,44,139.05531668663025,44,139.41055464744568,44,139.76655054092407,44,140.06460785865784,44,140.35786199569702,44,140.65196919441223,44,141.00737071037292,44,141.3491678237915,44,141.646222114563,44,141.99550199508667,44,142.33307242393494,44,142.6684672832489,44,143.0080280303955,44,143.30547738075256,44,143.66539478302002,44,144.00809264183044,44,144.3625361919403,44,144.64372897148132,44,144.98848628997803,44,145.29108142852783,44,145.64932584762573,44,146.00743436813354,44,146.2837929725647,44,146.58487820625305,44,146.92002844810486,44,147.26525378227234,44,147.548761844635,44,147.83657097816467,44,148.17950820922852,44,148.52860140800476,44,148.82634258270264,44,149.1098117828369,44,149.40081405639648,44,149.7468295097351,44,150.09733247756958,44,150.44119000434875,44,150.71914935112,44,151.0016450881958,44,151.36149525642395,44,151.71127772331238,44,152.05337500572205,44,152.3676106929779,44,152.72545766830444,44,153.01982188224792,44,153.36084413528442,44,153.65664911270142,44,154.04053354263306,44,154.39043498039246,44,154.75300288200378,44,155.11138653755188,44,155.45432472229004,44,155.75751662254333,44,156.100688457489,44,156.45018649101257,44,156.7480366230011,44,157.02668738365173,44,157.32584524154663,44,157.61384797096252,44,157.9061839580536,44,158.20609545707703,44,158.50934147834778,44,158.86574459075928,44,159.16170358657837,44,159.50875616073608,44,159.80528259277344,44,160.10443019866943,44,160.46627402305603,44,160.76554107666016,44,161.10740399360657,44,161.40248227119446,44,161.70300102233887,44,162.04754161834717,44,162.38290452957153,44,162.7299461364746,44,163.0555498600006,44,163.3586790561676,44,163.7151997089386,44,164.0165581703186,44,164.35719919204712,44,164.6447913646698,44,164.96782851219177,44,165.2570354938507,44,165.55846214294434,44,165.85767149925232,44,166.20556092262268,44,166.5359971523285,44,166.88220381736755,44,167.22714734077454,44,167.5579195022583,44,167.9220769405365,44,168.22240686416626,44,168.49703860282898,44,168.85596561431885,44,169.15311670303345,44,169.50552892684937,44,169.8082354068756,44,170.15288591384888,44,170.50376057624817,44,170.7789306640625,44,171.0798270702362,44,171.41855120658875,44,171.7473499774933,44,172.03525376319885,44,172.33975625038147,44,172.68779492378235,44,173.03424859046936,44,173.397034406662,44,173.76047158241272,44,174.09043765068054,44,174.37849283218384,44,174.6768023967743,44,174.9516260623932,44,175.31041955947876,44,175.60810446739197,44,175.96161365509033,44,176.31096744537354,44,176.66114497184753,44,176.96424388885498,44,177.24014592170715,44,177.58595037460327,44,177.9351682662964,44,178.23853135108948,44,178.53526186943054,44,178.8906764984131,44,179.1906864643097,44,179.48856687545776,44,179.77180671691895,44,180.08926224708557,44,180.3829402923584,44,180.72203612327576,44,181.04975628852844,44,181.34604024887085,44,181.6748969554901,44,181.97326231002808,44,182.30106806755066,44,182.59625339508057,44,182.93635249137878,44,183.28036046028137,44,183.63050508499146,44,183.99387311935425,44,184.28804564476013,44,184.63608384132385,44,184.93399739265442,44,185.29093837738037,44,185.6401834487915,44,185.9976315498352,44,186.29817032814026,44,186.59717535972595,44,186.94947028160095,44,187.2297806739807,44,187.52961134910583,44,187.88944935798645,44,188.22324013710022,44,188.5502417087555,44,188.84861874580383,44,189.15578436851501,44,189.4429168701172,44,189.77465319633484,44,190.10840892791748,44,190.40863919258118,44,190.7627673149109,44,191.05739331245422,44,191.36164236068726,44,191.6757950782776,44,191.95329189300537,44,192.31524085998535,44,192.61825585365295,44,192.97151947021484,44,193.3254885673523,44,193.6643443107605,44,194.0099983215332,44,194.33578419685364,44,194.62658643722534,44,194.89556908607483,44,195.2411835193634,44,195.53606343269348,44,195.8157877922058,44,196.10674929618835,44,196.40931034088135,44,196.7491579055786,44,197.09597396850586,44,197.43134427070618,44,197.7131004333496,44,198.04075860977173,44,198.39281916618347,44,198.6760709285736,44,199.02977085113525,44,199.32338857650757,44,199.61325693130493,44,199.91233325004578,44,200.22347903251648,44,200.57079935073853,44,200.8611035346985,44,201.1485469341278,44,201.445809841156,44,201.73626327514648,44,202.0398724079132,44,202.38302159309387,44,202.68003010749817,44,203.03343892097473,44,203.39466977119446,44,203.75305151939392,44,204.10414910316467,44,204.44540119171143,44,204.79455828666687,44,205.1492338180542,44,205.49302577972412,44,205.78296494483948,44,206.13812065124512,44,206.4198353290558,44,206.72156071662903,44,207.01607179641724,44,207.3814880847931,44,207.72893929481506,44,208.07141399383545,44,208.36254501342773,44,208.66388154029846,44,208.96465158462524,44,209.25828742980957,44,209.55320358276367,44,209.8597629070282,44,210.2070620059967,44,210.56139016151428,44,210.84696865081787,44,211.12277364730835,44,211.47776770591736,44,211.82998824119568,44,212.17237520217896,44,212.46180295944214,44,212.75315642356873,44,213.09694719314575,44,213.4462218284607,44,213.800288438797,44,214.14487075805664,44,214.44113850593567,44,214.72924160957336,44,215.0881326198578,44,215.44425225257874,44,215.74563312530518,44,216.09633684158325,44,216.43611073493958,44,216.78269863128662,44,217.12538051605225,44,217.41044163703918,44,217.76427698135376,44,218.1297640800476,44,218.47601866722107,44,218.76397514343262,44,219.10966205596924,44,219.4613447189331,44,219.80673456192017,44,220.1038887500763,44,220.46318221092224,44,220.7555456161499,44,221.10407423973083,44,221.4091191291809,44,221.7100441455841,44,222.04287481307983,44,222.3868019580841,44,222.6679563522339,44,222.96930742263794,44,223.3174912929535,44,223.65812158584595,44,224.01845622062683,44,224.3676052093506,44,224.72358870506287,44,225.06793570518494,44,225.36523532867432,44,225.67516374588013,44,226.01626467704773,44,226.31290888786316,44,226.61063694953918,44,226.95987820625305,44,227.32033562660217,44,227.6145133972168,44,227.9603910446167,44,228.3077073097229,44,228.60506963729858,44,228.95160746574402,44,229.23243379592896,44,229.534428358078,44,229.86611652374268,44,230.1710546016693,44,230.52065920829773,44,230.8164083957672,44,231.16492652893066,44,231.51613068580627,44,231.85892939567566,44,232.20331120491028,44,232.50404119491577,44,232.79523396492004,44,233.14259600639343,44,233.44189310073853,44,233.74040460586548,44,234.04645442962646,44,234.34633827209473,44,234.69716596603394,44,235.0508852005005,44,235.40490698814392,44,235.7049834728241,44,236.00805163383484,44,236.30231928825378,44,236.60313487052917,44,236.948739528656,44,237.2440745830536,44,237.54323983192444,44,237.82109808921814,44,238.16826581954956,44,238.46949195861816,44,238.86723566055298,44,239.20722651481628,44,239.50678825378418,44,239.84785509109497,44,240.14233660697937,44,240.48171854019165,44,240.7758913040161,44,241.13658905029297,44,241.42725896835327,44,241.76344537734985,44,242.05246496200562,44,242.39216804504395,44,242.73238801956177,44,243.07728743553162,44,243.3756206035614,44,243.67227458953857,44,243.96486067771912,44,244.3023738861084,44,244.6479971408844,44,244.99784564971924,44,245.29848456382751,44,245.59451389312744,44,245.8891339302063,44,246.23255252838135,44,246.58234333992004,44,246.87557458877563,44,247.1719822883606,44,247.51301622390747,44,247.87794971466064,44,248.15915417671204,44,248.51803016662598,44,248.81570982933044,44,249.0967926979065,44,249.38326334953308,44,249.7270529270172,44,250.02121090888977,44,250.29345512390137,44,250.6013605594635,44,250.90294408798218,44,251.22950720787048,44,251.51333665847778,44,251.79857420921326,44,252.15263533592224,44,252.50773453712463,44,252.8045608997345,44,253.12392926216125,44,253.4751877784729,44,253.82718706130981,44,254.16940021514893,44,254.45803356170654,44,254.73768949508667,44,255.01943731307983,44,255.3503475189209,44,255.705406665802,44,256.0426592826843,44,256.3828384876251,44,256.67062759399414,44,257.0162889957428,44,257.35899662971497,44,257.64006876945496,44,257.93641662597656,44,258.28709387779236,44,258.63006019592285,44,258.9956405162811,44,259.29240131378174,44,259.650075674057,44,260.0035307407379,44,260.30056738853455,44,260.60104417800903,44,260.96118783950806,44,261.26958322525024,44,261.6226341724396,44,261.9730975627899,44,262.25756788253784,44,262.5532534122467,44,262.8970468044281,44,263.2459239959717,44,263.54897689819336,44,263.8526072502136,44,264.18676686286926,44,264.4849874973297,44,264.83878207206726,44,265.12030720710754,44,265.4373347759247,44,265.7775921821594,44,266.1090440750122,44,266.45975399017334,44,266.79454016685486,44,267.14827036857605,44,267.509742975235,44,267.81451988220215,44,268.11386489868164,44,268.45493626594543,44,268.81518149375916,44,269.1124596595764,44,269.4082500934601,44,269.7546937465668,44,270.0929596424103,44,270.369313955307,44,270.6632390022278,44,271.0452415943146,44,271.3865005970001,44,271.7407011985779,44,272.0884840488434,44,272.3802909851074,44,272.6759572029114,44,273.0143985748291,44,273.3679370880127,44,273.6689684391022,44,273.9704260826111,44,274.33016777038574,44,274.6857624053955,44,275.0483992099762,44,275.33448004722595,44,275.6316533088684,44,275.9255690574646,44,276.22474336624146,44,276.497043132782,44,276.8482813835144,44,277.2023923397064,44,277.5473093986511,44,277.84239315986633,44,278.1409602165222,44,278.44412899017334,44,278.7406530380249,44,279.10039234161377,44,279.4524254798889,44,279.7498996257782,44,280.04823422431946,44,280.3334562778473,44,280.6332814693451,44,280.934472322464,44,281.29133105278015,44,281.6449542045593,44,281.99365878105164,44,282.2709321975708,44,282.5705337524414,44,282.91446590423584,44,283.2596459388733,44,283.55007123947144,44,283.89736890792847,44,284.189523935318,44,284.4604513645172,44,284.7580587863922,44,285.09448528289795,44,285.4197268486023,44,285.7108373641968,44,285.99705505371094,44,286.28021597862244,44,286.5611913204193,44,286.8730380535126,44,287.2092127799988,44,287.54670333862305,44,287.87813568115234,44,288.1493375301361,44,288.46332478523254,44,288.8055810928345,44,289.1471257209778,44,289.4899957180023,44,289.82324719429016,44,290.123996257782,44,290.425341129303,44,290.71822023391724,44,291.0133159160614,44,291.3582420349121,44,291.6471495628357,44,291.9417691230774,44,292.2392303943634,44,292.528461933136,44,292.87027168273926,44,293.22591042518616,44,293.5741353034973,44,293.86819338798523,44,294.1652412414551,44,294.4566559791565,44,294.8029828071594,44,295.0859754085541,44,295.38122272491455,44,295.7175784111023,44,296.0669765472412,44,296.38282227516174,44,296.67907452583313,44,297.025013923645,44,297.3210361003876,44,297.66576743125916,44,297.96551036834717,44,298.25950837135315,44,298.5880150794983,44,298.8722171783447,44,299.21772503852844,44,299.50559282302856,44,299.84403133392334,44,300.0246298313141
1,random graphs/big_layer/r1.5k12n8/graph1.lgbin,26440,290.6118643283844,61,146,0,69,0.4729325771331787,61,0.9246582984924316,61,1.242722749710083,61,1.6524319648742676,61,1.9919934272766113,61,2.4296658039093018,61,2.7447056770324707,61,3.1733920574188232,61,3.4903197288513184,61,3.9081335067749023,61,4.350120544433594,61,4.771580219268799,61,5.2153661251068115,61,5.5463786125183105,61,5.977559804916382,61,6.391996383666992,61,6.675890207290649,61,6.988636493682861,61,7.41591477394104,61,7.707534551620483,61,8.051697254180908,61,8.343762636184692,61,8.774393558502197,61,9.212639808654785,61,9.551766633987427,61,9.98309326171875,61,10.431109428405762,61,10.777394771575928,61,11.217088460922241,61,11.657796621322632,61,12.079817533493042,61,12.409133911132812,61,12.84259843826294,61,13.273735761642456,61,13.702449083328247,61,14.140551805496216,61,14.540337562561035,61,14.859431266784668,61,15.184168577194214,61,15.601211547851562,61,16.037089586257935,61,16.45101523399353,61,16.87421202659607,61,17.19554901123047,61,17.64286708831787,61,18.080668210983276,61,18.37196445465088,61,18.814252138137817,61,19.107971906661987,61,19.442972898483276,61,19.73742175102234,61,20.17527151107788,61,20.468254566192627,61,20.76362895965576,61,21.0781466960907,61,21.414244890213013,61,21.751575231552124,61,22.090003967285156,61,22.523319482803345,61,22.944011449813843,61,23.394363164901733,61,23.833619832992554,61,24.25511074066162,61,24.582833766937256,61,24.89500117301941,61,25.330142498016357,61,25.65824055671692,61,25.991559505462646,61,26.315059185028076,61,26.65531039237976,61,26.990262746810913,61,27.442715167999268,61,27.72765612602234,61,28.177321910858154,61,28.505905866622925,61,28.843019247055054,61,29.125484943389893,61,29.551558256149292,61,29.887051582336426,61,30.318190097808838,61,30.647628784179688,61,30.992005109786987,61,31.44180965423584,61,31.78135657310486,61,32.110732555389404,61,32.44297528266907,61,32.871620178222656,61,33.196125984191895,61,33.53720808029175,61,33.86898899078369,61,34.205044984817505,61,34.54151129722595,61,34.87775802612305,61,35.30704474449158,61,35.73893451690674,61,36.069408893585205,61,36.40328121185303,61,36.73474383354187,61,37.08338785171509,61,37.434019327163696,61,37.871230602264404,61,38.29849624633789,61,38.629130125045776,61,39.04804062843323,61,39.37947678565979,61,39.82123112678528,61,40.26539349555969,61,40.60541367530823,61,41.03750705718994,61,41.376866579055786,61,41.80520415306091,61,42.13725233078003,61,42.47284388542175,61,42.768654108047485,61,43.19443392753601,61,43.62580943107605,61,44.056803703308105,61,44.39061164855957,61,44.72694993019104,61,45.011043071746826,61,45.445807456970215,61,45.87340259552002,61,46.16315269470215,61,46.60282039642334,61,47.03955006599426,61,47.33219528198242,61,47.782655000686646,61,48.12776255607605,61,48.419227600097656,61,48.87996745109558,61,49.297221660614014,61,49.63094663619995,61,50.091307640075684,61,50.54277062416077,61,50.988139152526855,61,51.32250499725342,61,51.74451446533203,61,52.19012093544006,61,52.48146963119507,61,52.923858642578125,61,53.263794898986816,61,53.69310140609741,61,54.13364911079407,61,54.47053003311157,61,54.81778168678284,61,55.159719944000244,61,55.49921989440918,61,55.933541774749756,61,56.38150429725647,61,56.79514002799988,61,57.121938943862915,61,57.45193934440613,61,57.77867317199707,61,58.11630821228027,61,58.5552933216095,61,58.849440813064575,61,59.13812756538391,61,59.433727741241455,61,59.78548073768616,61,60.117780447006226,61,60.568994998931885,61,61.022547245025635,61,61.46028113365173,61,61.7525737285614,61,62.09494638442993,61,62.42892575263977,61,62.876492738723755,61,63.327614068984985,61,63.65402102470398,61,63.98860168457031,61,64.27601170539856,61,64.62715244293213,61,64.96865797042847,61,65.29340195655823,61,65.63052415847778,61,66.0774495601654,61,66.41086411476135,61,66.8557391166687,61,67.30636954307556,61,67.65503311157227,61,68.00811910629272,61,68.30090856552124,61,68.74296736717224,61,69.18818593025208,61,69.61912727355957,61,70.06344509124756,61,70.41100883483887,61,70.75300335884094,61,71.09182119369507,61,71.4239432811737,61,71.83414697647095,61,72.12341666221619,61,72.47580814361572,61,72.80153703689575,61,73.09423828125,61,73.43014073371887,61,73.8751528263092,61,74.16516041755676,61,74.51530289649963,61,74.96710395812988,61,75.40417313575745,61,75.75139379501343,61,76.17923903465271,61,76.51152086257935,61,76.84494543075562,61,77.17472314834595,61,77.50712370872498,61,77.9387571811676,61,78.37356734275818,61,78.70448565483093,61,79.12855792045593,61,79.4618239402771,61,79.7906105518341,61,80.24823951721191,61,80.70381569862366,61,81.00715374946594,61,81.45165967941284,61,81.87523889541626,61,82.30701446533203,61,82.74759912490845,61,83.06984281539917,61,83.49863934516907,61,83.7888650894165,61,84.23980712890625,61,84.69580578804016,61,85.04600787162781,61,85.33839869499207,61,85.65652871131897,61,85.9388484954834,61,86.38292098045349,61,86.72193026542664,61,87.14905166625977,61,87.59834671020508,61,88.01701211929321,61,88.45254588127136,61,88.79610848426819,61,89.23254251480103,61,89.52570247650146,61,89.8543529510498,61,90.30033898353577,61,90.74341678619385,61,91.1916446685791,61,91.4791271686554,61,91.81661367416382,61,92.25423383712769,61,92.54484510421753,61,92.8915479183197,61,93.18326258659363,61,93.47989678382874,61,93.93001222610474,61,94.26745080947876,61,94.71324563026428,61,95.0417058467865,61,95.38593459129333,61,95.83610033988953,61,96.26943373680115,61,96.6030113697052,61,96.93797397613525,61,97.3653655052185,61,97.79773783683777,61,98.13302779197693,61,98.58270239830017,61,99.03498554229736,61,99.36854910850525,61,99.81003928184509,61,100.24373579025269,61,100.57977676391602,61,100.90504908561707,61,101.33320689201355,61,101.767258644104,61,102.20280957221985,61,102.65918898582458,61,103.00209498405457,61,103.34281826019287,61,103.6876163482666,61,104.1178650856018,61,104.53903293609619,61,104.8799147605896,61,105.303781747818,61,105.6358802318573,61,105.98515582084656,61,106.428067445755,61,106.8543951511383,61,107.30054235458374,61,107.74788641929626,61,108.04530549049377,61,108.40753054618835,61,108.85426998138428,61,109.19128394126892,61,109.54657292366028,61,109.8384485244751,61,110.12429118156433,61,110.55913186073303,61,111.00596332550049,61,111.3412766456604,61,111.77343130111694,61,112.21596360206604,61,112.50851941108704,61,112.95539808273315,61,113.29657196998596,61,113.63637065887451,61,114.09624886512756,61,114.53087544441223,61,114.96403360366821,61,115.40291500091553,61,115.83223295211792,61,116.2825779914856,61,116.61337947845459,61,117.06637835502625,61,117.51262927055359,61,117.94491600990295,61,118.24035096168518,61,118.57675814628601,61,119.02186250686646,61,119.31578278541565,61,119.7558605670929,61,120.09642481803894,61,120.44833111763,61,120.73958420753479,61,121.08414626121521,61,121.52817249298096,61,121.8648898601532,61,122.19788026809692,61,122.6389217376709,61,122.96989703178406,61,123.4044017791748,61,123.86072850227356,61,124.16329979896545,61,124.50012016296387,61,124.84564161300659,61,125.27177476882935,61,125.6192536354065,61,125.98376560211182,61,126.43238592147827,61,126.8643639087677,61,127.20080542564392,61,127.53892970085144,61,127.96039962768555,61,128.40246152877808,61,128.85295796394348,61,129.182049036026,61,129.6354033946991,61,130.09400987625122,61,130.4304175376892,61,130.75557732582092,61,131.19028449058533,61,131.53697991371155,61,131.875253200531,61,132.20530772209167,61,132.6602120399475,61,133.11971354484558,61,133.45691466331482,61,133.90761280059814,61,134.23726749420166,61,134.66499543190002,61,134.99109625816345,61,135.3271815776825,61,135.66937685012817,61,136.12232494354248,61,136.4093222618103,61,136.69613909721375,61,137.13237977027893,61,137.45530343055725,61,137.91082048416138,61,138.2425651550293,61,138.67000818252563,61,138.9611930847168,61,139.40681505203247,61,139.75216627120972,61,140.20178389549255,61,140.64730072021484,61,140.94454050064087,61,141.22680711746216,61,141.66860437393188,61,142.09012532234192,61,142.54295921325684,61,142.8755977153778,61,143.21562671661377,61,143.50461220741272,61,143.83670806884766,61,144.1688530445099,61,144.60099172592163,61,144.93630075454712,61,145.37876677513123,61,145.83393383026123,61,146.26551961898804,61,146.620215177536,61,147.0622591972351,61,147.49330306053162,61,147.8334891796112,61,148.1728093624115,61,148.63284540176392,61,149.07188820838928,61,149.41678953170776,61,149.8532531261444,61,150.19602608680725,61,150.53961277008057,61,150.89196968078613,61,151.23191809654236,61,151.57249474525452,61,151.8567991256714,61,152.20139575004578,61,152.54921674728394,61,152.98575711250305,61,153.2754511833191,61,153.72169733047485,61,154.1591603755951,61,154.6006772518158,61,154.91044783592224,61,155.35276627540588,61,155.79973244667053,61,156.1337354183197,61,156.56452250480652,61,156.90888667106628,61,157.25071001052856,61,157.53988075256348,61,157.9614818096161,61,158.42053604125977,61,158.75765132904053,61,159.21169304847717,61,159.64798069000244,61,160.09400987625122,61,160.42672610282898,61,160.7612099647522,61,161.20999670028687,61,161.66917848587036,61,162.1079125404358,61,162.54683208465576,61,162.97409677505493,61,163.41135597229004,61,163.69723415374756,61,164.0334746837616,61,164.46941423416138,61,164.90699362754822,61,165.3561511039734,61,165.69764971733093,61,166.1090497970581,61,166.39359736442566,61,166.8208134174347,61,167.1286289691925,61,167.41944241523743,61,167.74095034599304,61,168.14911603927612,61,168.59475135803223,61,168.93638515472412,61,169.37608432769775,61,169.80448484420776,61,170.2427635192871,61,170.68105912208557,61,170.97048044204712,61,171.4006061553955,61,171.74200987815857,61,172.07695508003235,61,172.4107277393341,61,172.83804082870483,61,173.2713804244995,61,173.71039295196533,61,174.13868737220764,61,174.56923151016235,61,175.01170253753662,61,175.43408155441284,61,175.8724377155304,61,176.28711652755737,61,176.72273063659668,61,177.1741452217102,61,177.58738112449646,61,178.0276119709015,61,178.35428047180176,61,178.78873419761658,61,179.11615443229675,61,179.45061206817627,61,179.89464473724365,61,180.3439166545868,61,180.6313214302063,61,181.06201338768005,61,181.50405716896057,61,181.9322154521942,61,182.224782705307,61,182.65698981285095,61,182.99363374710083,61,183.40585589408875,61,183.82536625862122,61,184.16095161437988,61,184.49834752082825,61,184.8271062374115,61,185.24307584762573,61,185.66519832611084,61,186.00005865097046,61,186.29274821281433,61,186.63375568389893,61,186.97458243370056,61,187.3118908405304,61,187.64170050621033,61,187.96977162361145,61,188.30463886260986,61,188.63459849357605,61,189.08720684051514,61,189.52011275291443,61,189.97492837905884,61,190.39531445503235,61,190.74245977401733,61,191.1869957447052,61,191.52797651290894,61,191.95378994941711,61,192.28947281837463,61,192.71993136405945,61,193.06311702728271,61,193.4219183921814,61,193.85713744163513,61,194.1935272216797,61,194.52197790145874,61,194.9666042327881,61,195.4187729358673,61,195.75714135169983,61,196.20933747291565,61,196.63812732696533,61,197.07326197624207,61,197.40874457359314,61,197.7301685810089,61,198.1725857257843,61,198.4622802734375,61,198.90874552726746,61,199.2004590034485,61,199.63857054710388,61,199.97421860694885,61,200.4042990207672,61,200.73647618293762,61,201.07283687591553,61,201.4150595664978,61,201.86337780952454,61,202.20675253868103,61,202.63310194015503,61,203.0699541568756,61,203.53011441230774,61,203.86640286445618,61,204.2885627746582,61,204.73292183876038,61,205.07493782043457,61,205.36981225013733,61,205.81180620193481,61,206.15617752075195,61,206.60005354881287,61,206.95066165924072,61,207.30361580848694,61,207.72903490066528,61,208.0616295337677,61,208.35887050628662,61,208.806743144989,61,209.24312448501587,61,209.53860783576965,61,209.99151420593262,61,210.32835745811462,61,210.62259459495544,61,211.08390045166016,61,211.42810463905334,61,211.73181676864624,61,212.15881371498108,61,212.49155974388123,61,212.91232633590698,61,213.19721364974976,61,213.61010026931763,61,213.93294525146484,61,214.35430026054382,61,214.77318334579468,61,215.0854127407074,61,215.51212859153748,61,215.94862151145935,61,216.2963833808899,61,216.6447491645813,61,217.0798580646515,61,217.52828812599182,61,217.86878204345703,61,218.21574354171753,61,218.65641355514526,61,218.9934754371643,61,219.44996523857117,61,219.73669362068176,61,220.18945407867432,61,220.52961993217468,61,220.85899829864502,61,221.1956012248993,61,221.5295114517212,61,221.86794233322144,61,222.2014617919922,61,222.49052476882935,61,222.82638382911682,61,223.2783522605896,61,223.7164101600647,61,224.15202260017395,61,224.61357140541077,61,225.03972244262695,61,225.3904812335968,61,225.68131136894226,61,226.02398991584778,61,226.47812056541443,61,226.91863083839417,61,227.26822113990784,61,227.61635208129883,61,227.95419478416443,61,228.30533742904663,61,228.7502520084381,61,229.18008017539978,61,229.47675585746765,61,229.90219068527222,61,230.3431031703949,61,230.80002450942993,61,231.1157283782959,61,231.4661717414856,61,231.75971245765686,61,232.18834114074707,61,232.5350637435913,61,232.98082971572876,61,233.42525243759155,61,233.86817574501038,61,234.2064459323883,61,234.63092350959778,61,235.06767392158508,61,235.5243639945984,61,235.86800909042358,61,236.29345846176147,61,236.73766422271729,61,237.03716826438904,61,237.36896562576294,61,237.66437983512878,61,238.10511302947998,61,238.44002747535706,61,238.87903785705566,61,239.22294449806213,61,239.51958394050598,61,239.87181115150452,61,240.20883226394653,61,240.65377855300903,61,241.10531401634216,61,241.5577380657196,61,242.0078148841858,61,242.33766269683838,61,242.7713177204132,61,243.10266637802124,61,243.5399661064148,61,243.85139179229736,61,244.17976546287537,61,244.62070178985596,61,244.9584264755249,61,245.4065923690796,61,245.74499583244324,61,246.17647528648376,61,246.6270968914032,61,247.07241487503052,61,247.51347517967224,61,247.86602067947388,61,248.21076774597168,61,248.50385236740112,61,248.84439039230347,61,249.19664072990417,61,249.53584003448486,61,249.88049149513245,61,250.30709743499756,61,250.75862526893616,61,251.18674969673157,61,251.63556432724,61,251.96735429763794,61,252.30193328857422,61,252.5954954624176,61,252.93723011016846,61,253.23367047309875,61,253.56771802902222,61,253.9003710746765,61,254.35062432289124,61,254.65127396583557,61,255.0944697856903,61,255.4189670085907,61,255.71678400039673,61,256.054034948349,61,256.49088430404663,61,256.93522810935974,61,257.39352345466614,61,257.7344431877136,61,258.1828851699829,61,258.4786157608032,61,258.9113862514496,61,259.36554622650146,61,259.81327962875366,61,260.26749324798584,61,260.6020452976227,61,260.8959183692932,61,261.34390091896057,61,261.63136863708496,61,261.96219205856323,61,262.4139142036438,61,262.865651845932,61,263.2116045951843,61,263.5730493068695,61,263.92624378204346,61,264.2659661769867,61,264.62043833732605,61,265.07855200767517,61,265.44895601272583,61,265.7818217277527,61,266.2141888141632,61,266.5670623779297,61,267.0079736709595,61,267.3386552333832,61,267.67407298088074,61,268.0279891490936,61,268.4482250213623,61,268.9025688171387,61,269.33964133262634,61,269.77745056152344,61,270.07031416893005,61,270.4235646724701,61,270.870557308197,61,271.31011748313904,61,271.73646664619446,61,272.0776629447937,61,272.5087640285492,61,272.85254979133606,61,273.1456983089447,61,273.4366252422333,61,273.8849699497223,61,274.3322925567627,61,274.6247260570526,61,275.0495374202728,61,275.5015296936035,61,275.84485840797424,61,276.1505649089813,61,276.4875576496124,61,276.82734084129333,61,277.1795799732208,61,277.6042630672455,61,277.89555048942566,61,278.1857497692108,61,278.623735666275,61,278.95857214927673,61,279.37839674949646,61,279.8234968185425,61,280.15618801116943,61,280.4944462776184,61,280.9423198699951,61,281.2828063964844,61,281.6131479740143,61,281.9471323490143,61,282.29024934768677,61,282.72471737861633,61,283.06928515434265,61,283.3636565208435,61,283.6591806411743,61,284.00281047821045,61,284.3560588359833,61,284.69457817077637,61,285.05468225479126,61,285.4756212234497,61,285.81807231903076,61,286.17798018455505,61,286.61318588256836,61,286.9515492916107,61,287.4002106189728,61,287.84035563468933,61,288.13726592063904,61,288.47711753845215,61,288.90527868270874,61,289.3593304157257,61,289.6945056915283,61,290.037070274353,61,290.4877071380615,61,290.9307041168213,61,291.305472612381,61,291.73960065841675,61,292.0703926086426,61,292.39693880081177,61,292.83832716941833,61,293.1709384918213,61,293.5073072910309,61,293.93236327171326,61,294.28196477890015,61,294.7324674129486,61,295.170551776886,61,295.52134346961975,61,295.870263338089,61,296.2246689796448,61,296.66111636161804,61,296.9526262283325,61,297.2781174182892,61,297.7032208442688,61,298.13407492637634,61,298.4796280860901,61,298.818336725235,61,299.1614136695862,61,299.5991847515106,61,299.9364972114563,61,300.0351047515869
2,random graphs/big_layer/r1.5k12n8/graph2.lgbin,26440,291.3056206703186,39,109,0,40,0.34578514099121094,39,0.9111824035644531,39,1.225799322128296,39,1.7878694534301758,39,2.1024386882781982,39,2.6411514282226562,39,2.9595906734466553,39,3.51796817779541,39,3.8316855430603027,39,4.386154890060425,39,4.940680503845215,39,5.265291690826416,39,5.8193113803863525,39,6.139093637466431,39,6.61531138420105,39,6.934223175048828,39,7.500729322433472,39,7.821573257446289,39,8.366617202758789,39,8.91840410232544,39,9.483555793762207,39,9.814086675643921,39,10.379270076751709,39,10.726799488067627,39,11.295685291290283,39,11.625632286071777,39,12.17461109161377,39,12.500152111053467,39,12.822894096374512,39,13.37203860282898,39,13.696949481964111,39,14.252355813980103,39,14.810897588729858,39,15.380481958389282,39,15.711977481842041,39,16.25502872467041,39,16.812243461608887,39,17.15577721595764,39,17.701798915863037,39,18.25639295578003,39,18.696274042129517,39,19.256134271621704,39,19.79517960548401,39,20.35221838951111,39,20.790311098098755,39,21.331801652908325,39,21.88730812072754,39,22.206567764282227,39,22.64684557914734,39,22.976609230041504,39,23.305787086486816,39,23.63903546333313,39,24.19215679168701,39,24.74169683456421,39,25.064876556396484,39,25.397661685943604,39,25.961211442947388,39,26.279093027114868,39,26.832165956497192,39,27.38613533973694,39,27.711892127990723,39,28.06028914451599,39,28.374871015548706,39,28.69946312904358,39,29.018757104873657,39,29.582974433898926,39,30.13869619369507,39,30.455620288848877,39,30.797394514083862,39,31.35998010635376,39,31.73384976387024,39,32.04750657081604,39,32.40856862068176,39,32.965065479278564,39,33.52973389625549,39,33.84735441207886,39,34.383275270462036,39,34.922598123550415,39,35.48978781700134,39,35.83091402053833,39,36.191797733306885,39,36.54093909263611,39,37.0875461101532,39,37.63839912414551,39,38.1341507434845,39,38.44350743293762,39,39.00120306015015,39,39.317994356155396,39,39.64133286476135,39,40.06625938415527,39,40.38643479347229,39,40.70158004760742,39,41.01799535751343,39,41.56528043746948,39,42.109060525894165,39,42.42715311050415,39,42.73999357223511,39,43.06699776649475,39,43.3858585357666,39,43.73691177368164,39,44.281206130981445,39,44.82591366767883,39,45.368350982666016,39,45.685795307159424,39,46.03661251068115,39,46.595625162124634,39,47.138805627822876,39,47.45735430717468,39,48.015681743621826,39,48.57773208618164,39,49.017669916152954,39,49.33499765396118,39,49.900012254714966,39,50.45266079902649,39,51.00663137435913,39,51.54832077026367,39,52.114540815353394,39,52.665935039520264,39,52.98063945770264,39,53.308953523635864,39,53.86452531814575,39,54.41645264625549,39,54.968886613845825,39,55.5328311920166,39,55.84962701797485,39,56.177605867385864,39,56.64726734161377,39,57.20234823226929,39,57.530635595321655,39,58.09734559059143,39,58.65097260475159,39,59.20449686050415,39,59.55032229423523,39,60.10930919647217,39,60.42521595954895,39,60.75389814376831,39,61.10054969787598,39,61.6585476398468,39,61.975929737091064,39,62.530216455459595,39,62.84895038604736,39,63.410563468933105,39,63.97207450866699,39,64.29132843017578,39,64.6132140159607,39,65.17126655578613,39,65.59910678863525,39,65.91950821876526,39,66.26133799552917,39,66.6192512512207,39,66.93422937393188,39,67.25931334495544,39,67.80023908615112,39,68.34797382354736,39,68.89259266853333,39,69.21965003013611,39,69.6642279624939,39,69.98959708213806,39,70.54435563087463,39,70.89106678962708,39,71.43633008003235,39,71.97982668876648,39,72.295978307724,39,72.86118531227112,39,73.41865539550781,39,73.73899126052856,39,74.1059775352478,39,74.45103168487549,39,75.01809477806091,39,75.32661414146423,39,75.87969756126404,39,76.4277994632721,39,76.775461435318,39,77.08850598335266,39,77.40877199172974,39,77.9650526046753,39,78.3293776512146,39,78.89229941368103,39,79.44577193260193,39,80.00016784667969,39,80.3588559627533,39,80.91531610488892,39,81.46735310554504,39,82.0115966796875,39,82.56545352935791,39,82.88126349449158,39,83.42519903182983,39,83.73969006538391,39,84.29756164550781,39,84.84959197044373,39,85.18148827552795,39,85.52940440177917,39,85.85062742233276,39,86.3965196609497,39,86.93956637382507,39,87.257883310318,39,87.69290065765381,39,88.04909062385559,39,88.58931493759155,39,89.09052014350891,39,89.64593863487244,39,90.18863463401794,39,90.73490166664124,39,91.05324363708496,39,91.60888648033142,39,91.93108034133911,39,92.24504327774048,39,92.57334542274475,39,92.93435549736023,39,93.25598764419556,39,93.56824326515198,39,93.91421031951904,39,94.46608686447144,39,94.78302645683289,39,95.09565114974976,39,95.44972705841064,39,96.00479865074158,39,96.5441403388977,39,96.85515928268433,39,97.181715965271,39,97.72557830810547,39,98.05822491645813,39,98.37431263923645,39,98.73427891731262,39,99.04846692085266,39,99.58704733848572,39,99.90466284751892,39,100.21643471717834,39,100.53909420967102,39,100.86006498336792,39,101.40253400802612,39,101.72708082199097,39,102.27830767631531,39,102.8206479549408,39,103.18648600578308,39,103.52260446548462,39,103.86794137954712,39,104.42596817016602,39,104.74269890785217,39,105.08611822128296,39,105.54036855697632,39,105.87856030464172,39,106.41580748558044,39,106.84361147880554,39,107.37837171554565,39,107.91460800170898,39,108.2341558933258,39,108.78221440315247,39,109.32384705543518,39,109.76295590400696,39,110.08701515197754,39,110.65395379066467,39,111.21205759048462,39,111.76910901069641,39,112.08771252632141,39,112.64318895339966,39,112.96484184265137,39,113.28949189186096,39,113.60371804237366,39,114.15194845199585,39,114.70640707015991,39,115.23868441581726,39,115.80363202095032,39,116.3663740158081,39,116.91897964477539,39,117.45247507095337,39,117.77390718460083,39,118.24419569969177,39,118.56402635574341,39,118.89121985435486,39,119.45645236968994,39,119.81682753562927,39,120.3592700958252,39,120.70761466026306,39,121.02048206329346,39,121.34204030036926,39,121.66775751113892,39,121.98481464385986,39,122.54198551177979,39,122.86036133766174,39,123.18435597419739,39,123.72098541259766,39,124.27280378341675,39,124.8169813156128,39,125.35939359664917,39,125.67792224884033,39,126.2260537147522,39,126.76819348335266,39,127.10703659057617,39,127.41888928413391,39,127.75236368179321,39,128.06174325942993,39,128.61785221099854,39,129.16838765144348,39,129.71435117721558,39,130.0357165336609,39,130.37217330932617,39,130.73146080970764,39,131.04829812049866,39,131.5887222290039,39,131.90116238594055,39,132.22092032432556,39,132.56850576400757,39,132.89590573310852,39,133.2168574333191,39,133.5479657649994,39,134.10296654701233,39,134.65491938591003,39,134.97420120239258,39,135.51676106452942,39,135.83151960372925,39,136.1512725353241,39,136.69370937347412,39,137.01771020889282,39,137.56294298171997,39,138.09830856323242,39,138.6478021144867,39,138.95929145812988,39,139.51728296279907,39,140.0582332611084,39,140.38998222351074,39,140.83244514465332,39,141.3882188796997,39,141.70668029785156,39,142.2562644481659,39,142.80162692070007,39,143.34971690177917,39,143.6675989627838,39,143.9889359474182,39,144.31029391288757,39,144.86845684051514,39,145.4115059375763,39,145.7314920425415,39,146.05151343345642,39,146.61690545082092,39,146.9402620792389,39,147.4921727180481,39,148.0456075668335,39,148.36351537704468,39,148.8188157081604,39,149.38012599945068,39,149.94952297210693,39,150.26973485946655,39,150.72574925422668,39,151.28649497032166,39,151.6468367576599,39,151.9699251651764,39,152.52629399299622,39,153.06679916381836,39,153.60386896133423,39,154.13488602638245,39,154.44123911857605,39,154.76480293273926,39,155.30669975280762,39,155.6158847808838,39,155.9281713962555,39,156.47579860687256,39,157.03661918640137,39,157.48340034484863,39,157.80487275123596,39,158.12653255462646,39,158.4769515991211,39,158.82973670959473,39,159.38547706604004,39,159.82307934761047,39,160.16902041435242,39,160.49052381515503,39,161.04783606529236,39,161.58457016944885,39,161.91034364700317,39,162.45451498031616,39,162.99687242507935,39,163.55066061019897,39,164.09422850608826,39,164.64738202095032,39,165.201096534729,39,165.5111243724823,39,166.06762051582336,39,166.6224434375763,39,167.17322373390198,39,167.49164986610413,39,167.8187358379364,39,168.13464975357056,39,168.45813035964966,39,168.7662878036499,39,169.05661535263062,39,169.59769129753113,39,169.90834975242615,39,170.2487108707428,39,170.7895119190216,39,171.10154271125793,39,171.44790720939636,39,171.98176097869873,39,172.29016137123108,39,172.69657158851624,39,173.10716772079468,39,173.657940864563,39,173.9979588985443,39,174.53634977340698,39,174.8563208580017,39,175.39742803573608,39,175.945787191391,39,176.48865842819214,39,177.03088569641113,39,177.34035348892212,39,177.86598587036133,39,178.22039556503296,39,178.7558982372284,39,179.1046016216278,39,179.64417052268982,39,180.18734645843506,39,180.7449016571045,39,181.0660252571106,39,181.3885669708252,39,181.92750716209412,39,182.474684715271,39,182.79380774497986,39,183.10323691368103,39,183.64079594612122,39,183.9512233734131,39,184.47264051437378,39,184.77293062210083,39,185.30564332008362,39,185.60676217079163,39,185.90833044052124,39,186.1979682445526,39,186.50254821777344,39,187.02669310569763,39,187.32861375808716,39,187.63577151298523,39,188.18410754203796,39,188.71675086021423,39,189.02818822860718,39,189.33876276016235,39,189.65291547775269,39,189.96323442459106,39,190.28885889053345,39,190.84510469436646,39,191.2021083831787,39,191.7345530986786,39,192.26423406600952,39,192.67938613891602,39,192.99226570129395,39,193.29314422607422,39,193.60088920593262,39,194.14385199546814,39,194.4625895023346,39,194.8027424812317,39,195.35666584968567,39,195.9039375782013,39,196.2163736820221,39,196.75821352005005,39,197.30647253990173,39,197.63496923446655,39,198.17805337905884,39,198.70936155319214,39,199.23478937149048,39,199.57016515731812,39,200.097092628479,39,200.39528632164001,39,200.92899703979492,39,201.4469711780548,39,201.7516860961914,39,202.275705575943,39,202.57723736763,39,203.1161847114563,39,203.42767906188965,39,203.97853899002075,39,204.51110982894897,39,204.82502961158752,39,205.3800811767578,39,205.6963713169098,39,206.04981470108032,39,206.60831308364868,39,206.9260241985321,39,207.47694635391235,39,207.88153505325317,39,208.18011212348938,39,208.72653698921204,39,209.28537607192993,39,209.72470450401306,39,210.04464077949524,39,210.35803890228271,39,210.8995645046234,39,211.44686102867126,39,211.75816082954407,39,212.30117297172546,39,212.63218307495117,39,213.19356107711792,39,213.62615942955017,39,214.0382785797119,39,214.35126209259033,39,214.69825172424316,39,215.22838425636292,39,215.5664677619934,39,216.10393357276917,39,216.64741492271423,39,216.9654359817505,39,217.52324891090393,39,217.82861042022705,39,218.35125017166138,39,218.6534707546234,39,219.2121274471283,39,219.7719612121582,39,220.30453372001648,39,220.65635800361633,39,221.2053825855255,39,221.52318811416626,39,222.0807445049286,39,222.39904713630676,39,222.74224066734314,39,223.3073546886444,39,223.65887022018433,39,224.100515127182,39,224.4228391647339,39,224.8666021823883,39,225.1880588531494,39,225.74118638038635,39,226.08384442329407,39,226.38915348052979,39,226.73642539978027,39,227.154390335083,39,227.6894805431366,39,228.1733922958374,39,228.6953625679016,39,229.0082607269287,39,229.5540075302124,39,229.86222505569458,39,230.41478157043457,39,230.9567494392395,39,231.28340911865234,39,231.59202814102173,39,231.89810490608215,39,232.44848537445068,39,232.99383568763733,39,233.3146457672119,39,233.87120532989502,39,234.41320061683655,39,234.72208905220032,39,235.24991083145142,39,235.78078174591064,39,236.09119367599487,39,236.6258101463318,39,236.93432307243347,39,237.4609181880951,39,237.991117477417,39,238.3042004108429,39,238.64295744895935,39,238.95884156227112,39,239.27038097381592,39,239.80550861358643,39,240.23372077941895,39,240.7676477432251,39,241.07784986495972,39,241.6066882610321,39,242.13726687431335,39,242.44328927993774,39,242.9737069606781,39,243.28182125091553,39,243.63741064071655,39,243.97962927818298,39,244.29502153396606,39,244.62241983413696,39,244.93628764152527,39,245.37595081329346,39,245.69931173324585,39,246.2444610595703,39,246.54948091506958,39,247.09951376914978,39,247.65258312225342,39,248.18439316749573,39,248.50425601005554,39,248.9261393547058,39,249.26566886901855,39,249.80061602592468,39,250.3272454738617,39,250.64346575737,39,251.18168139457703,39,251.71987318992615,39,252.26569724082947,39,252.80786871910095,39,253.14438199996948,39,253.46103262901306,39,253.8078784942627,39,254.1252429485321,39,254.4352149963379,39,254.91676545143127,39,255.21741390228271,39,255.7441599369049,39,256.2786662578583,39,256.8151936531067,39,257.35811948776245,39,257.9134430885315,39,258.2336106300354,39,258.53382301330566,39,259.0698025226593,39,259.6019220352173,39,260.1402609348297,39,260.6789712905884,39,261.02579712867737,39,261.56346321105957,39,261.9212303161621,39,262.2843234539032,39,262.60914039611816,39,262.92851400375366,39,263.4775712490082,39,263.9178555011749,39,264.2383735179901,39,264.56044936180115,39,264.87446212768555,39,265.20660066604614,39,265.5236554145813,39,266.07753133773804,39,266.38900327682495,39,266.9301190376282,39,267.2571613788605,39,267.5776205062866,39,268.13642859458923,39,268.482693195343,39,268.79494285583496,39,269.3295068740845,39,269.73893904685974,39,270.05439043045044,39,270.6004674434662,39,271.14833211898804,39,271.457923412323,39,272.0039756298065,39,272.34514021873474,39,272.6676242351532,39,272.9806544780731,39,273.3057634830475,39,273.8054287433624,39,274.3606252670288,39,274.6807713508606,39,275.2264289855957,39,275.71229314804077,39,276.25733160972595,39,276.5994961261749,39,277.15787267684937,39,277.6209921836853,39,278.15899324417114,39,278.69414949417114,39,279.23719573020935,39,279.5589265823364,39,279.8852229118347,39,280.20571780204773,39,280.75983810424805,39,281.3122715950012,39,281.6205358505249,39,281.93321084976196,39,282.488303899765,39,282.8521194458008,39,283.16862201690674,39,283.72662591934204,39,284.2489709854126,39,284.78977394104004,39,285.1040749549866,39,285.54189467430115,39,285.86904883384705,39,286.187096118927,39,286.74603843688965,39,287.287969827652,39,287.6258771419525,39,287.9378352165222,39,288.4982089996338,39,289.04960203170776,39,289.61231875419617,39,290.16712760925293,39,290.7076771259308,39,291.01698637008667,39,291.32633566856384,39,291.6535882949829,39,291.9726572036743,39,292.52562832832336,39,292.83497619628906,39,293.38687229156494,39,293.9495437145233,39,294.4765019416809,39,294.89373755455017,39,295.4344356060028,39,295.75753593444824,39,296.3044204711914,39,296.835750579834,39,297.1427433490753,39,297.69102787971497,39,298.2340316772461,39,298.7777338027954,39,299.1246509552002,39,299.45188641548157,39,299.77917098999023,39,300.02634167671204
3,random graphs/big_layer/r1.5k12n8/graph3.lgbin,26440,293.807275056839,65,146,0,69,0.4346466064453125,65,1.3282191753387451,65,1.6117160320281982,65,2.4387004375457764,65,2.7228634357452393,65,3.5528242588043213,65,3.8465473651885986,65,4.688615083694458,65,4.9764392375946045,65,5.788607835769653,65,6.071061134338379,65,6.338798522949219,65,6.597619533538818,65,6.873881578445435,65,7.160095453262329,65,7.611047029495239,65,8.416383028030396,65,8.671318531036377,65,9.032265186309814,65,9.333141088485718,65,10.151856899261475,65,10.48711609840393,65,10.756466150283813,65,11.574004650115967,65,12.398093700408936,65,12.691364288330078,65,13.506485223770142,65,14.341190814971924,65,15.163445472717285,65,15.448345184326172,65,15.72783088684082,65,16.00207018852234,65,16.283418655395508,65,16.55755639076233,65,17.35575795173645,65,18.183319568634033,65,18.98874068260193,65,19.791080236434937,65,20.6168532371521,65,21.444233655929565,65,21.699663639068604,65,22.52875828742981,65,22.802467823028564,65,23.625959157943726,65,23.911494255065918,65,24.167529106140137,65,24.45158076286316,65,25.279704570770264,65,26.100994110107422,65,26.39351749420166,65,26.675299406051636,65,27.506399393081665,65,27.779396533966064,65,28.613543272018433,65,29.43864631652832,65,30.251813888549805,65,31.054893255233765,65,31.331101894378662,65,32.13645029067993,65,32.9608428478241,65,33.77430200576782,65,34.05859184265137,65,34.89320397377014,65,35.34537100791931,65,35.62950253486633,65,36.45271134376526,65,36.72458291053772,65,37.00014328956604,65,37.81784248352051,65,38.63234758377075,65,38.895569801330566,65,39.17273926734924,65,40.0039758682251,65,40.35308766365051,65,41.16908264160156,65,41.46392869949341,65,42.27251935005188,65,42.5478777885437,65,43.35190773010254,65,44.16457152366638,65,44.41502904891968,65,45.22142767906189,65,45.53606581687927,65,45.81327223777771,65,46.16101670265198,65,46.42781186103821,65,46.696932792663574,65,47.4765145778656,65,47.75082540512085,65,48.54223990440369,65,48.82876133918762,65,49.09986925125122,65,49.384010314941406,65,50.19232749938965,65,50.45472764968872,65,50.71633791923523,65,51.000102519989014,65,51.7885046005249,65,52.574435234069824,65,53.3711473941803,65,54.19659066200256,65,54.47793126106262,65,54.752331018447876,65,55.00284814834595,65,55.29706621170044,65,55.57342743873596,65,55.847576379776,65,56.673157691955566,65,57.49494004249573,65,58.30936551094055,65,59.13491368293762,65,59.94766974449158,65,60.30182766914368,65,61.11687684059143,65,61.39196753501892,65,62.204554080963135,65,62.48106098175049,65,62.82775545120239,65,63.65371036529541,65,63.91645264625549,65,64.72741913795471,65,65.0120153427124,65,65.8358223438263,65,66.12859582901001,65,66.96432971954346,65,67.79152178764343,65,68.08027195930481,65,68.907794713974,65,69.74111604690552,65,70.5551381111145,65,70.83777189254761,65,71.65789413452148,65,71.94272828102112,65,72.29620790481567,65,72.58531975746155,65,72.85894680023193,65,73.65002918243408,65,73.93369126319885,65,74.29674744606018,65,75.09648633003235,65,75.92462277412415,65,76.74145245552063,65,77.56727480888367,65,78.38832259178162,65,79.21533632278442,65,80.05991888046265,65,80.88590693473816,65,81.16740894317627,65,81.44238805770874,65,81.70357155799866,65,81.94870901107788,65,82.77438378334045,65,83.06899881362915,65,83.34764051437378,65,83.62285137176514,65,83.89807772636414,65,84.18089056015015,65,85.01129388809204,65,85.27964806556702,65,85.54225182533264,65,86.35788464546204,65,86.63960552215576,65,87.4625952243805,65,87.75024127960205,65,88.58217978477478,65,89.39352250099182,65,90.20912981033325,65,90.57213497161865,65,91.36469531059265,65,91.643146276474,65,92.45188355445862,65,92.73782992362976,65,93.02600288391113,65,93.29610013961792,65,94.10998630523682,65,94.90860199928284,65,95.15844535827637,65,95.42878937721252,65,96.23492121696472,65,96.523362159729,65,97.33489513397217,65,97.57740807533264,65,98.38835573196411,65,98.67452144622803,65,98.96739649772644,65,99.22081303596497,65,99.49140429496765,65,100.28840661048889,65,101.10512518882751,65,101.89903092384338,65,102.6831316947937,65,102.9637246131897,65,103.76772832870483,65,104.06764221191406,65,104.35118794441223,65,104.63023805618286,65,105.44248723983765,65,105.73161888122559,65,106.55725240707397,65,106.83657169342041,65,107.13326263427734,65,107.953458070755,65,108.7657060623169,65,109.04445958137512,65,109.86396431922913,65,110.14613151550293,65,110.9643976688385,65,111.7877550125122,65,112.60077142715454,65,113.42858529090881,65,113.72411727905273,65,114.54531121253967,65,115.35051679611206,65,116.15650391578674,65,116.96107196807861,65,117.77339935302734,65,118.57918095588684,65,118.8570466041565,65,119.65247678756714,65,119.9250762462616,65,120.20704317092896,65,121.01174306869507,65,121.27264499664307,65,122.07835483551025,65,122.42994332313538,65,123.25656199455261,65,124.06159400939941,65,124.88449835777283,65,125.70055198669434,65,125.9846019744873,65,126.79676461219788,65,127.11791658401489,65,127.95059561729431,65,128.77810645103455,65,129.06435370445251,65,129.32242727279663,65,130.15547394752502,65,130.44008421897888,65,131.26362586021423,65,132.07653403282166,65,132.88478875160217,65,133.71614027023315,65,134.5359489917755,65,134.80789637565613,65,135.62072277069092,65,136.42997407913208,65,137.24709463119507,65,137.5341591835022,65,137.8037302494049,65,138.08550119400024,65,138.3429172039032,65,138.5918378829956,65,139.04240608215332,65,139.86301732063293,65,140.13994789123535,65,140.94279289245605,65,141.22342777252197,65,141.50568628311157,65,142.3297815322876,65,142.6892786026001,65,143.497545003891,65,143.77556943893433,65,144.04386448860168,65,144.30518198013306,65,144.59487295150757,65,144.86158275604248,65,145.65957069396973,65,145.935231924057,65,146.74810528755188,65,147.5362946987152,65,148.33324813842773,65,148.69885659217834,65,149.50260853767395,65,149.78520369529724,65,150.05904626846313,65,150.32971358299255,65,150.60149788856506,65,150.86885809898376,65,151.68157625198364,65,152.4791865348816,65,153.27313017845154,65,153.542236328125,65,154.34856152534485,65,154.62344551086426,65,155.43422770500183,65,156.2495412826538,65,157.06360387802124,65,157.349374294281,65,157.6199290752411,65,157.8692319393158,65,158.15089201927185,65,158.9664797782898,65,159.78041458129883,65,160.57778978347778,65,160.85449743270874,65,161.66093063354492,65,162.47923159599304,65,162.75125432014465,65,163.5675928592682,65,163.84748196601868,65,164.1988492012024,65,165.01455736160278,65,165.29099559783936,65,166.08430409431458,65,166.37069034576416,65,167.18707942962646,65,168.0095398426056,65,168.291113615036,65,168.55727744102478,65,168.83378982543945,65,169.10184359550476,65,169.90672373771667,65,170.70818161964417,65,171.51622414588928,65,171.80662941932678,65,172.64590072631836,65,173.4745683670044,65,173.75509452819824,65,174.04736828804016,65,174.86057043075562,65,175.69245886802673,65,176.5165355205536,65,176.79155325889587,65,177.61744785308838,65,178.44180917739868,65,178.7116687297821,65,179.52774000167847,65,179.8084065914154,65,180.62848925590515,65,181.44132351875305,65,182.24400568008423,65,183.05401253700256,65,183.33290815353394,65,184.15439081192017,65,184.43973016738892,65,185.262446641922,65,185.53816103935242,65,185.88820266723633,65,186.14483976364136,65,186.92889213562012,65,187.21323657035828,65,188.00742936134338,65,188.8134253025055,65,189.10396337509155,65,189.3809311389923,65,190.19755840301514,65,190.47027444839478,65,190.7441508769989,65,190.99344110488892,65,191.7982325553894,65,192.0879304409027,65,192.91698288917542,65,193.71964478492737,65,194.04446291923523,65,194.49570441246033,65,195.27942752838135,65,195.55180144309998,65,196.33446955680847,65,196.58278107643127,65,197.39470195770264,65,197.67766046524048,65,198.47554469108582,65,199.27411031723022,65,200.0873110294342,65,200.44165658950806,65,200.71984314918518,65,201.52964425086975,65,201.8106050491333,65,202.09766721725464,65,202.36539697647095,65,202.62742519378662,65,202.95261240005493,65,203.76348304748535,65,204.57703733444214,65,204.85959482192993,65,205.13431406021118,65,205.40653085708618,65,206.2167489528656,65,206.4955506324768,65,207.3200285434723,65,207.60076117515564,65,208.40740323066711,65,208.6930341720581,65,209.50465083122253,65,210.30822849273682,65,211.0934977531433,65,211.8795018196106,65,212.6848168373108,65,212.96615481376648,65,213.78335309028625,65,214.5744984149933,65,215.3781280517578,65,216.18359065055847,65,217.0021722316742,65,217.29341340065002,65,218.10670351982117,65,218.38709378242493,65,218.66185784339905,65,218.94194340705872,65,219.7456419467926,65,220.07461071014404,65,220.3729887008667,65,221.1639280319214,65,221.51593613624573,65,221.79851865768433,65,222.07197999954224,65,222.8547236919403,65,223.6602749824524,65,223.92587685585022,65,224.21145725250244,65,225.00620222091675,65,225.79099106788635,65,226.0576822757721,65,226.8447403907776,65,227.63297080993652,65,228.41626167297363,65,229.20526576042175,65,229.44969177246094,65,230.2341046333313,65,230.5239462852478,65,230.79602003097534,65,231.58476090431213,65,231.86886644363403,65,232.6736741065979,65,233.12506890296936,65,233.394113779068,65,234.19119119644165,65,234.97650742530823,65,235.25797724723816,65,236.04702758789062,65,236.84768962860107,65,237.64918971061707,65,238.46588349342346,65,239.2701256275177,65,240.0850510597229,65,240.87733459472656,65,241.68719291687012,65,241.96707582473755,65,242.2284698486328,65,242.68242716789246,65,243.48560857772827,65,243.76655507087708,65,244.5732138156891,65,244.85193848609924,65,245.20963740348816,65,246.0288965702057,65,246.84579205513,65,247.66268658638,65,248.48817348480225,65,248.9468252658844,65,249.2291865348816,65,249.51097869873047,65,250.3247685432434,65,251.13203525543213,65,251.92390704154968,65,252.20524549484253,65,252.470112323761,65,252.74463272094727,65,253.56754112243652,65,254.38321089744568,65,254.6646237373352,65,255.12244582176208,65,255.96076202392578,65,256.3125534057617,65,257.1480460166931,65,257.97315430641174,65,258.7877790927887,65,259.591429233551,65,260.40883135795593,65,261.2419464588165,65,262.0679166316986,65,262.3592915534973,65,262.64723801612854,65,263.46734166145325,65,263.7577702999115,65,264.5927245616913,65,265.4157552719116,65,266.2307267189026,65,266.4895746707916,65,267.31577229499817,65,268.1350190639496,65,268.58659982681274,65,269.4090692996979,65,269.7026274204254,65,270.52686882019043,65,271.35058546066284,65,271.6285994052887,65,271.90198707580566,65,272.7106840610504,65,273.52706003189087,65,273.7790298461914,65,274.5913417339325,65,274.86746406555176,65,275.1384582519531,65,275.9563512802124,65,276.24300265312195,65,276.526495218277,65,277.35731744766235,65,278.1814785003662,65,279.0062782764435,65,279.29068899154663,65,279.5663378238678,65,280.3956391811371,65,280.73456478118896,65,281.5743501186371,65,281.85554933547974,65,282.6890552043915,65,283.51497626304626,65,283.79818987846375,65,284.07419180870056,65,284.9042618274689,65,285.7079916000366,65,285.97045493125916,65,286.79353618621826,65,287.6179304122925,65,287.90581130981445,65,288.18006014823914,65,288.4773540496826,65,288.7523396015167,65,289.5803852081299,65,289.9434232711792,65,290.2266278266907,65,291.0485394001007,65,291.873042345047,65,292.154417514801,65,292.96849250793457,65,293.2440130710602,65,294.0668034553528,65,294.903284072876,65,295.19002079963684,65,296.0200378894806,65,296.84321880340576,65,297.3062222003937,65,297.5919899940491,65,298.4311022758484,65,298.88715505599976,65,299.1802747249603,65,299.46899008750916,65,300.0172610282898
4,random graphs/big_layer/r1.5k12n8/graph4.lgbin,26440,284.9332799911499,64,147,0,84,0.3534541130065918,66,0.9601137638092041,66,1.250089406967163,66,1.797299861907959,66,2.085317850112915,66,2.64483904838562,66,2.9318573474884033,66,3.4885056018829346,66,3.7749581336975098,66,4.330431938171387,66,4.620439291000366,66,5.172674894332886,66,5.723677158355713,66,6.2783284187316895,64,6.7041709423065186,64,6.9169628620147705,64,7.182626247406006,64,7.391753196716309,64,7.665454149246216,64,7.92726469039917,64,8.196313858032227,64,8.407240152359009,64,8.618580102920532,64,8.882442712783813,64,9.151424884796143,64,9.412542819976807,64,9.622594833374023,64,9.984004497528076,64,10.249330520629883,64,10.457978248596191,64,10.674406290054321,64,10.942379236221313,64,11.369750738143921,64,11.688534498214722,64,12.107017040252686,64,12.371285915374756,64,12.63100266456604,64,12.847655534744263,64,13.11694073677063,64,13.386580228805542,64,13.595452547073364,64,13.87474250793457,64,14.090279579162598,64,14.527747392654419,64,14.795488119125366,64,15.005440950393677,64,15.219284534454346,64,15.491981029510498,64,15.70211672782898,64,15.914196252822876,64,16.18795108795166,64,16.394665718078613,64,16.670864582061768,64,17.04055380821228,64,17.295664310455322,64,17.721810579299927,64,17.987338542938232,64,18.193885803222656,64,18.39407753944397,64,18.609938621520996,64,18.822805404663086,64,19.0923490524292,64,19.303581953048706,64,19.57288384437561,64,19.776612758636475,64,20.045646905899048,64,20.310614109039307,64,20.519051551818848,64,20.72938108444214,64,21.00312614440918,64,21.266338348388672,64,21.536068201065063,64,21.798234939575195,64,22.125245332717896,64,22.382863998413086,64,22.642837285995483,64,22.8998064994812,64,23.333556413650513,64,23.595796823501587,64,23.858574867248535,64,24.069763660430908,64,24.27312183380127,64,24.484473705291748,64,24.815107583999634,64,25.025299549102783,64,25.29940152168274,64,25.510819673538208,64,25.72071361541748,64,25.92956566810608,64,26.143437147140503,64,26.351269483566284,64,26.777265548706055,64,26.987367630004883,64,27.195499897003174,64,27.4594829082489,64,27.72100043296814,64,27.97600769996643,64,28.40742015838623,64,28.832643508911133,64,29.101882219314575,64,29.310964107513428,64,29.650885105133057,64,29.91817593574524,64,30.12726616859436,64,30.392836332321167,64,30.65250825881958,64,30.860503435134888,64,31.07239580154419,64,31.343868255615234,64,31.665344953536987,64,31.927550315856934,64,32.350996255874634,64,32.779266595840454,64,33.04278349876404,64,33.25283360481262,64,33.51396584510803,64,33.71696352958679,64,33.9298574924469,64,34.14128088951111,64,34.57355809211731,64,34.83244299888611,64,35.0956666469574,64,35.51899266242981,64,35.7796266078949,64,35.990158796310425,64,36.2534716129303,64,36.51279020309448,64,36.778753995895386,64,36.986475706100464,64,37.42303967475891,64,37.693153619766235,64,37.90299868583679,64,38.11117339134216,64,38.37701988220215,64,38.63573694229126,64,38.845195293426514,64,39.057466983795166,64,39.32124471664429,64,39.57904314994812,64,39.83139777183533,64,40.04331660270691,64,40.25477743148804,64,40.5205192565918,64,40.72896218299866,64,40.99099397659302,64,41.25201439857483,64,41.4473819732666,64,41.71616053581238,64,41.98361086845398,64,42.24699258804321,64,42.57989144325256,64,42.841042041778564,64,43.0418598651886,64,43.30540990829468,64,43.51622009277344,64,43.72416019439697,64,43.988513469696045,64,44.20002508163452,64,44.47241187095642,64,44.73344826698303,64,45.111366271972656,64,45.376179456710815,64,45.637526750564575,64,45.90236258506775,64,46.10999631881714,64,46.35004258155823,64,46.562249422073364,64,46.824759006500244,64,47.09578251838684,64,47.52153754234314,64,47.9393413066864,64,48.15001940727234,64,48.41642689704895,64,48.62501883506775,64,48.83590316772461,64,49.10110688209534,64,49.3100688457489,64,49.519744634628296,64,49.79553294181824,64,50.0553879737854,64,50.3185338973999,64,50.57401728630066,64,50.776806592941284,64,51.200302839279175,64,51.455414056777954,64,51.66281700134277,64,51.878658294677734,64,52.135401010513306,64,52.39845871925354,64,52.6112802028656,64,52.88114047050476,64,53.092822790145874,64,53.300415992736816,64,53.67928600311279,64,53.938897371292114,64,54.1981475353241,64,54.46174073219299,64,54.886559009552,64,55.15686845779419,64,55.41707491874695,64,55.67902874946594,64,55.93967533111572,64,56.15139937400818,64,56.473851442337036,64,56.74113941192627,64,56.944803953170776,64,57.207024574279785,64,57.44775152206421,64,57.65669107437134,64,57.92019081115723,64,58.13125967979431,64,58.404242515563965,64,58.60859990119934,64,58.91464328765869,64,59.12901592254639,64,59.550912857055664,64,59.88709306716919,64,60.091721057891846,64,60.44406580924988,64,60.65516543388367,64,60.92009425163269,64,61.18156552314758,64,61.449198484420776,64,61.884838581085205,64,62.144939661026,64,62.40644359588623,64,62.73134994506836,64,63.003955125808716,64,63.266621112823486,64,63.534667015075684,64,63.797489404678345,64,64.05770182609558,64,64.31785321235657,64,64.5823826789856,64,64.84307670593262,64,65.05152606964111,64,65.31466269493103,64,65.5756618976593,64,65.91299772262573,64,66.17882704734802,64,66.39275360107422,64,66.60294270515442,64,67.04641103744507,64,67.24833464622498,64,67.45437026023865,64,67.67171001434326,64,67.9385437965393,64,68.2012209892273,64,68.41272068023682,64,68.67637038230896,64,68.88109111785889,64,69.15015769004822,64,69.35735487937927,64,69.68281316757202,64,69.88619923591614,64,70.15436625480652,64,70.41207790374756,64,70.67504358291626,64,70.93627738952637,64,71.14748883247375,64,71.40979719161987,64,71.67310690879822,64,71.9349000453949,64,72.19742751121521,64,72.46672677993774,64,72.72856497764587,64,72.99013924598694,64,73.373055934906,64,73.6289644241333,64,73.89446663856506,64,74.32824325561523,64,74.76063680648804,64,75.02058124542236,64,75.22072505950928,64,75.48442006111145,64,75.92265558242798,64,76.12952041625977,64,76.40274333953857,64,76.66408514976501,64,76.93358826637268,64,77.19220805168152,64,77.45814037322998,64,77.72617030143738,64,77.98945832252502,64,78.19962525367737,64,78.41430020332336,64,78.68560934066772,64,78.9464635848999,64,79.20696997642517,64,79.46861267089844,64,79.90306520462036,64,80.16297173500061,64,80.4332160949707,64,80.86035895347595,64,81.06490874290466,64,81.40581560134888,64,81.67225384712219,64,81.94266676902771,64,82.15527558326721,64,82.58780360221863,64,82.79689145088196,64,83.22014617919922,64,83.48172235488892,64,83.74424719810486,64,83.95328640937805,64,84.16158175468445,64,84.58914399147034,64,84.79959177970886,64,85.07287859916687,64,85.2761664390564,64,85.5466136932373,64,85.8075122833252,64,86.06781387329102,64,86.27856373786926,64,86.49102783203125,64,86.7615098953247,64,87.02450299263,64,87.23223519325256,64,87.5706856250763,64,87.91045069694519,64,88.16570687294006,64,88.37127256393433,64,88.58515214920044,64,88.78813934326172,64,89.0482714176178,64,89.47711539268494,64,89.68687033653259,64,89.90081667900085,64,90.21889185905457,64,90.42922019958496,64,90.64246702194214,64,90.90764474868774,64,91.16966557502747,64,91.55535960197449,64,91.75675249099731,64,92.01346182823181,64,92.27969312667847,64,92.7041392326355,64,93.03000998497009,64,93.30235457420349,64,93.51191973686218,64,93.84397220611572,64,94.11487221717834,64,94.37768459320068,64,94.58735156059265,64,94.85026836395264,64,95.05951881408691,64,95.33633852005005,64,95.60668420791626,64,95.81460118293762,64,96.02661299705505,64,96.30028915405273,64,96.57006192207336,64,96.78177261352539,64,97.05368661880493,64,97.47310829162598,64,97.74016427993774,64,97.94442319869995,64,98.15707540512085,64,98.36931824684143,64,98.70551633834839,64,98.91269779205322,64,99.18702697753906,64,99.39644742012024,64,99.71831178665161,64,99.92848658561707,64,100.13914823532104,64,100.5733962059021,64,100.78270769119263,64,100.98405933380127,64,101.24801468849182,64,101.45676565170288,64,101.88014459609985,64,102.23253202438354,64,102.55605101585388,64,102.7656409740448,64,102.9780068397522,64,103.23949384689331,64,103.44717645645142,64,103.7120590209961,64,103.91461205482483,64,104.12625908851624,64,104.39735221862793,64,104.82716631889343,64,105.03940320014954,64,105.3116397857666,64,105.57306265830994,64,105.8343780040741,64,106.15496277809143,64,106.42010617256165,64,106.68807339668274,64,107.11005544662476,64,107.32083511352539,64,107.74662208557129,64,107.95696496963501,64,108.21890592575073,64,108.47859334945679,64,108.89971399307251,64,109.11333918571472,64,109.4831051826477,64,109.75439763069153,64,110.02109670639038,64,110.22897505760193,64,110.5017352104187,64,110.93511843681335,64,111.19665741920471,64,111.40611505508423,64,111.61775970458984,64,111.88131666183472,64,112.31040453910828,64,112.52354407310486,64,112.7839138507843,64,112.99369263648987,64,113.2073905467987,64,113.418776512146,64,113.63052082061768,64,114.06053972244263,64,114.32195019721985,64,114.5212914943695,64,114.7276337146759,64,114.99863076210022,64,115.35592579841614,64,115.77179908752441,64,116.03492212295532,64,116.45657706260681,64,116.71868920326233,64,116.98049855232239,64,117.19090223312378,64,117.40099811553955,64,117.61150407791138,64,117.8854444026947,64,118.09411525726318,64,118.35892510414124,64,118.62980699539185,64,118.90006303787231,64,119.162837266922,64,119.43309330940247,64,119.792564868927,64,120.00569891929626,64,120.21565222740173,64,120.49360918998718,64,120.70170378684998,64,120.91663360595703,64,121.30484938621521,64,121.56408357620239,64,121.82696628570557,64,122.08822131156921,64,122.35151147842407,64,122.77327036857605,64,123.03263640403748,64,123.29612517356873,64,123.5057897567749,64,123.77062582969666,64,124.04318904876709,64,124.48512101173401,64,124.91428875923157,64,125.18000197410583,64,125.38965129852295,64,125.59798216819763,64,125.87045478820801,64,126.08160591125488,64,126.34221649169922,64,126.550865650177,64,126.81800270080566,64,127.02475380897522,64,127.23698282241821,64,127.49946069717407,64,127.76207971572876,64,128.18543648719788,64,128.61889672279358,64,128.82945489883423,64,129.2669758796692,64,129.7089283466339,64,130.1404733657837,64,130.5727379322052,64,130.8435091972351,64,131.21575498580933,64,131.42413640022278,64,131.69715237617493,64,131.89475297927856,64,132.1611225605011,64,132.42117500305176,64,132.80289340019226,64,133.07496333122253,64,133.28011918067932,64,133.54463458061218,64,133.80694127082825,64,134.01784563064575,64,134.27903604507446,64,134.5436635017395,64,134.75464606285095,64,134.96547889709473,64,135.17365765571594,64,135.38954305648804,64,135.8067684173584,64,136.07162523269653,64,136.49450254440308,64,136.75381088256836,64,137.19331884384155,64,137.52168011665344,64,137.72663497924805,64,137.9901041984558,64,138.31468057632446,64,138.57828044891357,64,139.01369738578796,64,139.34095072746277,64,139.55277061462402,64,139.8161280155182,64,140.02568531036377,64,140.29786801338196,64,140.50666189193726,64,140.76977849006653,64,141.04090762138367,64,141.31282496452332,64,141.5750207901001,64,142.00879454612732,64,142.26691055297852,64,142.5296573638916,64,142.73089051246643,64,142.94265007972717,64,143.15472030639648,64,143.4261953830719,64,143.6863284111023,64,144.11149430274963,64,144.31869173049927,64,144.58181738853455,64,144.8557198047638,64,145.12460565567017,64,145.39725017547607,64,145.6601746082306,64,145.86887884140015,64,146.08275723457336,64,146.28983211517334,64,146.4886918067932,64,146.7515742778778,64,146.96457695960999,64,147.17709231376648,64,147.48961567878723,64,147.69377422332764,64,147.91404724121094,64,148.18196964263916,64,148.39220905303955,64,148.60542607307434,64,148.81387519836426,64,149.24259281158447,64,149.56379890441895,64,150.01076078414917,64,150.22669553756714,64,150.49929022789001,64,150.7576563358307,64,151.01980566978455,64,151.22985982894897,64,151.42790269851685,64,151.63420462608337,64,151.8465428352356,64,152.0539927482605,64,152.49260902404785,64,152.8803071975708,64,153.1419825553894,64,153.3489954471588,64,153.56203508377075,64,153.98856568336487,64,154.19903588294983,64,154.40883541107178,64,154.623033285141,64,155.055002450943,64,155.4874963760376,64,155.6968321800232,64,155.90499830245972,64,156.24675250053406,64,156.46313858032227,64,156.66717267036438,64,156.9354214668274,64,157.36792659759521,64,157.5788688659668,64,157.7883129119873,64,158.050883769989,64,158.31180453300476,64,158.74620485305786,64,159.1780822277069,64,159.4501132965088,64,159.66236543655396,64,159.93540239334106,64,160.14277696609497,64,160.3558852672577,64,160.6281464099884,64,160.88846707344055,64,161.09700226783752,64,161.30217266082764,64,161.51037979125977,64,161.93262791633606,64,162.14598488807678,64,162.35845732688904,64,162.6288959980011,64,162.83898782730103,64,163.04900217056274,64,163.36600351333618,64,163.63504552841187,64,163.95780396461487,64,164.16218781471252,64,164.4292917251587,64,164.6405336856842,64,164.91622066497803,64,165.12390398979187,64,165.39551782608032,64,165.66237473487854,64,165.87432050704956,64,166.08726119995117,64,166.35280632972717,64,166.61694431304932,64,166.87984609603882,64,167.147052526474,64,167.354811668396,64,167.61834597587585,64,167.83150553703308,64,168.1008493900299,64,168.36349368095398,64,168.57582998275757,64,169.0103406906128,64,169.2128655910492,64,169.64324188232422,64,169.91148161888123,64,170.12415218353271,64,170.39639139175415,64,170.60708594322205,64,171.02667617797852,64,171.24364137649536,64,171.46316289901733,64,171.6729612350464,64,171.8859624862671,64,172.15207242965698,64,172.41514492034912,64,172.8511040210724,64,173.06025552749634,64,173.4854507446289,64,173.7574498653412,64,173.96555256843567,64,174.17823481559753,64,174.45075845718384,64,174.71030402183533,64,174.9731514453888,64,175.232901096344,64,175.44241571426392,64,175.7686629295349,64,176.0387041568756,64,176.2449426651001,64,176.50167536735535,64,176.76499485969543,64,177.0348014831543,64,177.29543495178223,64,177.50805163383484,64,177.71849584579468,64,178.09902024269104,64,178.52333188056946,64,178.78508377075195,64,179.21721172332764,64,179.4297912120819,64,179.63972997665405,64,179.84886837005615,64,180.06267738342285,64,180.33448934555054,64,180.54400968551636,64,180.80746841430664,64,181.07977557182312,64,181.2934250831604,64,181.49992847442627,64,181.70718431472778,64,181.92308473587036,64,182.13910150527954,64,182.35641145706177,64,182.6281454563141,64,182.90113615989685,64,183.10540199279785,64,183.37185096740723,64,183.64365935325623,64,183.85784673690796,64,184.12449145317078,64,184.4595468044281,64,184.6715385913849,64,185.10568928718567,64,185.3146378993988,64,185.52399039268494,64,185.73894500732422,64,186.0102150440216,64,186.22101616859436,64,186.48883247375488,64,186.69593167304993,64,186.91603446006775,64,187.1878182888031,64,187.45731735229492,64,187.6685552597046,64,188.10383105278015,64,188.37280583381653,64,188.56900835037231,64,188.8343687057495,64,189.0965130329132,64,189.35283303260803,64,189.78527092933655,64,189.98756551742554,64,190.2007658481598,64,190.41556358337402,64,190.62556052207947,64,190.89965629577637,64,191.32976531982422,64,191.54112648963928,64,191.81464505195618,64,192.07437205314636,64,192.34575867652893,64,192.55622100830078,64,192.83124232292175,64,193.26603651046753,64,193.69221806526184,64,193.90627264976501,64,194.3391773700714,64,194.55368995666504,64,194.75397610664368,64,195.18524146080017,64,195.45964169502258,64,195.7348256111145,64,196.05621933937073,64,196.27065515518188,64,196.4800980091095,64,196.68946504592896,64,196.9599907398224,64,197.21798300743103,64,197.65394401550293,64,197.92039966583252,64,198.18543314933777,64,198.39357948303223,64,198.59693479537964,64,198.8068175315857,64,199.01441645622253,64,199.21391487121582,64,199.4206907749176,64,199.80308747291565,64,200.07433342933655,64,200.28932571411133,64,200.50648760795593,64,200.72203469276428,64,200.99373245239258,64,201.33925032615662,64,201.6876835823059,64,202.12832021713257,64,202.39127564430237,64,202.66054368019104,64,202.9328408241272,64,203.20558333396912,64,203.41534662246704,64,203.83846998214722,64,204.04974913597107,64,204.27039408683777,64,204.69696187973022,64,204.9661192893982,64,205.22581100463867,64,205.64584136009216,64,205.91326642036438,64,206.18221998214722,64,206.41915202140808,64,206.6845953464508,64,206.94613933563232,64,207.36839890480042,64,207.78965020179749,64,208.05200290679932,64,208.31053924560547,64,208.516019821167,64,208.72873091697693,64,209.000492811203,64,209.2128655910492,64,209.4298586845398,64,209.6928083896637,64,209.9654107093811,64,210.17224216461182,64,210.44052577018738,64,210.76085662841797,64,210.97892832756042,64,211.25592970848083,64,211.52571845054626,64,211.73546528816223,64,212.00529599189758,64,212.26706790924072,64,212.52925276756287,64,212.73881149291992,64,213.01504731178284,64,213.27925634384155,64,213.5457057952881,64,213.92034435272217,64,214.1211769580841,64,214.45266842842102,64,214.72161149978638,64,214.98496508598328,64,215.1937038898468,64,215.61605191230774,64,215.8277289867401,64,216.10435485839844,64,216.37276673316956,64,216.6422483921051,64,216.90542268753052,64,217.17765045166016,64,217.3874156475067,64,217.65090131759644,64,217.9132044315338,64,218.2527027130127,64,218.51296210289001,64,218.77479815483093,64,218.98462319374084,64,219.19874620437622,64,219.47353196144104,64,219.7423927783966,64,219.98263502120972,64,220.24536061286926,64,220.5094075202942,64,220.77768325805664,64,221.04075241088867,64,221.25075960159302,64,221.51286721229553,64,221.83309960365295,64,222.25653791427612,64,222.52016973495483,64,222.78874015808105,64,222.9843385219574,64,223.25323605537415,64,223.61206555366516,64,223.82470726966858,64,224.09871363639832,64,224.3573317527771,64,224.56808853149414,64,224.78177905082703,64,224.9930157661438,64,225.25501704216003,64,225.52472710609436,64,225.7403266429901,64,225.9566774368286,64,226.22025990486145,64,226.4320044517517,64,226.7058126926422,64,226.96423172950745,64,227.3724548816681,64,227.5709319114685,64,227.8289179801941,64,228.09154605865479,64,228.51326990127563,64,228.93542051315308,64,229.19791793823242,64,229.41203904151917,64,229.6752769947052,64,230.103342294693,64,230.375403881073,64,230.63577342033386,64,230.8361623287201,64,231.04980897903442,64,231.2603840827942,64,231.46507334709167,64,231.73264360427856,64,231.94277715682983,64,232.15666246414185,64,232.3625147342682,64,232.6254014968872,64,232.88007974624634,64,233.14021563529968,64,233.34988498687744,64,233.6013367176056,64,233.86441230773926,64,234.12287592887878,64,234.32830667495728,64,234.53764605522156,64,234.81239223480225,64,235.0798134803772,64,235.34231686592102,64,235.60372877120972,64,236.03122305870056,64,236.2876214981079,64,236.49891066551208,64,236.7623450756073,64,236.97128057479858,64,237.2367012500763,64,237.49664497375488,64,237.75679922103882,64,238.01717686653137,64,238.2794485092163,64,238.54033303260803,64,238.9622495174408,64,239.22651290893555,64,239.4303834438324,64,239.63712692260742,64,240.05956363677979,64,240.48489379882812,64,240.7444200515747,64,241.00892162322998,64,241.2679033279419,64,241.5297782421112,64,241.7327036857605,64,242.16197061538696,64,242.59968972206116,64,242.87214756011963,64,243.08178687095642,64,243.29107451438904,64,243.56205224990845,64,244.00637531280518,64,244.2670841217041,64,244.4773886203766,64,244.6921570301056,64,244.9489016532898,64,245.20789909362793,64,245.6369490623474,64,245.84333109855652,64,246.04316520690918,64,246.29824495315552,64,246.49695467948914,64,246.6977617740631,64,247.12209510803223,64,247.32330226898193,64,247.75004315376282,64,248.0793526172638,64,248.28632307052612,64,248.4950361251831,64,248.76098608970642,64,249.18324065208435,64,249.39369773864746,64,249.6089267730713,64,249.81583523750305,64,250.07954382896423,64,250.29332184791565,64,250.56410670280457,64,250.8245553970337,64,251.0863401889801,64,251.3472490310669,64,251.6087052822113,64,251.8683910369873,64,252.13238787651062,64,252.39667201042175,64,252.6530623435974,64,252.85745882987976,64,253.19485235214233,64,253.45145297050476,64,253.66125345230103,64,253.92517113685608,64,254.18664383888245,64,254.38992857933044,64,254.59874439239502,64,254.80476069450378,64,255.00724387168884,64,255.21170592308044,64,255.4145061969757,64,255.79392218589783,64,256.004554271698,64,256.2642590999603,64,256.51826071739197,64,256.7215917110443,64,256.921231508255,64,257.17460894584656,64,257.3834218978882,64,257.58632254600525,64,257.8364465236664,64,258.03513264656067,64,258.2867920398712,64,258.5400152206421,64,258.7411804199219,64,258.9924473762512,64,259.2423927783966,64,259.4947669506073,64,259.7563352584839,64,260.0169312953949,64,260.27268147468567,64,260.4682159423828,64,260.67758560180664,64,260.9363203048706,64,261.3685643672943,64,261.7301199436188,64,261.9991879463196,64,262.25480484962463,64,262.5137572288513,64,262.72287583351135,64,263.1506025791168,64,263.3585629463196,64,263.568372964859,64,263.8299458026886,64,264.0316095352173,64,264.4536454677582,64,264.66738843917847,64,265.0834813117981,64,265.2870223522186,64,265.5435953140259,64,265.9630243778229,64,266.17442440986633,64,266.3879220485687,64,266.6516258716583,64,266.86175417900085,64,267.06930780410767,64,267.3336215019226,64,267.7629191875458,64,267.96337842941284,64,268.3905601501465,64,268.65046548843384,64,268.91008830070496,64,269.17127656936646,64,269.4331841468811,64,269.63704013824463,64,269.8855001926422,64,270.1392505168915,64,270.3905508518219,64,270.64068031311035,64,271.00489020347595,64,271.4273290634155,64,271.6863799095154,64,271.89532136917114,64,272.1532657146454,64,272.4120600223541,64,272.67403841018677,64,273.0425524711609,64,273.2496883869171,64,273.50696659088135,64,273.71731448173523,64,273.9298794269562,64,274.14280462265015,64,274.34486627578735,64,274.5535161495209,64,274.87677669525146,64,275.13564896583557,64,275.39968609809875,64,275.77986001968384,64,276.2049400806427,64,276.41647481918335,64,276.615149974823,64,276.87960958480835,64,277.08842277526855,64,277.3010060787201,64,277.7228937149048,64,277.98429799079895,64,278.193815946579,64,278.45649576187134,64,278.66894125938416,64,278.93186616897583,64,279.2012560367584,64,279.62953090667725,64,279.8359844684601,64,280.10909843444824,64,280.3841440677643,64,280.7569785118103,64,280.96819257736206,64,281.1869215965271,64,281.53645300865173,64,281.7576744556427,64,281.975168466568,64,282.25053310394287,64,282.45972204208374,64,282.73513865470886,64,282.9472119808197,64,283.1604001522064,64,283.37539410591125,64,283.65231227874756,64,283.867959022522,64,284.1406424045563,64,284.34930992126465,64,284.56003403663635,64,284.82559609413147,64,285.0355348587036,64,285.31313371658325,64,285.58143758773804,64,285.7890872955322,64,285.99918246269226,64,286.4462380409241,64,286.72208309173584,64,286.98654079437256,64,287.43100476264954,64,287.70117926597595,64,287.96422576904297,64,288.17147850990295,64,288.44166469573975,64,288.65079402923584,64,288.9262399673462,64,289.1392197608948,64,289.59858441352844,64,289.88258504867554,64,290.10160970687866,64,290.3162271976471,64,290.53461837768555,64,290.8131754398346,64,291.0894830226898,64,291.3635766506195,64,291.6342394351959,64,291.84548330307007,64,292.1334328651428,64,292.48029232025146,64,292.7442629337311,64,292.95214653015137,64,293.2927985191345,64,293.55627942085266,64,293.7664966583252,64,294.0334804058075,64,294.4628927707672,64,294.725070476532,64,294.98631501197815,64,295.2440960407257,64,295.6685426235199,64,296.0536255836487,64,296.3841710090637,64,296.59425711631775,64,296.8066339492798,64,297.08091616630554,64,297.29198575019836,64,297.5610821247101,64,297.7739772796631,64,298.0460913181305,64,298.31798791885376,64,298.52525544166565,64,298.7860851287842,64,299.0482153892517,64,299.258793592453,64,299.5966145992279,64,299.8057949542999,64,300.02177715301514
0,random graphs/big_layer/r1.5k12n8/graph0.lgbin,52804,291.1758539676666,53,170,0,84,0.19075965881347656,60,0.6775112152099609,60,1.0227506160736084,56,1.8003017902374268,53,2.155994415283203,53,2.8814733028411865,53,3.202504873275757,53,3.939462423324585,53,4.238973617553711,53,4.963225603103638,53,5.267435789108276,53,5.984714508056641,53,6.273707866668701,53,6.58460545539856,53,7.293768405914307,53,8.011434316635132,53,8.312949657440186,53,9.034598588943481,53,9.352381944656372,53,9.653062582015991,53,9.93234634399414,53,10.244709968566895,53,10.554638862609863,53,10.838594913482666,53,11.184191942214966,53,11.910319328308105,53,12.631214141845703,53,12.945050239562988,53,13.230076313018799,53,13.520622253417969,53,13.821490049362183,53,14.550247192382812,53,14.805840253829956,53,15.118066549301147,53,15.418390035629272,53,15.725528240203857,53,16.04352641105652,53,16.358064651489258,53,16.65598750114441,53,16.95485830307007,53,17.68903923034668,53,17.990570783615112,53,18.29353618621826,53,18.606513261795044,53,18.923667430877686,53,19.650327682495117,53,19.96630096435547,53,20.2832453250885,53,20.56046438217163,53,20.856197595596313,53,21.171244382858276,53,21.4744873046875,53,22.199211359024048,53,22.509341716766357,53,23.232597589492798,53,23.51603603363037,53,24.23598599433899,53,24.547242164611816,53,24.80882453918457,53,25.53737711906433,53,25.81749200820923,53,26.553561449050903,53,26.855565547943115,53,27.155908584594727,53,27.434765815734863,53,27.73371982574463,53,28.464962244033813,53,29.177730083465576,53,29.486157178878784,53,29.797667026519775,53,30.084413766860962,53,30.806110382080078,53,31.5260488986969,53,32.24530482292175,53,32.948060274124146,53,33.67131853103638,53,34.39544892311096,53,35.121100187301636,53,35.43957734107971,53,35.748324394226074,53,36.468589544296265,53,37.18188548088074,53,37.89746356010437,53,38.6127142906189,53,38.924622774124146,53,39.23919367790222,53,39.96347165107727,53,40.682454109191895,53,41.40670108795166,53,41.69194316864014,53,42.00953769683838,53,42.73462653160095,53,43.45908308029175,53,44.19284653663635,53,44.91147828102112,53,45.62602257728577,53,46.35924434661865,53,47.08419132232666,53,47.396098136901855,53,48.12032985687256,53,48.844425201416016,53,49.57094931602478,53,49.89789843559265,53,50.18726658821106,53,50.53938412666321,53,51.25843811035156,53,51.55268096923828,53,51.81841564178467,53,52.54361128807068,53,53.25679111480713,53,53.97805905342102,53,54.26429724693298,53,54.98696565628052,53,55.3133704662323,53,55.654393672943115,53,56.37184143066406,53,57.089921712875366,53,57.80526304244995,53,58.522347927093506,53,59.24349236488342,53,59.96383857727051,53,60.2413113117218,53,60.553674936294556,53,61.26733136177063,53,61.98044157028198,53,62.708481788635254,53,63.04055976867676,53,63.33083724975586,53,64.05619955062866,53,64.33711862564087,53,65.05813550949097,53,65.77495336532593,53,66.50032567977905,53,67.26096391677856,53,67.56949806213379,53,67.87780976295471,53,68.18816804885864,53,68.92373156547546,53,69.22099876403809,53,69.5346794128418,53,69.84737944602966,53,70.57644271850586,53,71.32937049865723,53,72.06761240959167,53,72.79782581329346,53,73.5207245349884,53,73.81836032867432,53,74.55954647064209,53,74.87312340736389,53,75.17437386512756,53,75.49578046798706,53,75.80746173858643,53,76.5354232788086,53,77.26113677024841,53,77.98320150375366,53,78.70937967300415,53,79.4413697719574,53,80.16868352890015,53,80.9075219631195,53,81.20668888092041,53,81.92614102363586,53,82.64690327644348,53,83.37143993377686,53,84.09492015838623,53,84.82041954994202,53,85.55270957946777,53,85.81926083564758,53,86.13961100578308,53,86.44879817962646,53,87.15896582603455,53,87.44025087356567,53,88.16636037826538,53,88.46763062477112,53,89.1928882598877,53,89.50918912887573,53,90.24881649017334,53,90.54044222831726,53,90.85911512374878,53,91.15725994110107,53,91.47191977500916,53,91.78722405433655,53,92.10032081604004,53,92.41943788528442,53,93.15881109237671,53,93.87881517410278,53,94.16254591941833,53,94.89556837081909,53,95.19725251197815,53,95.51316261291504,53,95.83197975158691,53,96.1477153301239,53,96.88993620872498,53,97.20825386047363,53,97.53266978263855,53,97.82686710357666,53,98.54856324195862,53,98.85394549369812,53,99.11622524261475,53,99.82278990745544,53,100.54633951187134,53,100.85909485816956,53,101.58361339569092,53,101.88539409637451,53,102.2074990272522,53,102.51479840278625,53,103.23356223106384,53,103.96778964996338,53,104.29004073143005,53,105.0164909362793,53,105.33446335792542,53,105.59687876701355,53,105.91918063163757,53,106.22331619262695,53,106.94772291183472,53,107.23731422424316,53,107.53823494911194,53,108.26835513114929,53,108.99494481086731,53,109.30848169326782,53,109.58979654312134,53,109.8798315525055,53,110.18078851699829,53,110.91143727302551,53,111.22331190109253,53,111.94257736206055,53,112.24892377853394,53,112.51625967025757,53,113.24179601669312,53,113.55826306343079,53,113.86669421195984,53,114.18469190597534,53,114.50574684143066,53,115.22664213180542,53,115.51266884803772,53,115.82143568992615,53,116.55709385871887,53,116.84098386764526,53,117.14077591896057,53,117.87781882286072,53,118.60398983955383,53,119.32924556732178,53,120.06567764282227,53,120.36896634101868,53,121.1013822555542,53,121.82167553901672,53,122.55482363700867,53,123.28277373313904,53,124.03179025650024,53,124.76540398597717,53,125.05961394309998,53,125.78536343574524,53,126.10345244407654,53,126.3662657737732,53,126.6604642868042,53,127.38908815383911,53,128.10793662071228,53,128.36840295791626,53,128.66539001464844,53,129.3915057182312,53,130.11516499519348,53,130.43785905838013,53,131.16586065292358,53,131.89422607421875,53,132.2122654914856,53,132.94322729110718,53,133.2354040145874,53,133.96830081939697,53,134.69267106056213,53,135.00778651237488,53,135.31531381607056,53,135.6087782382965,53,135.89955115318298,53,136.2182114124298,53,136.54004669189453,53,136.86008548736572,53,137.58911228179932,53,137.86361002922058,53,138.599671125412,53,138.94375944137573,53,139.6696240901947,53,140.39425802230835,53,141.1252636909485,53,141.8565273284912,53,142.16963720321655,53,142.49330186843872,53,142.81174206733704,53,143.09537816047668,53,143.40809679031372,53,144.12466025352478,53,144.40611815452576,53,144.72406339645386,53,145.45007371902466,53,145.7585620880127,53,146.47962546348572,53,147.20057439804077,53,147.91928243637085,53,148.2074315547943,53,148.9271821975708,53,149.23781156539917,53,149.53155183792114,53,150.25307154655457,53,150.97263431549072,53,151.28975987434387,53,151.60249185562134,53,152.33682417869568,53,153.06056380271912,53,153.78907108306885,53,154.09181022644043,53,154.80597281455994,53,155.06845569610596,53,155.3862385749817,53,155.6842679977417,53,155.95330715179443,53,156.69299006462097,53,156.97617077827454,53,157.25998258590698,53,157.55239915847778,53,157.85060286521912,53,158.16688466072083,53,158.8929479122162,53,159.20996809005737,53,159.49354457855225,53,160.23441743850708,53,160.54996466636658,53,160.86705946922302,53,161.15183520317078,53,161.47274613380432,53,161.7723743915558,53,162.4928114414215,53,162.80615663528442,53,163.10269570350647,53,163.414865732193,53,163.69475412368774,53,164.42842936515808,53,165.15675282478333,53,165.8740062713623,53,166.59375929832458,53,166.9069459438324,53,167.63784313201904,53,167.9485640525818,53,168.2647204399109,53,168.56034898757935,53,169.28640818595886,53,170.00955986976624,53,170.28788590431213,53,170.61193799972534,53,171.34135723114014,53,171.66024041175842,53,172.38268566131592,53,172.67543125152588,53,173.3989052772522,53,174.11685991287231,53,174.83627605438232,53,175.115891456604,53,175.43674778938293,53,176.16307091712952,53,176.46313309669495,53,177.18142127990723,53,177.9034562110901,53,178.63030076026917,53,179.35915279388428,53,180.08627557754517,53,180.80489134788513,53,181.12229776382446,53,181.41541075706482,53,181.71191239356995,53,182.02577590942383,53,182.32759737968445,53,182.63623452186584,53,182.94987106323242,53,183.67736959457397,53,184.4081153869629,53,185.12949299812317,53,185.44569635391235,53,186.18698358535767,53,186.50097179412842,53,186.8128900527954,53,187.1315643787384,53,187.45293879508972,53,187.7453055381775,53,188.47574400901794,53,188.77410912513733,53,189.49563312530518,53,189.79456758499146,53,190.1018762588501,53,190.82543349266052,53,191.14207816123962,53,191.43584179878235,53,191.739887714386,53,192.0523498058319,53,192.7872257232666,53,193.1134488582611,53,193.3723018169403,53,193.68893933296204,53,194.41519379615784,53,194.71636319160461,53,195.44070601463318,53,195.75365495681763,53,196.47602725028992,53,196.79080629348755,53,197.5184621810913,53,198.22903490066528,53,198.54360485076904,53,198.85706567764282,53,199.16685962677002,53,199.48048424720764,53,199.79040265083313,53,200.52108573913574,53,200.819438457489,53,201.53731274604797,53,202.27111649513245,53,202.99550318717957,53,203.7105884552002,53,204.03363823890686,53,204.75652480125427,53,205.0783998966217,53,205.39700031280518,53,206.12412786483765,53,206.43597388267517,53,207.14922547340393,53,207.45057892799377,53,208.1811807155609,53,208.9164297580719,53,209.26005125045776,53,209.98762440681458,53,210.71984434127808,53,211.00181484222412,53,211.29544734954834,53,212.0241882801056,53,212.31573247909546,53,213.03479671478271,53,213.33433294296265,53,214.0614035129547,53,214.37810277938843,53,214.70454907417297,53,215.01410293579102,53,215.7300226688385,53,216.0308141708374,53,216.74456477165222,53,217.0256130695343,53,217.7482042312622,53,218.4799153804779,53,218.80691576004028,53,219.534921169281,53,219.8447709083557,53,220.12242150306702,53,220.84032273292542,53,221.5630886554718,53,221.85609197616577,53,222.59128284454346,53,222.90498042106628,53,223.62729215621948,53,224.35437893867493,53,225.07775926589966,53,225.79917335510254,53,226.52041578292847,53,226.8346836566925,53,227.15749669075012,53,227.45989346504211,53,227.77923846244812,53,228.49689984321594,53,229.21637225151062,53,229.95470333099365,53,230.67720198631287,53,231.39108562469482,53,231.71467447280884,53,232.4453639984131,53,232.72668766975403,53,233.02346873283386,53,233.74815821647644,53,234.01564621925354,53,234.32116150856018,53,234.62256789207458,53,234.92905521392822,53,235.24999523162842,53,235.5153443813324,53,235.82513189315796,53,236.1354284286499,53,236.44367909431458,53,236.74112010002136,53,237.03468537330627,53,237.75932335853577,53,238.48151803016663,53,238.74391889572144,53,239.46159076690674,53,240.19234132766724,53,240.93068385124207,53,241.64552330970764,53,241.98310661315918,53,242.28770875930786,53,242.57489442825317,53,243.31006622314453,53,244.03624892234802,53,244.3523268699646,53,245.0738263130188,53,245.3616394996643,53,246.08563923835754,53,246.8115997314453,53,247.12333822250366,53,247.43857336044312,53,247.74990224838257,53,248.4652714729309,53,248.81881165504456,53,249.12303352355957,53,249.43217015266418,53,249.76540088653564,53,250.49517941474915,53,251.21107244491577,53,251.5135588645935,53,252.23737955093384,53,252.54321002960205,53,253.25233030319214,53,253.9786102771759,53,254.69233965873718,53,255.39322543144226,53,255.70240092277527,53,256.00004625320435,53,256.3062996864319,53,257.0157678127289,53,257.7308795452118,53,258.0368206501007,53,258.74645614624023,53,259.0506589412689,53,259.35599088668823,53,259.61563420295715,53,259.88886976242065,53,260.2031555175781,53,260.92833399772644,53,261.65163016319275,53,262.36796021461487,53,262.6589124202728,53,263.37332344055176,53,263.68202805519104,53,264.39630031585693,53,265.1116940975189,53,265.4216034412384,53,265.72187066078186,53,266.43676590919495,53,266.74870467185974,53,267.46602058410645,53,268.17907333374023,53,268.5013771057129,53,268.81200981140137,53,269.5234546661377,53,269.83025074005127,53,270.124671459198,53,270.83913111686707,53,271.14359307289124,53,271.86111211776733,53,272.5682125091553,53,272.87202501296997,53,273.5919601917267,53,274.3087821006775,53,275.03034567832947,53,275.74648904800415,53,276.057710647583,53,276.35184359550476,53,276.63368940353394,53,277.3485360145569,53,277.6537735462189,53,277.9577534198761,53,278.66033935546875,53,278.9678416252136,53,279.27953815460205,53,279.9971089363098,53,280.69754004478455,53,280.9749324321747,53,281.2771689891815,53,281.9797480106354,53,282.28895258903503,53,282.5876121520996,53,283.2966432571411,53,284.0127077102661,53,284.31297302246094,53,284.61557602882385,53,285.32539081573486,53,285.6341345310211,53,286.34352254867554,53,287.0583770275116,53,287.36224579811096,53,287.6595811843872,53,287.96338081359863,53,288.26826310157776,53,288.5864849090576,53,288.8759536743164,53,289.582448720932,53,290.2862458229065,53,291.0061459541321,53,291.30084681510925,53,291.57745265960693,53,292.28917145729065,53,292.56448554992676,53,293.26591062545776,53,293.55935072898865,53,294.27489042282104,53,294.58203768730164,53,294.88742685317993,53,295.58793234825134,53,296.298761844635,53,297.00827503204346,53,297.72473073005676,53,298.0171775817871,53,298.7293281555176,53,299.0333526134491,53,299.3414213657379,53,300.02055263519287
1,random graphs/big_layer/r1.5k12n8/graph1.lgbin,52804,291.0703842639923,61,146,0,83,0.313157320022583,61,0.9435029029846191,61,1.3215441703796387,61,1.7792315483093262,61,2.1696739196777344,61,2.631556272506714,61,3.010605573654175,61,3.466865301132202,61,3.8299219608306885,61,4.298830509185791,61,4.6566243171691895,61,5.120893239974976,61,5.488622665405273,61,5.95202374458313,61,6.40864109992981,61,6.756931304931641,61,7.226992607116699,61,7.690691709518433,61,8.162481784820557,61,8.502567529678345,61,8.958204746246338,61,9.271605730056763,61,9.639450788497925,61,10.00291657447815,61,10.45682144165039,61,10.841169834136963,61,11.20946741104126,61,11.563755750656128,61,12.03274393081665,61,12.339564800262451,61,12.731006622314453,61,13.196168899536133,61,13.501097440719604,61,13.857783555984497,61,14.314073324203491,61,14.772560358047485,61,15.084327697753906,61,15.549288034439087,61,15.854916334152222,61,16.314368724822998,61,16.676633834838867,61,17.04347848892212,61,17.500273942947388,61,17.867677688598633,61,18.180518627166748,61,18.637811422348022,61,18.997588634490967,61,19.362438678741455,61,19.72539186477661,61,20.03240728378296,61,20.49072790145874,61,20.950664043426514,61,21.319600343704224,61,21.701359272003174,61,22.088072776794434,61,22.38176727294922,61,22.839260578155518,61,23.328531742095947,61,23.798252820968628,61,24.264582633972168,61,24.63046908378601,61,25.09769582748413,61,25.47930383682251,61,25.849018096923828,61,26.304012537002563,61,26.66598391532898,61,27.027478218078613,61,27.497623920440674,61,27.87669014930725,61,28.252638816833496,61,28.621581554412842,61,28.932281255722046,61,29.294339418411255,61,29.750571489334106,61,30.11092257499695,61,30.56822371482849,61,30.928406715393066,61,31.309518814086914,61,31.67241668701172,61,32.130346059799194,61,32.49432015419006,61,32.80974197387695,61,33.16968584060669,61,33.62462759017944,61,33.99103307723999,61,34.355108976364136,61,34.71186876296997,61,35.07872152328491,61,35.53056764602661,61,35.99637293815613,61,36.387765407562256,61,36.84632706642151,61,37.205838680267334,61,37.65125322341919,61,38.015470027923584,61,38.322206020355225,61,38.67435002326965,61,39.03842878341675,61,39.40532827377319,61,39.865442752838135,61,40.22309398651123,61,40.68008279800415,61,41.1365442276001,61,41.49305057525635,61,41.810962200164795,61,42.18198299407959,61,42.639411211013794,61,43.007620334625244,61,43.37310338020325,61,43.83784008026123,61,44.30291557312012,61,44.6825168132782,61,45.04100751876831,61,45.41088104248047,61,45.86923789978027,61,46.17981457710266,61,46.54770541191101,61,47.01106309890747,61,47.38839673995972,61,47.70305895805359,61,48.068878412246704,61,48.530091285705566,61,48.99905824661255,61,49.35784935951233,61,49.69387125968933,61,50.157904624938965,61,50.617735385894775,61,50.98410964012146,61,51.356088638305664,61,51.71000647544861,61,52.16880536079407,61,52.526700496673584,61,52.89100623130798,61,53.25009727478027,61,53.62894535064697,61,53.99117660522461,61,54.377190589904785,61,54.8383252620697,61,55.30383896827698,61,55.67031931877136,61,56.12780690193176,61,56.58978629112244,61,56.957757234573364,61,57.325626850128174,61,57.78953504562378,61,58.15655755996704,61,58.50367045402527,61,58.87873959541321,61,59.25660300254822,61,59.719067335128784,61,60.09789228439331,61,60.461079835891724,61,60.92748761177063,61,61.23639154434204,61,61.69853067398071,61,62.16108822822571,61,62.525330781936646,61,62.99175572395325,61,63.36748123168945,61,63.833014726638794,61,64.20161771774292,61,64.66749882698059,61,65.05916118621826,61,65.52473568916321,61,65.88745999336243,61,66.25430297851562,61,66.61015152931213,61,67.07059144973755,61,67.44567775726318,61,67.80880689620972,61,68.26398634910583,61,68.72434115409851,61,69.08913969993591,61,69.45499086380005,61,69.82102131843567,61,70.16712975502014,61,70.62336301803589,61,71.08619451522827,61,71.54583096504211,61,72.01123762130737,61,72.37936091423035,61,72.69804072380066,61,73.0737693309784,61,73.56887125968933,61,73.94927215576172,61,74.31091141700745,61,74.61823296546936,61,75.08010649681091,61,75.54095911979675,61,75.85311198234558,61,76.32223391532898,61,76.70171284675598,61,77.0720443725586,61,77.53769302368164,61,77.85333895683289,61,78.15876150131226,61,78.61715650558472,61,79.07009029388428,61,79.52315402030945,61,79.84936499595642,61,80.31660437583923,61,80.62327480316162,61,80.92842936515808,61,81.38911843299866,61,81.75083255767822,61,82.11969184875488,61,82.48957228660583,61,82.85167002677917,61,83.20876669883728,61,83.5903525352478,61,83.94903349876404,61,84.30498886108398,61,84.65663528442383,61,85.02082800865173,61,85.48348021507263,61,85.79825329780579,61,86.10955023765564,61,86.4156801700592,61,86.78442215919495,61,87.24124002456665,61,87.71040081977844,61,88.16608095169067,61,88.47371697425842,61,88.93385457992554,61,89.30041003227234,61,89.75902676582336,61,90.11838841438293,61,90.56898498535156,61,91.03526091575623,61,91.39913773536682,61,91.85324263572693,61,92.22374153137207,61,92.6882586479187,61,93.14963436126709,61,93.60851716995239,61,93.97745275497437,61,94.33897376060486,61,94.65069079399109,61,95.10613250732422,61,95.4852945804596,61,95.7971601486206,61,96.15577983856201,61,96.54789209365845,61,96.9164867401123,61,97.38453483581543,61,97.74359393119812,61,98.10733366012573,61,98.58562874794006,61,99.04529333114624,61,99.50335717201233,61,99.87900590896606,61,100.23587393760681,61,100.60074710845947,61,100.98373293876648,61,101.44003558158875,61,101.89505887031555,61,102.35876321792603,61,102.66948437690735,61,103.02743911743164,61,103.48531699180603,61,103.84121942520142,61,104.21998858451843,61,104.67763233184814,61,105.04872965812683,61,105.42175626754761,61,105.79521036148071,61,106.16476655006409,61,106.53849816322327,61,106.90482091903687,61,107.36957693099976,61,107.73997974395752,61,108.19920325279236,61,108.5673394203186,61,108.94646668434143,61,109.30820727348328,61,109.69252610206604,61,110.06518959999084,61,110.52142238616943,61,110.99049496650696,61,111.44355010986328,61,111.80675888061523,61,112.12121653556824,61,112.4830973148346,61,112.9493772983551,61,113.2580132484436,61,113.6343560218811,61,114.08506107330322,61,114.54236555099487,61,115.00970959663391,61,115.38777542114258,61,115.85451865196228,61,116.22209405899048,61,116.58503127098083,61,116.88782525062561,61,117.34410047531128,61,117.80381774902344,61,118.10748529434204,61,118.56351566314697,61,118.9290759563446,61,119.29855370521545,61,119.76560950279236,61,120.14533972740173,61,120.5181450843811,61,120.97966861724854,61,121.44565916061401,61,121.90456986427307,61,122.37161946296692,61,122.83169984817505,61,123.29331684112549,61,123.66378664970398,61,124.13126158714294,61,124.46433758735657,61,124.79567170143127,61,125.11769700050354,61,125.49535179138184,61,125.96411204338074,61,126.33087015151978,61,126.80000114440918,61,127.13252425193787,61,127.5928316116333,61,127.96023988723755,61,128.27760291099548,61,128.5891523361206,61,129.06034135818481,61,129.43768906593323,61,129.8202829360962,61,130.28222918510437,61,130.74919152259827,61,131.1985924243927,61,131.59113383293152,61,131.90497088432312,61,132.21959948539734,61,132.68352913856506,61,133.15565752983093,61,133.53354048728943,61,133.9941484928131,61,134.45915174484253,61,134.83029747009277,61,135.1522340774536,61,135.52337217330933,61,135.8881299495697,61,136.3598906993866,61,136.8281648159027,61,137.29745626449585,61,137.76566243171692,61,138.12180542945862,61,138.448912858963,61,138.8231282234192,61,139.18831753730774,61,139.57795238494873,61,140.04323768615723,61,140.51223039627075,61,140.88678526878357,61,141.35572981834412,61,141.74120020866394,61,142.1132788658142,61,142.4881398677826,61,142.856360912323,61,143.23109364509583,61,143.60387682914734,61,143.99390196800232,61,144.3675675392151,61,144.83527278900146,61,145.29372382164001,61,145.67168378829956,61,146.13902354240417,61,146.46259093284607,61,146.85500359535217,61,147.2190978527069,61,147.59511590003967,61,148.06247901916504,61,148.45142650604248,61,148.827983379364,61,149.29367446899414,61,149.66792798042297,61,150.13481640815735,61,150.60517120361328,61,150.94315361976624,61,151.4100136756897,61,151.7813949584961,61,152.15483570098877,61,152.52685642242432,61,152.9098596572876,61,153.28096961975098,61,153.6734471321106,61,154.0441062450409,61,154.4222617149353,61,154.7423746585846,61,155.05868887901306,61,155.5260579586029,61,155.89826130867004,61,156.22448658943176,61,156.60741710662842,61,156.92957425117493,61,157.24151158332825,61,157.71367931365967,61,158.18134117126465,61,158.55759048461914,61,158.87456822395325,61,159.3409035205841,61,159.81053018569946,61,160.27407360076904,61,160.74366927146912,61,161.1221125125885,61,161.5858793258667,61,161.95336961746216,61,162.34621047973633,61,162.7372488975525,61,163.06632351875305,61,163.53264474868774,61,164.00960087776184,61,164.3877613544464,61,164.857666015625,61,165.32361125946045,61,165.69695377349854,61,166.16542148590088,61,166.63517355918884,61,167.01214718818665,61,167.47886490821838,61,167.79228472709656,61,168.26178312301636,61,168.63682007789612,61,169.0124270915985,61,169.4794590473175,61,169.9457733631134,61,170.41475176811218,61,170.88319277763367,61,171.20491194725037,61,171.67572951316833,61,172.14521384239197,61,172.53098225593567,61,173.00658178329468,61,173.37993240356445,61,173.75301718711853,61,174.08491730690002,61,174.46561574935913,61,174.78537464141846,61,175.25553917884827,61,175.63115692138672,61,176.00711369514465,61,176.47317624092102,61,176.79333424568176,61,177.17129158973694,61,177.6450879573822,61,178.1416265964508,61,178.60201907157898,61,179.0667736530304,61,179.4364960193634,61,179.90671634674072,61,180.2695553302765,61,180.6655514240265,61,181.13255262374878,61,181.52879977226257,61,181.99714541435242,61,182.46267199516296,61,182.93142747879028,61,183.31003284454346,61,183.69063591957092,61,184.0124158859253,61,184.39515829086304,61,184.78863549232483,61,185.1815962791443,61,185.53760242462158,61,186.0055866241455,61,186.38093543052673,61,186.7019443511963,61,187.17757630348206,61,187.6470091342926,61,187.9676661491394,61,188.43748021125793,61,188.81801009178162,61,189.19773888587952,61,189.66778230667114,61,190.05963897705078,61,190.52964425086975,61,191.00070023536682,61,191.36062121391296,61,191.73434019088745,61,192.10255408287048,61,192.568945646286,61,192.9462776184082,61,193.41704487800598,61,193.89176154136658,61,194.23153352737427,61,194.6099123954773,61,194.98824858665466,61,195.30225586891174,61,195.69142055511475,61,196.05918860435486,61,196.52741527557373,61,196.9227156639099,61,197.31004071235657,61,197.77776765823364,61,198.09161281585693,61,198.46828866004944,61,198.7841010093689,61,199.16274976730347,61,199.48682165145874,61,199.8657932281494,61,200.3365180492401,61,200.65240097045898,61,201.0333058834076,61,201.50189590454102,61,201.82594060897827,61,202.2951967716217,61,202.6743700504303,61,203.1481819152832,61,203.61559629440308,61,204.0746796131134,61,204.44925951957703,61,204.8362135887146,61,205.3102421760559,61,205.69101238250732,61,206.06920838356018,61,206.4454641342163,61,206.82176733016968,61,207.2006344795227,61,207.57864594459534,61,208.0499050617218,61,208.51987481117249,61,208.9869875907898,61,209.3145046234131,61,209.69107270240784,61,210.1603446006775,61,210.5238320827484,61,210.83552932739258,61,211.30182147026062,61,211.7718529701233,61,212.14864134788513,61,212.61937618255615,61,212.93159532546997,61,213.40125727653503,61,213.77490711212158,61,214.2431833744049,61,214.62004709243774,61,215.090345621109,61,215.5636341571808,61,215.94409084320068,61,216.3198938369751,61,216.6969084739685,61,217.07144379615784,61,217.46445536613464,61,217.93486738204956,61,218.40526962280273,61,218.8753011226654,61,219.3362910747528,61,219.6528685092926,61,220.11852097511292,61,220.43126559257507,61,220.89978003501892,61,221.37084031105042,61,221.8420877456665,61,222.20991611480713,61,222.53990983963013,61,222.91286373138428,61,223.2914822101593,61,223.7599320411682,61,224.13500499725342,61,224.60601043701172,61,225.07459568977356,61,225.3973171710968,61,225.79098773002625,61,226.15844583511353,61,226.61836647987366,61,226.9892840385437,61,227.35914993286133,61,227.66089129447937,61,227.9978804588318,61,228.36914372444153,61,228.82932424545288,61,229.2962155342102,61,229.66723346710205,61,230.13698959350586,61,230.51785469055176,61,230.88404750823975,61,231.19456601142883,61,231.51106786727905,61,231.82645893096924,61,232.14446473121643,61,232.46158027648926,61,232.9336371421814,61,233.31652188301086,61,233.6381709575653,61,234.09251642227173,61,234.55974435806274,61,234.92725563049316,61,235.2902750968933,61,235.61091136932373,61,236.07784795761108,61,236.45296216011047,61,236.91540241241455,61,237.29706716537476,61,237.6688334941864,61,238.130122423172,61,238.45950651168823,61,238.82674193382263,61,239.1257565021515,61,239.49570894241333,61,239.88683605194092,61,240.26567339897156,61,240.6433618068695,61,241.01182532310486,61,241.48049640655518,61,241.8630542755127,61,242.23129034042358,61,242.6127007007599,61,242.99130153656006,61,243.4598388671875,61,243.7762885093689,61,244.14916706085205,61,244.4686415195465,61,244.93850946426392,61,245.4080023765564,61,245.78481721878052,61,246.15415930747986,61,246.61193442344666,61,247.00808429718018,61,247.37771654129028,61,247.75463557243347,61,248.11938571929932,61,248.575701713562,61,248.96911096572876,61,249.34060549736023,61,249.65685391426086,61,250.12517619132996,61,250.5945179462433,61,251.06132006645203,61,251.5303134918213,61,252.00279593467712,61,252.4717264175415,61,252.9430754184723,61,253.41004610061646,61,253.87394380569458,61,254.34187078475952,61,254.80250787734985,61,255.1790325641632,61,255.64042568206787,61,256.0038845539093,61,256.4615910053253,61,256.8353114128113,61,257.2291417121887,61,257.5925250053406,61,257.9656355381012,61,258.3375709056854,61,258.8022618293762,61,259.2697148323059,61,259.64179730415344,61,260.01629614830017,61,260.38191509246826,61,260.74931359291077,61,261.061398267746,61,261.4418489933014,61,261.8094365596771,61,262.19589018821716,61,262.5675871372223,61,262.8978898525238,61,263.3673059940338,61,263.6846282482147,61,264.1538140773773,61,264.4723267555237,61,264.94161653518677,61,265.31501626968384,61,265.6280972957611,61,266.0909011363983,61,266.4555206298828,61,266.8251943588257,61,267.28906202316284,61,267.75000071525574,61,268.2133095264435,61,268.68075299263,61,269.0578029155731,61,269.52755975723267,61,269.9970076084137,61,270.36833691596985,61,270.8359897136688,61,271.15125799179077,61,271.51718306541443,61,271.9877734184265,61,272.45549154281616,61,272.8277654647827,61,273.19427490234375,61,273.5574631690979,61,274.0237464904785,61,274.4112186431885,61,274.8777642250061,61,275.2076292037964,61,275.58484387397766,61,275.89920258522034,61,276.3657855987549,61,276.8240568637848,61,277.18537044525146,61,277.64417934417725,61,278.0098991394043,61,278.4736044406891,61,278.8669364452362,61,279.2469279766083,61,279.6298294067383,61,280.0035071372986,61,280.3698878288269,61,280.8350930213928,61,281.3008553981781,61,281.6580328941345,61,282.0204472541809,61,282.33472323417664,61,282.70074248313904,61,283.1628346443176,61,283.52705359458923,61,283.9072964191437,61,284.28626441955566,61,284.66178584098816,61,284.9754340648651,61,285.4371256828308,61,285.80069184303284,61,286.2678315639496,61,286.6532847881317,61,286.9701933860779,61,287.27892780303955,61,287.65353298187256,61,288.11164569854736,61,288.5725109577179,61,289.04072618484497,61,289.4031138420105,61,289.7120885848999,61,290.0508985519409,61,290.4146177768707,61,290.72760009765625,61,291.19732880592346,61,291.6631531715393,61,292.1293857097626,61,292.60659289360046,61,293.07133507728577,61,293.43506598472595,61,293.7558012008667,61,294.11892652511597,61,294.4848279953003,61,294.78914618492126,61,295.1014051437378,61,295.5588140487671,61,295.93424129486084,61,296.4015169143677,61,296.77302980422974,61,297.1438353061676,61,297.44947385787964,61,297.9068298339844,61,298.2169358730316,61,298.5840151309967,61,298.95439887046814,61,299.3222155570984,61,299.7135660648346,61,300.01742148399353
2,random graphs/big_layer/r1.5k12n8/graph2.lgbin,52804,291.371666431427,39,109,0,40,0.32343244552612305,39,0.8569390773773193,39,1.15952730178833,39,1.70204496383667,39,2.014275074005127,39,2.551941394805908,39,2.8606302738189697,39,3.3856050968170166,39,3.684521436691284,39,4.218264818191528,39,4.520275354385376,39,5.049971342086792,39,5.355619668960571,39,5.876759767532349,39,6.4041666984558105,39,6.71175742149353,39,7.250191688537598,39,7.562597036361694,39,8.102887153625488,39,8.396101713180542,39,8.689969062805176,39,9.220065593719482,39,9.529244661331177,39,9.839335918426514,39,10.152552843093872,39,10.464246034622192,39,10.774616003036499,39,11.299415826797485,39,11.595303297042847,39,12.123790740966797,39,12.533199310302734,39,12.988631963729858,39,13.342054605484009,39,13.898050308227539,39,14.30809211730957,39,14.847265481948853,39,15.183391094207764,39,15.490201711654663,39,16.02006721496582,39,16.548693895339966,39,16.890156745910645,39,17.42526912689209,39,17.97270894050598,39,18.50124168395996,39,18.810060739517212,39,19.324193954467773,39,19.862464427947998,39,20.39306640625,39,20.737077713012695,39,21.291845321655273,39,21.81594944000244,39,22.124115705490112,39,22.671401739120483,39,22.977195739746094,39,23.291741847991943,39,23.834304332733154,39,24.19217014312744,39,24.693499326705933,39,25.23204255104065,39,25.547227144241333,39,25.868664026260376,39,26.290300130844116,39,26.644639253616333,39,26.964929342269897,39,27.273749113082886,39,27.587158203125,39,28.129774808883667,39,28.44104027748108,39,28.974180221557617,39,29.316000938415527,39,29.863182306289673,39,30.40550184249878,39,30.94854497909546,39,31.48409366607666,39,31.784082889556885,39,32.34614586830139,39,32.69633722305298,39,33.0133900642395,39,33.556889057159424,39,33.87171459197998,39,34.40818786621094,39,34.71830725669861,39,35.03205108642578,39,35.570372581481934,39,36.10579252243042,39,36.41885256767273,39,36.96700978279114,39,37.519749879837036,39,37.941307067871094,39,38.486674308776855,39,38.794435262680054,39,39.106608867645264,39,39.652207136154175,39,39.96752738952637,39,40.50317645072937,39,40.86174297332764,39,41.177096128463745,39,41.50460767745972,39,42.03915548324585,39,42.585816383361816,39,42.89759874343872,39,43.45611572265625,39,43.907676458358765,39,44.44035530090332,39,44.98482418060303,39,45.527313470840454,39,45.84846520423889,39,46.166670083999634,39,46.70399498939514,39,47.2481586933136,39,47.81068468093872,39,48.22936391830444,39,48.553340911865234,39,48.875972747802734,39,49.42188334465027,39,49.96522521972656,39,50.393171310424805,39,50.919432163238525,39,51.229894161224365,39,51.63926577568054,39,51.940592527389526,39,52.25551247596741,39,52.79188394546509,39,53.13491868972778,39,53.68589997291565,39,54.22938919067383,39,54.763564348220825,39,55.07109093666077,39,55.598592042922974,39,56.13587999343872,39,56.44879341125488,39,56.75927138328552,39,57.29277586936951,39,57.84189772605896,39,58.39390015602112,39,58.93722438812256,39,59.26005291938782,39,59.57968091964722,39,60.11439347267151,39,60.420851945877075,39,60.735727310180664,39,61.05614352226257,39,61.614492416381836,39,61.93651294708252,39,62.25398015975952,39,62.8018696308136,39,63.10657858848572,39,63.51366305351257,39,63.823691844940186,39,64.24889087677002,39,64.774498462677,39,65.12717127799988,39,65.4733955860138,39,65.79149842262268,39,66.13796305656433,39,66.68387794494629,39,67.00399112701416,39,67.53864860534668,39,68.09166359901428,39,68.44297742843628,39,68.99815249443054,39,69.54016494750977,39,69.89047694206238,39,70.25504755973816,39,70.70345306396484,39,71.24424600601196,39,71.80439352989197,39,72.35091233253479,39,72.66540908813477,39,73.21579217910767,39,73.5349235534668,39,74.09002232551575,39,74.39919209480286,39,74.93616509437561,39,75.37168192863464,39,75.69028329849243,39,76.24313879013062,39,76.78606843948364,39,77.32102346420288,39,77.63964080810547,39,77.95083928108215,39,78.4859082698822,39,79.02985954284668,39,79.35216760635376,39,79.90722966194153,39,80.31777739524841,39,80.86010980606079,39,81.21441292762756,39,81.52847647666931,39,82.08778500556946,39,82.40682649612427,39,82.95318031311035,39,83.49380040168762,39,83.8204288482666,39,84.1407105922699,39,84.69296431541443,39,85.01439380645752,39,85.55652141571045,39,86.09927535057068,39,86.4208447933197,39,86.78618264198303,39,87.34070777893066,39,87.66099452972412,39,88.20424008369446,39,88.52164363861084,39,89.08201479911804,39,89.40072822570801,39,89.75330758094788,39,90.28305292129517,39,90.8215651512146,39,91.35520935058594,39,91.89290833473206,39,92.20454144477844,39,92.56146049499512,39,93.1040587425232,39,93.6443498134613,39,94.18128609657288,39,94.72015857696533,39,95.2655246257782,39,95.8004629611969,39,96.10374736785889,39,96.4215636253357,39,96.74459505081177,39,97.2852144241333,39,97.60911893844604,39,98.14341640472412,39,98.68423962593079,39,98.99310541152954,39,99.3078203201294,39,99.6158926486969,39,99.93180632591248,39,100.47727489471436,39,101.02030539512634,39,101.3436050415039,39,101.65636587142944,39,102.2046058177948,39,102.50999903678894,39,103.06361770629883,39,103.60720992088318,39,104.15931963920593,39,104.69749855995178,39,105.02464771270752,39,105.578204870224,39,105.99769306182861,39,106.54503417015076,39,107.0991108417511,39,107.64090538024902,39,108.18072557449341,39,108.53718161582947,39,109.08947992324829,39,109.40740418434143,39,109.72913765907288,39,110.02807021141052,39,110.38715958595276,39,110.69708228111267,39,111.02138209342957,39,111.5751121044159,39,112.1174054145813,39,112.65710425376892,39,112.9708800315857,39,113.29605293273926,39,113.61242008209229,39,114.16069889068604,39,114.71527910232544,39,115.27619242668152,39,115.59521770477295,39,116.13083696365356,39,116.67345476150513,39,116.98473644256592,39,117.29424977302551,39,117.84408831596375,39,118.16151452064514,39,118.70905041694641,39,119.04998517036438,39,119.60270142555237,39,119.90852952003479,39,120.45842003822327,39,120.79761624336243,39,121.33843064308167,39,121.8862681388855,39,122.1954607963562,39,122.7211685180664,39,123.02680468559265,39,123.33674335479736,39,123.86983585357666,39,124.21529293060303,39,124.52941131591797,39,125.0756721496582,39,125.39911150932312,39,125.71394276618958,39,126.03959584236145,39,126.58019876480103,39,127.12662863731384,39,127.6706919670105,39,128.22349667549133,39,128.6524293422699,39,128.97967147827148,39,129.5318102836609,39,129.9636585712433,39,130.27531337738037,39,130.81964492797852,39,131.35969471931458,39,131.9065396785736,39,132.22320461273193,39,132.66883993148804,39,133.2148196697235,39,133.75652718544006,39,134.30162167549133,39,134.64800715446472,39,135.19775199890137,39,135.7389268875122,39,136.2828085422516,39,136.8167383670807,39,137.32090020179749,39,137.63829517364502,39,137.93666172027588,39,138.2829875946045,39,138.59486436843872,39,139.13565182685852,39,139.4456548690796,39,139.98418498039246,39,140.5243580341339,39,141.05484676361084,39,141.59053468704224,39,141.89851903915405,39,142.43940114974976,39,142.97798109054565,39,143.3223843574524,39,143.6463656425476,39,143.95148420333862,39,144.2635955810547,39,144.57982087135315,39,144.889408826828,39,145.42681646347046,39,145.9716968536377,39,146.3338806629181,39,146.8748619556427,39,147.1809482574463,39,147.48772358894348,39,148.0217661857605,39,148.32923030853271,39,148.64086985588074,39,148.95234847068787,39,149.26405596733093,39,149.8028919696808,39,150.34261322021484,39,150.65540385246277,39,150.96896147727966,39,151.51336908340454,39,152.04677963256836,39,152.53229641914368,39,153.0685589313507,39,153.36903834342957,39,153.6838459968567,39,154.0100622177124,39,154.5603539943695,39,154.87969398498535,39,155.42297744750977,39,155.74758386611938,39,156.04897236824036,39,156.6055040359497,39,157.17026019096375,39,157.6157419681549,39,158.17270135879517,39,158.47975039482117,39,158.7967712879181,39,159.32849192619324,39,159.63767623901367,39,160.06287717819214,39,160.593514919281,39,160.90615606307983,39,161.25592398643494,39,161.78917241096497,39,162.09216260910034,39,162.6396508216858,39,162.954820394516,39,163.49073338508606,39,164.0281879901886,39,164.5580699443817,39,164.86146545410156,39,165.40123629570007,39,165.94488978385925,39,166.2972333431244,39,166.83404111862183,39,167.38870096206665,39,167.93028664588928,39,168.47459483146667,39,168.7806534767151,39,169.33008646965027,39,169.86191058158875,39,170.17632484436035,39,170.7278070449829,39,171.03310251235962,39,171.39195156097412,39,171.7101137638092,39,172.05084562301636,39,172.47330021858215,39,172.799702167511,39,173.1514537334442,39,173.69943499565125,39,174.04600763320923,39,174.36874985694885,39,174.68423104286194,39,175.23396396636963,39,175.75659084320068,39,176.0641884803772,39,176.47887134552002,39,176.8043830394745,39,177.12394618988037,39,177.4418215751648,39,177.98812079429626,39,178.52365827560425,39,179.07747983932495,39,179.61998224258423,39,180.11119723320007,39,180.4212725162506,39,180.73048734664917,39,181.2696132659912,39,181.80728888511658,39,182.35467767715454,39,182.88973879814148,39,183.43295693397522,39,183.97568106651306,39,184.51865768432617,39,184.827876329422,39,185.3753080368042,39,185.91791105270386,39,186.23579025268555,39,186.65588545799255,39,187.19064927101135,39,187.73659777641296,39,188.04428124427795,39,188.47047758102417,39,189.01589703559875,39,189.33471655845642,39,189.69110465049744,39,190.24445366859436,39,190.77661991119385,39,191.0847725868225,39,191.41131591796875,39,191.95001888275146,39,192.39643335342407,39,192.74004697799683,39,193.05933260917664,39,193.40807366371155,39,193.72003269195557,39,194.25350975990295,39,194.56331062316895,39,194.98065876960754,39,195.53155946731567,39,196.07911610603333,39,196.6210856437683,39,197.16500806808472,39,197.70760822296143,39,198.24664998054504,39,198.5582573413849,39,199.1014437675476,39,199.4473249912262,39,199.75860261917114,39,200.30519890785217,39,200.8462314605713,39,201.1670627593994,39,201.71468210220337,39,202.25506854057312,39,202.79923605918884,39,203.10564732551575,39,203.64984607696533,39,204.20835709571838,39,204.74115657806396,39,205.04933094978333,39,205.3574619293213,39,205.79276490211487,39,206.35218167304993,39,206.85360527038574,39,207.1632297039032,39,207.69758677482605,39,208.00482439994812,39,208.31626677513123,39,208.8510115146637,39,209.26421737670898,39,209.79172015190125,39,210.10931396484375,39,210.4600875377655,39,210.77895283699036,39,211.19914412498474,39,211.73730874061584,39,212.27666091918945,39,212.84120988845825,39,213.39321303367615,39,213.92594623565674,39,214.45834398269653,39,214.87444138526917,39,215.42679953575134,39,215.95371413230896,39,216.26269960403442,39,216.57611966133118,39,217.11434316635132,39,217.6577866077423,39,218.20086312294006,39,218.74732208251953,39,219.19344425201416,39,219.72905588150024,39,220.03622889518738,39,220.34535932540894,39,220.66541719436646,39,220.98561263084412,39,221.53205132484436,39,221.85076713562012,39,222.1483392715454,39,222.67740321159363,39,223.01345872879028,39,223.56445598602295,39,224.11578798294067,39,224.4236340522766,39,224.7359459400177,39,225.26746010780334,39,225.62248468399048,39,225.9337077140808,39,226.46446871757507,39,226.9943766593933,39,227.52658319473267,39,227.84639263153076,39,228.17206811904907,39,228.71191549301147,39,229.03396034240723,39,229.59046483039856,39,229.92986392974854,39,230.46872520446777,39,231.00671339035034,39,231.5459144115448,39,231.88264775276184,39,232.4273989200592,39,232.77658820152283,39,233.10166239738464,39,233.64305973052979,39,233.9531090259552,39,234.49389696121216,39,235.02938175201416,39,235.57242012023926,39,236.0073127746582,39,236.3213562965393,39,236.85622715950012,39,237.39997005462646,39,237.93878269195557,39,238.2482967376709,39,238.60395073890686,39,239.1549677848816,39,239.69401240348816,39,240.0267095565796,39,240.3529350757599,39,240.76940035820007,39,241.30815196037292,39,241.6535611152649,39,241.9707338809967,39,242.52740097045898,39,243.0781364440918,39,243.60719871520996,39,243.9607219696045,39,244.51698446273804,39,244.8248245716095,39,245.1348807811737,39,245.43814659118652,39,245.97458696365356,39,246.52836060523987,39,246.83522844314575,39,247.14808535575867,39,247.4637725353241,39,247.9950475692749,39,248.5155155658722,39,248.8559651374817,39,249.2013716697693,39,249.72777342796326,39,250.27197289466858,39,250.80893898010254,39,251.15620875358582,39,251.46719527244568,39,251.78700923919678,39,252.316730260849,39,252.84960198402405,39,253.16473960876465,39,253.4795982837677,39,254.0117268562317,39,254.36651754379272,39,254.8970558643341,39,255.44131898880005,39,255.74097633361816,39,256.09847831726074,39,256.63825702667236,39,257.1819887161255,39,257.72549057006836,39,258.2520740032196,39,258.5669729709625,39,259.1223452091217,39,259.4288194179535,39,259.78608536720276,39,260.32964420318604,39,260.6401455402374,39,261.1759600639343,39,261.4817614555359,39,261.79474568367004,39,262.1077091693878,39,262.4334421157837,39,262.98701333999634,39,263.29577898979187,39,263.83574175834656,39,264.384468793869,39,264.9257390499115,39,265.48045229911804,39,265.91134214401245,39,266.4490716457367,39,266.7625424861908,39,267.07246136665344,39,267.38776993751526,39,267.71541810035706,39,268.02523493766785,39,268.32576727867126,39,268.8813633918762,39,269.18926763534546,39,269.72178411483765,39,270.0223295688629,39,270.33974027633667,39,270.6752972602844,39,271.01495933532715,39,271.3163185119629,39,271.8585526943207,39,272.16499519348145,39,272.7078516483307,39,273.23810839653015,39,273.7797677516937,39,274.3038890361786,39,274.61085057258606,39,274.9075963497162,39,275.21466541290283,39,275.75218296051025,39,276.05823159217834,39,276.37545704841614,39,276.6815037727356,39,276.99541759490967,39,277.532030582428,39,278.06373262405396,39,278.60786485671997,39,279.16286611557007,39,279.4804651737213,39,280.0269911289215,39,280.5748746395111,39,281.1248617172241,39,281.4307510852814,39,281.7379448413849,39,282.0510940551758,39,282.5834596157074,39,283.12569189071655,39,283.6702387332916,39,283.9866306781769,39,284.34526538848877,39,284.6741843223572,39,285.0947051048279,39,285.3937554359436,39,285.9389634132385,39,286.4852876663208,39,287.0176362991333,39,287.3239495754242,39,287.8629958629608,39,288.1700186729431,39,288.4825668334961,39,288.8103199005127,39,289.34674739837646,39,289.89738845825195,39,290.20248556137085,39,290.5254464149475,39,290.85103249549866,39,291.16931343078613,39,291.7161180973053,39,292.02279233932495,39,292.5612139701843,39,293.10498046875,39,293.41508507728577,39,293.9541389942169,39,294.2680113315582,39,294.81118535995483,39,295.35764479637146,39,295.66794443130493,39,295.97906255722046,39,296.30603098869324,39,296.6238248348236,39,297.15492367744446,39,297.4591691493988,39,297.7757980823517,39,298.1074001789093,39,298.6576397418976,39,299.2101585865021,39,299.6298887729645,39,300.0203278064728
3,random graphs/big_layer/r1.5k12n8/graph3.lgbin,52804,294.32191586494446,65,146,0,82,0.4343535900115967,65,1.1557731628417969,65,1.9486172199249268,65,2.4262263774871826,65,3.2317166328430176,65,3.712189197540283,65,4.509117603302002,65,4.9660727977752686,65,5.736988306045532,65,6.206449031829834,65,7.0049519538879395,65,7.484965562820435,65,7.967413425445557,65,8.742284297943115,65,9.227880954742432,65,9.773642539978027,65,10.310548305511475,65,10.784674644470215,65,11.59260892868042,65,12.06671929359436,65,12.536350727081299,65,13.018065214157104,65,13.519999504089355,65,13.99941611289978,65,14.468762159347534,65,15.25339150428772,65,15.726199865341187,65,16.071125507354736,65,16.549388885498047,65,16.977227449417114,65,17.464826822280884,65,18.012601137161255,65,18.794312953948975,65,19.29471778869629,65,20.071501970291138,65,20.845914363861084,65,21.309481143951416,65,21.672521352767944,65,21.994415044784546,65,22.48723602294922,65,22.849969387054443,65,23.63914179801941,65,24.434794664382935,65,25.21648621559143,65,25.696277856826782,65,26.1791033744812,65,26.60674238204956,65,26.972952604293823,65,27.43744444847107,65,28.230724096298218,65,29.024664163589478,65,29.80034637451172,65,30.59342360496521,65,31.40129828453064,65,32.17456674575806,65,32.64721417427063,65,33.441094160079956,65,34.20134735107422,65,34.548409938812256,65,35.32293725013733,65,35.79512596130371,65,36.278674364089966,65,36.632341384887695,65,37.39094543457031,65,37.765477657318115,65,38.54334259033203,65,39.32618689537048,65,40.110304832458496,65,40.87547039985657,65,41.6528160572052,65,42.425116777420044,65,42.89935302734375,65,43.66250658035278,65,44.43638205528259,65,44.89909267425537,65,45.676679372787476,65,46.436827421188354,65,47.210373401641846,65,47.97515511512756,65,48.75404977798462,65,49.528326988220215,65,50.00884532928467,65,50.78643488883972,65,51.23766350746155,65,51.999972343444824,65,52.773656368255615,65,53.5381498336792,65,54.011433601379395,65,54.498202323913574,65,54.86072111129761,65,55.6455352306366,65,55.9887375831604,65,56.478501319885254,65,56.95317792892456,65,57.416258335113525,65,58.17874336242676,65,58.95407795906067,65,59.717589139938354,65,60.17951154708862,65,60.941962003707886,65,61.7121524810791,65,62.059213638305664,65,62.41333365440369,65,63.20820879936218,65,63.67969608306885,65,64.4675784111023,65,64.94006538391113,65,65.71461033821106,65,66.19544410705566,65,66.55874347686768,65,67.33031916618347,65,68.1031379699707,65,68.8722779750824,65,69.35415291786194,65,69.859459400177,65,70.32165622711182,65,70.78338599205017,65,71.25726294517517,65,71.7390558719635,65,72.54041767120361,65,72.97265958786011,65,73.44034624099731,65,73.97158241271973,65,74.74690127372742,65,75.53141236305237,65,76.3051609992981,65,76.71861577033997,65,77.4955952167511,65,78.27968740463257,65,78.75953912734985,65,79.2413535118103,65,79.59998774528503,65,80.402263879776,65,80.8942186832428,65,81.69717407226562,65,82.044677734375,65,82.83289003372192,65,83.37086510658264,65,83.83124136924744,65,84.31409811973572,65,85.09034180641174,65,85.86185550689697,65,86.34506320953369,65,86.8169674873352,65,87.29281735420227,65,88.0934226512909,65,88.88698601722717,65,89.36440515518188,65,90.13509583473206,65,90.61388301849365,65,91.03707098960876,65,91.39385533332825,65,92.19845294952393,65,92.98452067375183,65,93.46930193901062,65,93.94669437408447,65,94.74250650405884,65,95.10484790802002,65,95.90061283111572,65,96.3856189250946,65,97.18959355354309,65,97.9942274093628,65,98.79069805145264,65,99.27387595176697,65,99.75646090507507,65,100.23004460334778,65,100.71423506736755,65,101.50599002838135,65,101.98377299308777,65,102.78565239906311,65,103.2574212551117,65,104.05799198150635,65,104.54346108436584,65,105.34180307388306,65,106.11544060707092,65,106.9001533985138,65,107.67099571228027,65,108.21666479110718,65,108.69982290267944,65,109.49178218841553,65,109.96419072151184,65,110.73879766464233,65,111.21361041069031,65,112.00714588165283,65,112.47009253501892,65,113.26283407211304,65,113.68498420715332,65,114.45200896263123,65,115.21669006347656,65,115.98293113708496,65,116.75568771362305,65,117.09708189964294,65,117.44929552078247,65,117.93034529685974,65,118.71004891395569,65,119.21350407600403,65,119.68198728561401,65,120.44652056694031,65,121.22162818908691,65,121.56272292137146,65,122.3577811717987,65,122.9058198928833,65,123.33467769622803,65,123.80543851852417,65,124.22762298583984,65,124.99630880355835,65,125.78059554100037,65,126.25125980377197,65,127.01379179954529,65,127.77972960472107,65,128.23559951782227,65,128.69759225845337,65,129.50022315979004,65,130.2669870853424,65,130.74147987365723,65,131.53657031059265,65,131.88529348373413,65,132.6723599433899,65,133.46190905570984,65,133.9461464881897,65,134.29833960533142,65,134.77059173583984,65,135.57709121704102,65,135.92996859550476,65,136.4134488105774,65,137.22882533073425,65,138.02604937553406,65,138.3870391845703,65,138.86749935150146,65,139.6699092388153,65,140.46293139457703,65,141.25761008262634,65,141.74273109436035,65,142.5385901927948,65,143.34341764450073,65,144.13788390159607,65,144.62841248512268,65,145.41600227355957,65,146.2235894203186,65,146.6049084663391,65,147.095689535141,65,147.89952182769775,65,148.38681769371033,65,148.76734733581543,65,149.57850217819214,65,150.0611550807953,65,150.54738545417786,65,151.0362184047699,65,151.5114438533783,65,151.994615316391,65,152.79983687400818,65,153.27996015548706,65,154.08202719688416,65,154.8818871974945,65,155.4290521144867,65,156.2109842300415,65,156.64466524124146,65,157.42690467834473,65,157.97141551971436,65,158.76140928268433,65,159.55722308158875,65,160.3439826965332,65,160.7024440765381,65,161.511864900589,65,162.3058967590332,65,163.10534644126892,65,163.9068820476532,65,164.38573098182678,65,164.74560475349426,65,165.24189853668213,65,165.72536635398865,65,166.21913981437683,65,167.03520488739014,65,167.84949135780334,65,168.33333945274353,65,168.81440567970276,65,169.64035534858704,65,170.12268805503845,65,170.4750280380249,65,170.9664442539215,65,171.77860736846924,65,172.26172256469727,65,172.76823091506958,65,173.57301688194275,65,174.0577621459961,65,174.54598426818848,65,175.03299617767334,65,175.84606909751892,65,176.33979082107544,65,177.144348859787,65,177.9592547416687,65,178.50775170326233,65,178.99245762825012,65,179.35478711128235,65,180.17271423339844,65,180.65664315223694,65,181.14698839187622,65,181.64000010490417,65,182.44727182388306,65,183.24729943275452,65,183.66997170448303,65,184.02712559700012,65,184.83408880233765,65,185.32423520088196,65,186.12675213813782,65,186.62093806266785,65,187.1116805076599,65,187.9299657344818,65,188.4120581150055,65,188.89938116073608,65,189.38604021072388,65,189.8617160320282,65,190.6665759086609,65,191.46998596191406,65,192.27354764938354,65,193.07925510406494,65,193.5093457698822,65,194.0152621269226,65,194.37547206878662,65,195.18278646469116,65,195.98828077316284,65,196.77128195762634,65,197.13362550735474,65,197.94698691368103,65,198.31193494796753,65,198.7923936843872,65,199.27555990219116,65,199.63490915298462,65,200.4228687286377,65,200.88670682907104,65,201.68977618217468,65,202.47360110282898,65,203.24813652038574,65,203.78041052818298,65,204.57729268074036,65,205.36098217964172,65,205.84211421012878,65,206.18534445762634,65,206.97207260131836,65,207.447030544281,65,207.9178385734558,65,208.690744638443,65,209.15111899375916,65,209.9470362663269,65,210.74242615699768,65,211.53903818130493,65,212.09831833839417,65,212.89556527137756,65,213.3814091682434,65,213.8518145084381,65,214.34777760505676,65,214.84946179389954,65,215.32192301750183,65,215.86822700500488,65,216.6654052734375,65,217.143705368042,65,217.9572446346283,65,218.74284482002258,65,219.23213577270508,65,220.02801775932312,65,220.50130248069763,65,221.27444624900818,65,222.0421965122223,65,222.5769965648651,65,223.1116394996643,65,223.91105127334595,65,224.69810557365417,65,225.23475241661072,65,225.72316789627075,65,226.05837082862854,65,226.85257601737976,65,227.6469268798828,65,228.12889313697815,65,228.92515754699707,65,229.7071042060852,65,230.06490325927734,65,230.54307985305786,65,231.32959532737732,65,231.68304705619812,65,232.03910613059998,65,232.83701395988464,65,233.30975699424744,65,233.67293214797974,65,234.46628069877625,65,234.94992566108704,65,235.72152161598206,65,236.49338626861572,65,236.96420001983643,65,237.75365018844604,65,238.22859144210815,65,239.02885365486145,65,239.82496738433838,65,240.5915207862854,65,241.07231879234314,65,241.84949588775635,65,242.64926743507385,65,243.12713599205017,65,243.59803581237793,65,244.08278369903564,65,244.51868629455566,65,244.98908615112305,65,245.76163625717163,65,246.2466995716095,65,246.8051404953003,65,247.59394121170044,65,248.05988121032715,65,248.54731488227844,65,249.342041015625,65,249.8234782218933,65,250.30893087387085,65,251.10357475280762,65,251.91028690338135,65,252.70434665679932,65,253.16576266288757,65,253.94029211997986,65,254.71516108512878,65,255.18900752067566,65,255.98276615142822,65,256.7785339355469,65,257.2564959526062,65,257.74101662635803,65,258.2033181190491,65,259.01134276390076,65,259.4886882305145,65,259.9656767845154,65,260.4297821521759,65,261.2161009311676,65,261.98925256729126,65,262.44819474220276,65,263.21603751182556,65,263.7549102306366,65,264.53507804870605,65,264.9987144470215,65,265.7730174064636,65,266.5436110496521,65,267.31104493141174,65,267.6600522994995,65,268.12679862976074,65,268.58705973625183,65,269.3691143989563,65,270.1479711532593,65,270.6793646812439,65,271.1642520427704,65,271.93484807014465,65,272.4104859828949,65,272.75083923339844,65,273.12358236312866,65,273.6077344417572,65,274.38283610343933,65,274.7390332221985,65,275.20337176322937,65,275.67045307159424,65,276.14494276046753,65,276.61592721939087,65,276.9601573944092,65,277.74360060691833,65,278.5169904232025,65,279.3008728027344,65,279.6598517894745,65,280.4584016799927,65,280.9314992427826,65,281.42182421684265,65,281.895423412323,65,282.25498032569885,65,283.05165457725525,65,283.8155891895294,65,284.2261862754822,65,284.69147062301636,65,285.15021109580994,65,285.91814374923706,65,286.6937503814697,65,287.1671724319458,65,287.95085620880127,65,288.7149431705475,65,289.18834614753723,65,289.9925112724304,65,290.47896361351013,65,290.9544837474823,65,291.3123757839203,65,292.08153200149536,65,292.55954146385193,65,293.333110332489,65,294.1053214073181,65,294.4813504219055,65,295.2538261413574,65,296.03045129776,65,296.80521631240845,65,297.2687518596649,65,298.0406882762909,65,298.83282351493835,65,299.6101577281952,65,300.02789425849915
4,random graphs/big_layer/r1.5k12n8/graph4.lgbin,52804,283.5509853363037,64,147,0,93,0.38091373443603516,69,0.5802679061889648,64,0.9246914386749268,64,1.1316008567810059,64,1.3845109939575195,64,1.586925745010376,64,1.830610752105713,64,2.038316249847412,64,2.292356252670288,64,2.5003604888916016,64,2.741562604904175,64,2.9452409744262695,64,3.1822075843811035,64,3.4359023571014404,64,3.6400716304779053,64,3.8922715187072754,64,4.140795946121216,64,4.38701868057251,64,4.632018089294434,64,4.998699903488159,64,5.200249433517456,64,5.539036512374878,64,5.746392011642456,64,6.143185138702393,64,6.522621393203735,64,6.766716241836548,64,6.975143909454346,64,7.1777966022491455,64,7.389119863510132,64,7.745084285736084,64,8.095502853393555,64,8.347488164901733,64,8.59420108795166,64,8.798862218856812,64,9.008382558822632,64,9.258277654647827,64,9.514475584030151,64,9.722845315933228,64,9.976660966873169,64,10.217793464660645,64,10.474914789199829,64,10.72672700881958,64,11.044306755065918,64,11.290349006652832,64,11.496413946151733,64,11.704283475875854,64,11.915099859237671,64,12.168254852294922,64,12.379638671875,64,12.751950025558472,64,13.004911422729492,64,13.255746126174927,64,13.454833745956421,64,13.706925868988037,64,13.917707204818726,64,14.169519662857056,64,14.379929780960083,64,14.633646726608276,64,14.883657932281494,64,15.091970682144165,64,15.348281621932983,64,15.668749809265137,64,15.881534337997437,64,16.09110188484192,64,16.332980632781982,64,16.543694496154785,64,16.788817644119263,64,17.16582226753235,64,17.419618844985962,64,17.665866136550903,64,17.87068510055542,64,18.083781242370605,64,18.336567640304565,64,18.580026626586914,64,18.831095457077026,64,19.066399097442627,64,19.27127456665039,64,19.637993097305298,64,19.844683408737183,64,20.16515588760376,64,20.5197696685791,64,20.7726891040802,64,21.031726837158203,64,21.282548427581787,64,21.52238130569458,64,21.736069202423096,64,21.946895360946655,64,22.155874967575073,64,22.4111008644104,64,22.654988765716553,64,22.86076593399048,64,23.063050985336304,64,23.263211965560913,64,23.50393772125244,64,23.716745853424072,64,23.969483852386475,64,24.180100440979004,64,24.427306175231934,64,24.630722045898438,64,24.87875533103943,64,25.128424644470215,64,25.504393815994263,64,25.721616983413696,64,25.969573497772217,64,26.221336603164673,64,26.474797010421753,64,26.677653074264526,64,26.928654432296753,64,27.177079439163208,64,27.420501947402954,64,27.631556272506714,64,27.99501633644104,64,28.230957508087158,64,28.434515237808228,64,28.687859296798706,64,28.935899257659912,64,29.288639307022095,64,29.605053186416626,64,29.81097936630249,64,30.012620449066162,64,30.225066423416138,64,30.43873143196106,64,30.648123741149902,64,30.8999125957489,64,31.098472833633423,64,31.300020217895508,64,31.690052032470703,64,31.8959059715271,64,32.24155306816101,64,32.494664430618286,64,32.74468445777893,64,32.994592905044556,64,33.244215965270996,64,33.48429775238037,64,33.68581581115723,64,33.90077185630798,64,34.14901900291443,64,34.36000728607178,64,34.751312255859375,64,35.14001131057739,64,35.38663291931152,64,35.6359179019928,64,35.87757468223572,64,36.08272099494934,64,36.44563293457031,64,36.65312194824219,64,36.893354177474976,64,37.105348348617554,64,37.31101608276367,64,37.55921459197998,64,37.81222724914551,64,38.07028794288635,64,38.313793420791626,64,38.56356930732727,64,38.84772610664368,64,39.098694801330566,64,39.350720167160034,64,39.59962868690491,64,39.95607113838196,64,40.16532897949219,64,40.41091179847717,64,40.61609864234924,64,40.82858085632324,64,41.03186249732971,64,41.28163743019104,64,41.53091239929199,64,41.870858669281006,64,42.076972007751465,64,42.28351616859436,64,42.48918056488037,64,42.701719999313354,64,43.01580214500427,64,43.35408639907837,64,43.59335446357727,64,43.84680676460266,64,44.087624311447144,64,44.446616888046265,64,44.65146064758301,64,44.864561557769775,64,45.116992235183716,64,45.364030838012695,64,45.61052632331848,64,45.81778168678284,64,46.031506299972534,64,46.24287152290344,64,46.45417141914368,64,46.66388416290283,64,46.913756132125854,64,47.16538619995117,64,47.369746923446655,64,47.581966400146484,64,47.89236903190613,64,48.137354373931885,64,48.342522859573364,64,48.55277967453003,64,48.762277364730835,64,48.97524642944336,64,49.19080901145935,64,49.40079879760742,64,49.5992476940155,64,49.85205864906311,64,50.10409474372864,64,50.350220918655396,64,50.55742359161377,64,50.918657064437866,64,51.169331550598145,64,51.49369192123413,64,51.70278882980347,64,51.9144504070282,64,52.12685251235962,64,52.3354971408844,64,52.55052161216736,64,52.80030059814453,64,53.05071425437927,64,53.30321455001831,64,53.55502438545227,64,53.764782667160034,64,54.011168479919434,64,54.25665736198425,64,54.50353693962097,64,54.750242948532104,64,54.96687340736389,64,55.21341633796692,64,55.46457076072693,64,55.71870970726013,64,56.07961130142212,64,56.33085370063782,64,56.5403413772583,64,56.89531111717224,64,57.259377241134644,64,57.466710567474365,64,57.83102631568909,64,58.036900758743286,64,58.406388998031616,64,58.793323040008545,64,59.00753855705261,64,59.2632417678833,64,59.468661308288574,64,59.717873096466064,64,59.97119855880737,64,60.22060441970825,64,60.424296140670776,64,60.63761067390442,64,60.99096918106079,64,61.19983458518982,64,61.40982913970947,64,61.66312599182129,64,62.02514982223511,64,62.271639585494995,64,62.524656534194946,64,62.778475284576416,64,63.01709270477295,64,63.22563147544861,64,63.47034049034119,64,63.850935220718384,64,64.18125867843628,64,64.38603401184082,64,64.60333633422852,64,64.81097412109375,64,65.01752185821533,64,65.22270131111145,64,65.46170449256897,64,65.66672492027283,64,65.91746640205383,64,66.12079954147339,64,66.3707811832428,64,66.57289409637451,64,66.82381939888,64,67.0773606300354,64,67.28311514854431,64,67.67442297935486,64,67.91877484321594,64,68.16121244430542,64,68.39845943450928,64,68.6007387638092,64,68.90731716156006,64,69.2675404548645,64,69.48023700714111,64,69.73094058036804,64,70.04244875907898,64,70.24876546859741,64,70.4931743144989,64,70.70619797706604,64,70.91484236717224,64,71.15830612182617,64,71.36821007728577,64,71.74935293197632,64,72.00377249717712,64,72.20847177505493,64,72.41106963157654,64,72.65676617622375,64,73.0114529132843,64,73.21634149551392,64,73.46424913406372,64,73.67099356651306,64,73.92355036735535,64,74.16379690170288,64,74.37619662284851,64,74.58710145950317,64,74.8319764137268,64,75.18466329574585,64,75.42908215522766,64,75.63604283332825,64,75.84512782096863,64,76.09651947021484,64,76.30751252174377,64,76.55590677261353,64,76.7982919216156,64,77.03852558135986,64,77.27847361564636,64,77.6325409412384,64,77.84727072715759,64,78.0567524433136,64,78.29572653770447,64,78.55122232437134,64,78.86561155319214,64,79.11660647392273,64,79.31092810630798,64,79.51231670379639,64,79.71450328826904,64,79.96069622039795,64,80.31309580802917,64,80.56350827217102,64,80.80110597610474,64,81.00908637046814,64,81.25796794891357,64,81.50279116630554,64,81.70768904685974,64,81.95108985900879,64,82.30553388595581,64,82.50322461128235,64,82.71177887916565,64,82.95568609237671,64,83.16871118545532,64,83.41705083847046,64,83.63003778457642,64,83.87544512748718,64,84.12551474571228,64,84.37440633773804,64,84.73652958869934,64,84.948983669281,64,85.26300358772278,64,85.469153881073,64,85.71185088157654,64,85.9670922756195,64,86.2162516117096,64,86.45444893836975,64,86.69625639915466,64,86.93154430389404,64,87.18048357963562,64,87.39306879043579,64,87.71854972839355,64,87.96201753616333,64,88.2091634273529,64,88.41507387161255,64,88.66174745559692,64,88.91353106498718,64,89.16932606697083,64,89.4264030456543,64,89.67592215538025,64,89.92120456695557,64,90.16946816444397,64,90.3739001750946,64,90.62330961227417,64,90.87526297569275,64,91.08208680152893,64,91.29748463630676,64,91.50563049316406,64,91.76144194602966,64,91.9692153930664,64,92.22380065917969,64,92.47457075119019,64,92.73089742660522,64,92.98006772994995,64,93.2295937538147,64,93.43881034851074,64,93.69239664077759,64,93.94600558280945,64,94.19871306419373,64,94.44966554641724,64,94.69626951217651,64,94.94653415679932,64,95.15123343467712,64,95.40059566497803,64,95.6395742893219,64,95.8803780078888,64,96.09047532081604,64,96.4592854976654,64,96.71240425109863,64,96.91798114776611,64,97.15953993797302,64,97.37131714820862,64,97.5844292640686,64,97.92321300506592,64,98.1360502243042,64,98.38746190071106,64,98.62983083724976,64,98.84389686584473,64,99.08950519561768,64,99.45438933372498,64,99.66664171218872,64,99.9179699420929,64,100.17123746871948,64,100.42697715759277,64,100.63567018508911,64,100.85099363327026,64,101.06179475784302,64,101.30271005630493,64,101.55110263824463,64,101.75718379020691,64,102.00838732719421,64,102.21125531196594,64,102.42082118988037,64,102.6287169456482,64,102.88774466514587,64,103.25884532928467,64,103.46944236755371,64,103.71996736526489,64,103.92888069152832,64,104.18430233001709,64,104.39164876937866,64,104.59679317474365,64,104.79871535301208,64,105.03505420684814,64,105.27901434898376,64,105.4813780784607,64,105.7337019443512,64,105.9843864440918,64,106.23282504081726,64,106.43876910209656,64,106.80960988998413,64,107.05992937088013,64,107.31224060058594,64,107.68393087387085,64,107.93016457557678,64,108.17946362495422,64,108.56684899330139,64,108.80852031707764,64,109.11350536346436,64,109.3707480430603,64,109.61213183403015,64,109.81340289115906,64,110.02956771850586,64,110.27778720855713,64,110.635183095932,64,110.85226535797119,64,111.06490135192871,64,111.30496954917908,64,111.54502654075623,64,111.74916744232178,64,111.95948100090027,64,112.17174959182739,64,112.42180442810059,64,112.81294536590576,64,113.02508282661438,64,113.27662348747253,64,113.48744058609009,64,113.73451256752014,64,113.97696876525879,64,114.18186974525452,64,114.58021330833435,64,114.78492212295532,64,114.99746370315552,64,115.24871444702148,64,115.50120759010315,64,115.75118279457092,64,115.99677300453186,64,116.25243210792542,64,116.45504403114319,64,116.694096326828,64,116.89688992500305,64,117.14635872840881,64,117.50365447998047,64,117.70447254180908,64,117.9094181060791,64,118.11033773422241,64,118.31339168548584,64,118.51509022712708,64,118.71542263031006,64,119.07252550125122,64,119.3187198638916,64,119.56806349754333,64,119.81304550170898,64,120.05501174926758,64,120.29847502708435,64,120.54675483703613,64,120.78954267501831,64,120.99732637405396,64,121.3523359298706,64,121.56573486328125,64,121.81952023506165,64,122.06723141670227,64,122.43543314933777,64,122.63899731636047,64,122.885657787323,64,123.1358253955841,64,123.47197198867798,64,123.67501902580261,64,124.04377365112305,64,124.24684190750122,64,124.49958395957947,64,124.70314860343933,64,124.91590404510498,64,125.2877824306488,64,125.65746521949768,64,125.87090730667114,64,126.18356156349182,64,126.39341187477112,64,126.60394954681396,64,126.95904326438904,64,127.21305465698242,64,127.47114849090576,64,127.72337198257446,64,127.97454714775085,64,128.22106456756592,64,128.4256501197815,64,128.6662847995758,64,128.88175654411316,64,129.1291947364807,64,129.3824188709259,64,129.61937260627747,64,129.82707929611206,64,130.0225076675415,64,130.27080011367798,64,130.50507497787476,64,130.84419131278992,64,131.0930736064911,64,131.4451014995575,64,131.68026065826416,64,132.06735801696777,64,132.3170187473297,64,132.51918983459473,64,132.71850633621216,64,132.96040034294128,64,133.15180134773254,64,133.35222244262695,64,133.60413026809692,64,133.8095624446869,64,134.05305171012878,64,134.29172658920288,64,134.5015571117401,64,134.74117922782898,64,134.98727583885193,64,135.18271255493164,64,135.5534634590149,64,135.79667735099792,64,136.032212972641,64,136.28209447860718,64,136.52182698249817,64,136.75574374198914,64,136.96655368804932,64,137.20285439491272,64,137.4059808254242,64,137.65298771858215,64,137.88851022720337,64,138.12240290641785,64,138.49026799201965,64,138.88274931907654,64,139.27631211280823,64,139.51194667816162,64,139.75049448013306,64,139.9845769405365,64,140.22990155220032,64,140.47636079788208,64,140.67511010169983,64,140.87793850898743,64,141.19257640838623,64,141.50377702713013,64,141.70160508155823,64,141.9021520614624,64,142.23703455924988,64,142.47834944725037,64,142.7170341014862,64,143.07379937171936,64,143.43933057785034,64,143.67432379722595,64,143.87665343284607,64,144.1154761314392,64,144.41708874702454,64,144.62070727348328,64,144.86149525642395,64,145.10144972801208,64,145.3475799560547,64,145.55761170387268,64,145.75815105438232,64,146.1100492477417,64,146.30772876739502,64,146.51115131378174,64,146.71153736114502,64,147.02415084838867,64,147.26954770088196,64,147.4779634475708,64,147.68033838272095,64,147.88109803199768,64,148.116849899292,64,148.31885528564453,64,148.52224206924438,64,148.7729308605194,64,149.13070607185364,64,149.37801218032837,64,149.6163845062256,64,149.86166143417358,64,150.21615052223206,64,150.41610527038574,64,150.654128074646,64,150.90243291854858,64,151.15003108978271,64,151.3605010509491,64,151.60075497627258,64,151.95540118217468,64,152.15861654281616,64,152.51006507873535,64,152.70914816856384,64,152.95970129966736,64,153.19534850120544,64,153.43151569366455,64,153.76782822608948,64,154.11888074874878,64,154.31758093833923,64,154.52034664154053,64,154.83339834213257,64,155.0843849182129,64,155.32777643203735,64,155.57753038406372,64,155.81629943847656,64,156.05334424972534,64,156.30094408988953,64,156.66468167304993,64,156.90154552459717,64,157.1037609577179,64,157.30586338043213,64,157.5039792060852,64,157.70768117904663,64,157.90541315078735,64,158.15231204032898,64,158.50328373908997,64,158.74612021446228,64,158.98207640647888,64,159.21759629249573,64,159.45832324028015,64,159.69959139823914,64,160.00516200065613,64,160.2106602191925,64,160.40872192382812,64,160.61554193496704,64,160.85343027114868,64,161.10171604156494,64,161.29637718200684,64,161.53214383125305,64,161.77724599838257,64,162.13088154792786,64,162.33269119262695,64,162.5804738998413,64,162.78470516204834,64,163.02038073539734,64,163.21758890151978,64,163.46373677253723,64,163.65881848335266,64,163.90439653396606,64,164.15388655662537,64,164.38848423957825,64,164.74144315719604,64,164.9771716594696,64,165.22033619880676,64,165.42055702209473,64,165.62170124053955,64,165.97831201553345,64,166.21413469314575,64,166.448335647583,64,166.69015288352966,64,167.05752730369568,64,167.25582480430603,64,167.49562978744507,64,167.73452734947205,64,167.97980666160583,64,168.17997097969055,64,168.42403888702393,64,168.6305377483368,64,168.87152457237244,64,169.07382655143738,64,169.27263617515564,64,169.47297477722168,64,169.71868920326233,64,170.0724332332611,64,170.31979656219482,64,170.55384755134583,64,170.79310750961304,64,171.03493928909302,64,171.2761845588684,64,171.51849937438965,64,171.75746393203735,64,171.95836639404297,64,172.19668078422546,64,172.44410800933838,64,172.68509697914124,64,172.9248652458191,64,173.16035151481628,64,173.36168241500854,64,173.57317900657654,64,173.77534413337708,64,174.02488231658936,64,174.3786838054657,64,174.61388421058655,64,174.85490345954895,64,175.09027528762817,64,175.29233193397522,64,175.50459742546082,64,175.71581292152405,64,175.9171392917633,64,176.1671006679535,64,176.40398335456848,64,176.64545726776123,64,176.84817957878113,64,177.05001831054688,64,177.29526591300964,64,177.53001046180725,64,177.77602815628052,64,178.0247142314911,64,178.40182089805603,64,178.63684344291687,64,178.88307523727417,64,179.1219081878662,64,179.47735810279846,64,179.72589945793152,64,179.92849707603455,64,180.16931128501892,64,180.48286080360413,64,180.83480644226074,64,181.0358006954193,64,181.2347812652588,64,181.4367799758911,64,181.67804312705994,64,181.88129472732544,64,182.13155317306519,64,182.37134957313538,64,182.73962879180908,64,182.9836437702179,64,183.23051524162292,64,183.57976746559143,64,183.93200135231018,64,184.1405644416809,64,184.3405566215515,64,184.5430760383606,64,184.89954257011414,64,185.14816427230835,64,185.38709020614624,64,185.58369040489197,64,185.82097029685974,64,186.02637362480164,64,186.224426984787,64,186.46550822257996,64,186.663400888443,64,186.90855193138123,64,187.11166977882385,64,187.48027729988098,64,187.82498717308044,64,188.02776646614075,64,188.22598695755005,64,188.4681670665741,64,188.66517782211304,64,189.03255796432495,64,189.27040576934814,64,189.4734127521515,64,189.67445635795593,64,189.91717624664307,64,190.11915063858032,64,190.31652641296387,64,190.550776720047,64,190.79053807258606,64,191.03203296661377,64,191.279230594635,64,191.48394465446472,64,191.7292640209198,64,191.92653918266296,64,192.23959040641785,64,192.48264360427856,64,192.72198367118835,64,192.96178269386292,64,193.16222739219666,64,193.36528706550598,64,193.70749807357788,64,193.91136646270752,64,194.15073251724243,64,194.50875616073608,64,194.74493718147278,64,194.94789266586304,64,195.19668173789978,64,195.402348279953,64,195.61138701438904,64,195.84344267845154,64,196.08099102973938,64,196.32345366477966,64,196.52731084823608,64,196.9168734550476,64,197.16572904586792,64,197.41332077980042,64,197.75210690498352,64,197.98857927322388,64,198.18221235275269,64,198.3840835094452,64,198.629492521286,64,198.83239245414734,64,199.03002977371216,64,199.27766370773315,64,199.4746425151825,64,199.72523427009583,64,199.96852135658264,64,200.22013211250305,64,200.46226239204407,64,200.66308689117432,64,200.97903847694397,64,201.18276953697205,64,201.42921471595764,64,201.62991428375244,64,201.8376007080078,64,202.03889346122742,64,202.23969841003418,64,202.48761439323425,64,202.6940951347351,64,202.93648195266724,64,203.18130564689636,64,203.42308855056763,64,203.62807631492615,64,203.83146023750305,64,204.07032322883606,64,204.3136501312256,64,204.55712246894836,64,204.792640209198,64,205.035564661026,64,205.28025722503662,64,205.51827573776245,64,205.7638304233551,64,205.95740699768066,64,206.32582020759583,64,206.52950191497803,64,206.7786521911621,64,206.98736310005188,64,207.33755564689636,64,207.54307770729065,64,207.74521398544312,64,208.10067224502563,64,208.40411925315857,64,208.6492509841919,64,208.88779425621033,64,209.09123468399048,64,209.33375215530396,64,209.58080077171326,64,209.81605315208435,64,210.01827955245972,64,210.22106456756592,64,210.57643461227417,64,210.81347489356995,64,211.0134494304657,64,211.25938606262207,64,211.50440001487732,64,211.85464429855347,64,212.05894017219543,64,212.29873871803284,64,212.5005238056183,64,212.74913620948792,64,212.99630165100098,64,213.1936492919922,64,213.44371223449707,64,213.79517316818237,64,214.04311275482178,64,214.2816126346588,64,214.4849898815155,64,214.72653460502625,64,214.96608304977417,64,215.21393036842346,64,215.41226315498352,64,215.65983486175537,64,215.9036431312561,64,216.1101050376892,64,216.31307125091553,64,216.51352906227112,64,216.71610403060913,64,216.95761632919312,64,217.19555807113647,64,217.44291996955872,64,217.64465022087097,64,218.03707647323608,64,218.2405309677124,64,218.4880084991455,64,218.8218958377838,64,219.05946826934814,64,219.30607199668884,64,219.55756378173828,64,219.7570924758911,64,219.99406027793884,64,220.2389326095581,64,220.4401307106018,64,220.63897466659546,64,220.83917713165283,64,221.0395803451538,64,221.24257731437683,64,221.4466245174408,64,221.6851921081543,64,221.92014813423157,64,222.17074871063232,64,222.38249230384827,64,222.74642896652222,64,222.94423079490662,64,223.18344473838806,64,223.3850975036621,64,223.62746381759644,64,223.82809114456177,64,224.0292785167694,64,224.27546215057373,64,224.52457785606384,64,224.76048493385315,64,225.09243154525757,64,225.34221482276917,64,225.6777274608612,64,225.8825478553772,64,226.0813388824463,64,226.32731342315674,64,226.56354403495789,64,226.97076201438904,64,227.21067881584167,64,227.45419931411743,64,227.6915385723114,64,227.93361115455627,64,228.17552399635315,64,228.37786436080933,64,228.58067202568054,64,228.82953143119812,64,229.13221144676208,64,229.36976099014282,64,229.6128969192505,64,229.84428095817566,64,230.0460774898529,64,230.2454812526703,64,230.49272179603577,64,230.74185395240784,64,231.09302163124084,64,231.33299040794373,64,231.5333411693573,64,231.7341365814209,64,231.9821319580078,64,232.18762111663818,64,232.3863399028778,64,232.69001483917236,64,232.93522381782532,64,233.2855930328369,64,233.4929986000061,64,233.72845554351807,64,233.9258337020874,64,234.17419719696045,64,234.53780603408813,64,234.7842836380005,64,235.15276551246643,64,235.35536193847656,64,235.60202407836914,64,235.7980761528015,64,235.99724078178406,64,236.2418713569641,64,236.4447681903839,64,236.646990776062,64,236.8464915752411,64,237.05904388427734,64,237.3102719783783,64,237.54773926734924,64,237.75054502487183,64,237.953786611557,64,238.16231083869934,64,238.40422320365906,64,238.60784482955933,64,238.80906677246094,64,239.04719138145447,64,239.28766083717346,64,239.49130773544312,64,239.8469274044037,64,240.0963363647461,64,240.3401072025299,64,240.5419840812683,64,240.90225338935852,64,241.25875043869019,64,241.50490760803223,64,241.70485186576843,64,241.94183087348938,64,242.19158697128296,64,242.44124245643616,64,242.69296026229858,64,242.9302396774292,64,243.28530430793762,64,243.48782205581665,64,243.68324494361877,64,243.9266312122345,64,244.166015625,64,244.36555743217468,64,244.56805801391602,64,244.82116985321045,64,245.0239703655243,64,245.21600198745728,64,245.46758008003235,64,245.67568564414978,64,245.90905666351318,64,246.10865211486816,64,246.4803831577301,64,246.7272801399231,64,246.93693614006042,64,247.1889033317566,64,247.39677500724792,64,247.63712072372437,64,247.8337299823761,64,248.0433440208435,64,248.40920972824097,64,248.65263390541077,64,248.8951439857483,64,249.1359281539917,64,249.38267588615417,64,249.58991718292236,64,249.8302400112152,64,250.06552529335022,64,250.30167531967163,64,250.50610399246216,64,250.8737347126007,64,251.07710361480713,64,251.31166315078735,64,251.5511372089386,64,251.90684270858765,64,252.15833020210266,64,252.40415596961975,64,252.60863208770752,64,252.85187554359436,64,253.10319638252258,64,253.35152387619019,64,253.55463099479675,64,253.79151439666748,64,254.0402328968048,64,254.24195885658264,64,254.47802734375,64,254.72047781944275,64,255.07556819915771,64,255.31456422805786,64,255.55918645858765,64,255.81111407279968,64,256.06081914901733,64,256.27110719680786,64,256.47338581085205,64,256.7259364128113,64,256.97538471221924,64,257.17555141448975,64,257.3699412345886,64,257.5742938518524,64,257.7764868736267,64,257.9798192977905,64,258.19093108177185,64,258.4319884777069,64,258.6718227863312,64,258.9214210510254,64,259.1677632331848,64,259.36966705322266,64,259.61797761917114,64,259.8594274520874,64,260.06134009361267,64,260.3066289424896,64,260.5147819519043,64,260.8697979450226,64,261.0687401294708,64,261.38125801086426,64,261.63241171836853,64,261.8452117443085,64,262.0976073741913,64,262.3490951061249,64,262.55690932273865,64,262.76625084877014,64,263.0153489112854,64,263.26968359947205,64,263.51808762550354,64,263.8764717578888,64,264.08248949050903,64,264.40050411224365,64,264.61004185676575,64,264.9753518104553,64,265.173974275589,64,265.41150403022766,64,265.6170177459717,64,265.81776905059814,64,266.06790375709534,64,266.30382227897644,64,266.50659918785095,64,266.7469232082367,64,266.9946961402893,64,267.2065637111664,64,267.55889344215393,64,267.7606956958771,64,267.9674117565155,64,268.1678078174591,64,268.3809916973114,64,268.6191861629486,64,268.87842869758606,64,269.11847448349,64,269.36639952659607,64,269.7217206954956,64,270.10946321487427,64,270.4166896343231,64,270.7701530456543,64,271.0158519744873,64,271.21744656562805,64,271.4307949542999,64,271.6845910549164,64,271.93530535697937,64,272.17358350753784,64,272.3738534450531,64,272.57603907585144,64,272.83071303367615,64,273.07529067993164,64,273.31845331192017,64,273.55347967147827,64,273.752028465271,64,273.98523712158203,64,274.1931550502777,64,274.40786242485046,64,274.62167859077454,64,274.86598682403564,64,275.1123857498169,64,275.32329392433167,64,275.52448201179504,64,275.77147150039673,64,275.97821950912476,64,276.2305643558502,64,276.4840507507324,64,276.73196387290955,64,276.93535256385803,64,277.18763756752014,64,277.3942437171936,64,277.60539746284485,64,277.9101219177246,64,278.11824464797974,64,278.36103224754333,64,278.5619947910309,64,278.76308250427246,64,279.0162968635559,64,279.216007232666,64,279.4297914505005,64,279.68060636520386,64,279.9305331707001,64,280.1297085285187,64,280.3312017917633,64,280.5422327518463,64,280.9105899333954,64,281.2292859554291,64,281.5423593521118,64,281.7812533378601,64,282.02035880088806,64,282.2606911659241,64,282.46675658226013,64,282.70197558403015,64,282.9489448070526,64,283.1831338405609,64,283.43576169013977,64,283.64003801345825,64,283.8935225009918,64,284.1381778717041,64,284.34385657310486,64,284.57782649993896,64,284.7857732772827,64,284.9851360321045,64,285.23037457466125,64,285.59979128837585,64,285.8466634750366,64,286.0840356349945,64,286.28517055511475,64,286.48596811294556,64,286.72073459625244,64,286.96793365478516,64,287.20596385002136,64,287.44175004959106,64,287.68739461898804,64,287.89746284484863,64,288.09569692611694,64,288.2972824573517,64,288.5325357913971,64,288.7397198677063,64,289.04440236091614,64,289.28040885925293,64,289.48556876182556,64,289.6838688850403,64,289.8834364414215,64,290.12492775917053,64,290.47536039352417,64,290.67397570610046,64,290.90929555892944,64,291.11815071105957,64,291.3564043045044,64,291.56125926971436,64,291.8010718822479,64,292.05073714256287,64,292.40540885925293,64,292.60630917549133,64,292.84215331077576,64,293.19385743141174,64,293.39940071105957,64,293.6353657245636,64,293.9807074069977,64,294.3364062309265,64,294.53541684150696,64,294.7844705581665,64,295.0317130088806,64,295.27550768852234,64,295.52070212364197,64,295.7620074748993,64,296.0088222026825,64,296.2473473548889,64,296.4973351955414,64,296.6961431503296,64,296.94269609451294,64,297.1542704105377,64,297.38869190216064,64,297.75919580459595,64,298.11783719062805,64,298.47204995155334,64,298.6670606136322,64,298.9093985557556,64,299.1115300655365,64,299.3485949039459,64,299.55249524116516,64,299.8002119064331,64,300.0183482170105
0,random graphs/big_layer/r1.5k12n8/graph0.lgbin,105570,291.1506881713867,53,170,0,84,0.19622445106506348,60,0.6783952713012695,60,1.0293354988098145,56,1.7715511322021484,56,2.480661153793335,53,2.8290133476257324,53,3.54872727394104,53,3.839195728302002,53,4.151180028915405,53,4.853469610214233,53,5.161466598510742,53,5.866437673568726,53,6.1653478145599365,53,6.455036163330078,53,7.150898218154907,53,7.875507354736328,53,8.185297966003418,53,8.4534170627594,53,9.167738437652588,53,9.469269514083862,53,9.75947618484497,53,10.467254638671875,53,10.757072448730469,53,11.09217357635498,53,11.79660439491272,53,12.110506296157837,53,12.398784160614014,53,12.72068977355957,53,13.421931266784668,53,14.128316402435303,53,14.40569281578064,53,14.682883501052856,53,15.404253959655762,53,15.687617540359497,53,15.979732751846313,53,16.26863384246826,53,16.996216773986816,53,17.299400091171265,53,17.60011053085327,53,17.92074966430664,53,18.23249053955078,53,18.525022268295288,53,18.833775520324707,53,19.127135753631592,53,19.38317894935608,53,19.70152187347412,53,20.017884492874146,53,20.748633861541748,53,21.06364941596985,53,21.79392123222351,53,22.101799726486206,53,22.416717767715454,53,22.726622104644775,53,22.986706018447876,53,23.29407787322998,53,23.584441900253296,53,23.89673614501953,53,24.623107194900513,53,25.331784963607788,53,25.62467122077942,53,25.91332983970642,53,26.194971799850464,53,26.90435552597046,53,27.620043992996216,53,27.900695085525513,53,28.1965389251709,53,28.918061017990112,53,29.636483430862427,53,30.352364778518677,53,31.074668169021606,53,31.380412101745605,53,31.668899059295654,53,32.39548420906067,53,32.710561752319336,53,33.0019953250885,53,33.71182942390442,53,33.99437618255615,53,34.70015740394592,53,35.01160454750061,53,35.724080324172974,53,36.02221083641052,53,36.32925367355347,53,37.043940782547,53,37.35146403312683,53,38.066593647003174,53,38.78497099876404,53,39.50565552711487,53,40.22538185119629,53,40.95064377784729,53,41.263558864593506,53,41.982592821121216,53,42.705793380737305,53,43.41239643096924,53,44.12093925476074,53,44.83644413948059,53,45.55093169212341,53,45.832425117492676,53,46.53858304023743,53,47.265756368637085,53,47.98396420478821,53,48.694559812545776,53,48.98588967323303,53,49.71932125091553,53,50.443790912628174,53,51.14176869392395,53,51.84573698043823,53,52.160929441452026,53,52.866862297058105,53,53.181230783462524,53,53.88484263420105,53,54.59670543670654,53,54.86410880088806,53,55.5663583278656,53,55.876386880874634,53,56.17336583137512,53,56.47140121459961,53,56.745033740997314,53,57.02955889701843,53,57.7400918006897,53,58.03144383430481,53,58.334434509277344,53,59.0369770526886,53,59.314258098602295,53,59.616126537323,53,59.96951484680176,53,60.262338399887085,53,60.58414053916931,53,60.87524366378784,53,61.5719428062439,53,62.280296087265015,53,62.560824394226074,53,62.849173069000244,53,63.56829810142517,53,64.2830753326416,53,64.59157347679138,53,64.8873598575592,53,65.58670473098755,53,66.28462362289429,53,66.57522702217102,53,66.87183976173401,53,67.17701745033264,53,67.89363145828247,53,68.59985876083374,53,69.30925226211548,53,70.0153317451477,53,70.328449010849,53,70.63498973846436,53,71.36573100090027,53,72.0724024772644,53,72.40678834915161,53,72.69597959518433,53,73.40774583816528,53,73.7130606174469,53,74.01357579231262,53,74.31277966499329,53,74.62210416793823,53,74.90834975242615,53,75.21251726150513,53,75.91481852531433,53,76.609459400177,53,76.89766907691956,53,77.60739326477051,53,77.89884376525879,53,78.16971325874329,53,78.48672699928284,53,79.1945903301239,53,79.45772004127502,53,80.16921997070312,53,80.87595558166504,53,81.58208012580872,53,82.29446578025818,53,82.9935142993927,53,83.29830384254456,53,83.60626554489136,53,83.8910231590271,53,84.19810318946838,53,84.49949097633362,53,85.20899105072021,53,85.91932892799377,53,86.61697101593018,53,87.30769038200378,53,88.01395654678345,53,88.71591925621033,53,89.01359152793884,53,89.70370697975159,53,90.41480612754822,53,91.12792921066284,53,91.84446573257446,53,92.13953280448914,53,92.85004615783691,53,93.15725660324097,53,93.87305617332458,53,94.14036703109741,53,94.84539198875427,53,95.54984521865845,53,95.87004041671753,53,96.17879676818848,53,96.88603639602661,53,97.19032526016235,53,97.8975760936737,53,98.6001501083374,53,98.90130138397217,53,99.59656929969788,53,100.295405626297,53,101.01556301116943,53,101.70167756080627,53,102.00735259056091,53,102.30334115028381,53,102.60042238235474,53,103.29734349250793,53,103.59316325187683,53,104.29531025886536,53,104.99646997451782,53,105.69458365440369,53,106.00134205818176,53,106.69903039932251,53,107.00599646568298,53,107.33005952835083,53,108.03063607215881,53,108.3278295993805,53,108.60078430175781,53,109.31328010559082,53,109.59187293052673,53,110.2995069026947,53,110.60434794425964,53,110.90039467811584,53,111.20184063911438,53,111.51155543327332,53,111.79090142250061,53,112.05299091339111,53,112.35012006759644,53,112.6375322341919,53,112.93934988975525,53,113.62632584571838,53,113.91933083534241,53,114.21199703216553,53,114.51125264167786,53,114.81699013710022,53,115.11910271644592,53,115.38350009918213,53,115.68089723587036,53,116.37295722961426,53,117.07210850715637,53,117.77450323104858,53,118.48312091827393,53,118.79039454460144,53,119.4973840713501,53,119.81233191490173,53,120.11869478225708,53,120.41143083572388,53,121.1272566318512,53,121.82919716835022,53,122.13992857933044,53,122.44155645370483,53,123.14475512504578,53,123.8497667312622,53,124.14878439903259,53,124.44947266578674,53,125.14972352981567,53,125.86108827590942,53,126.16364860534668,53,126.88136863708496,53,127.18734693527222,53,127.90387058258057,53,128.2065544128418,53,128.5147135257721,53,129.22607612609863,53,129.93458199501038,53,130.6418378353119,53,131.3585662841797,53,132.06099939346313,53,132.36749005317688,53,132.63144254684448,53,133.33939933776855,53,134.06392097473145,53,134.36960315704346,53,134.66688179969788,53,135.3696665763855,53,135.68390154838562,53,135.98453783988953,53,136.68352890014648,53,136.98751258850098,53,137.6962285041809,53,138.39406085014343,53,139.09822034835815,53,139.40144896507263,53,140.10552597045898,53,140.41677284240723,53,141.13774609565735,53,141.44572734832764,53,141.7539837360382,53,142.06289649009705,53,142.3705518245697,53,143.07126140594482,53,143.3807291984558,53,143.6824767589569,53,143.96107077598572,53,144.68073058128357,53,144.9863030910492,53,145.30766677856445,53,145.6328251361847,53,145.89993834495544,53,146.19384813308716,53,146.4951024055481,53,146.750816822052,53,147.037269115448,53,147.74195289611816,53,148.05211114883423,53,148.3392629623413,53,149.0416738986969,53,149.34837365150452,53,150.06429862976074,53,150.7885468006134,53,151.5070514678955,53,151.8094265460968,53,152.1125853061676,53,152.4108099937439,53,152.68648076057434,53,152.99666261672974,53,153.70582509040833,53,154.00765752792358,53,154.7189884185791,53,155.02023124694824,53,155.73161911964417,53,156.43971967697144,53,157.15684723854065,53,157.86809015274048,53,158.5709617137909,53,158.8803210258484,53,159.59031438827515,53,159.85008120536804,53,160.56357526779175,53,160.85346293449402,53,161.15776467323303,53,161.446227312088,53,161.70213747024536,53,162.41435837745667,53,163.12545323371887,53,163.84283828735352,53,164.14348459243774,53,164.45581126213074,53,165.16408443450928,53,165.86915636062622,53,166.14528799057007,53,166.45119214057922,53,167.1760959625244,53,167.45587968826294,53,168.16752314567566,53,168.88746070861816,53,169.1921672821045,53,169.4957137107849,53,169.8297164440155,53,170.54465579986572,53,170.84526538848877,53,171.14762902259827,53,171.87163019180298,53,172.18157076835632,53,172.49332642555237,53,172.7508671283722,53,173.0883903503418,53,173.8004434108734,53,174.50873851776123,53,175.22235250473022,53,175.93872165679932,53,176.65314030647278,53,177.36396670341492,53,177.64903140068054,53,177.95482873916626,53,178.26787972450256,53,178.99291944503784,53,179.29500150680542,53,179.59509992599487,53,180.3207230567932,53,181.05512142181396,53,181.35739517211914,53,182.06840991973877,53,182.3765528202057,53,183.10601592063904,53,183.8222460746765,53,184.1191530227661,53,184.43297839164734,53,185.15092873573303,53,185.46418976783752,53,185.75354099273682,53,186.06049704551697,53,186.36048865318298,53,186.6563777923584,53,186.97964429855347,53,187.28514075279236,53,188.00774240493774,53,188.3200614452362,53,189.05208539962769,53,189.77761697769165,53,190.0777018070221,53,190.40796637535095,53,191.13107347488403,53,191.8510251045227,53,192.56936478614807,53,192.89486479759216,53,193.19851112365723,53,193.4829638004303,53,193.77271485328674,53,194.0814368724823,53,194.79822850227356,53,195.06517505645752,53,195.78498315811157,53,196.08023643493652,53,196.37280893325806,53,197.090567111969,53,197.79643750190735,53,198.09417390823364,53,198.3767020702362,53,199.09163665771484,53,199.79886627197266,53,200.11689066886902,53,200.8413326740265,53,201.54523539543152,53,202.2639355659485,53,202.5813980102539,53,203.3095850944519,53,204.02578568458557,53,204.7389154434204,53,205.05338954925537,53,205.76131319999695,53,206.05428838729858,53,206.75812339782715,53,207.05165433883667,53,207.36218118667603,53,208.0796935558319,53,208.3452546596527,53,209.0709969997406,53,209.36759424209595,53,210.08206176757812,53,210.34872722625732,53,210.62146711349487,53,210.88142323493958,53,211.59827828407288,53,212.32350087165833,53,213.04926562309265,53,213.771635055542,53,214.48734426498413,53,215.2080783843994,53,215.51859426498413,53,216.2352979183197,53,216.95282697677612,53,217.66480135917664,53,218.38242745399475,53,218.68958497047424,53,219.40147876739502,53,220.12941718101501,53,220.85149669647217,53,221.16334176063538,53,221.88655376434326,53,222.20391869544983,53,222.51231360435486,53,222.8343415260315,53,223.55652117729187,53,224.27202796936035,53,224.57504892349243,53,225.30077528953552,53,226.02343583106995,53,226.73900032043457,53,227.4534764289856,53,228.16574239730835,53,228.43346667289734,53,228.73892164230347,53,229.46772122383118,53,229.782612323761,53,230.10473108291626,53,230.42711353302002,53,231.14359402656555,53,231.44427967071533,53,232.1724922657013,53,232.4866065979004,53,233.20486640930176,53,233.50851702690125,53,234.2346510887146,53,234.54802823066711,53,234.81009888648987,53,235.11485981941223,53,235.82920837402344,53,236.14087748527527,53,236.46381163597107,53,236.77853918075562,53,237.0811574459076,53,237.80883812904358,53,238.53350591659546,53,238.84528803825378,53,239.5739369392395,53,240.2873501777649,53,241.00490856170654,53,241.72522854804993,53,242.44332361221313,53,242.70593070983887,53,242.97110152244568,53,243.29082870483398,53,244.01572799682617,53,244.3212914466858,53,244.63441634178162,53,244.9456911087036,53,245.26733112335205,53,245.98715996742249,53,246.70420169830322,53,246.99712681770325,53,247.72126531600952,53,248.05929350852966,53,248.79272961616516,53,249.09078073501587,53,249.40166473388672,53,250.14000391960144,53,250.85905289649963,53,251.57335019111633,53,252.299987077713,53,252.6160545349121,53,252.93320441246033,53,253.66255736351013,53,253.97366571426392,53,254.6915581226349,53,255.00075769424438,53,255.31266498565674,53,256.02700877189636,53,256.3420422077179,53,257.06948924064636,53,257.793869972229,53,258.1057004928589,53,258.39380955696106,53,259.11994552612305,53,259.4318194389343,53,260.1676354408264,53,260.8914942741394,53,261.6135802268982,53,261.9045648574829,53,262.6296374797821,53,262.92001080513,53,263.2419111728668,53,263.55522060394287,53,263.82152366638184,53,264.11784648895264,53,264.4532768726349,53,264.7523899078369,53,265.07664012908936,53,265.37687611579895,53,265.6729221343994,53,265.98562502861023,53,266.26913022994995,53,266.98622608184814,53,267.70798325538635,53,268.42178225517273,53,269.1350769996643,53,269.41837644577026,53,269.726687669754,53,270.4547824859619,53,271.17582988739014,53,271.90153408050537,53,272.214239358902,53,272.52329564094543,53,272.84114027023315,53,273.14399814605713,53,273.8709714412689,53,274.59328031539917,53,275.3212847709656,53,276.04865622520447,53,276.7701768875122,53,277.05919647216797,53,277.346022605896,53,277.6376669406891,53,277.9432370662689,53,278.6598286628723,53,278.9859981536865,53,279.2975022792816,53,280.00865840911865,53,280.72711658477783,53,281.46129870414734,53,282.1765191555023,53,282.4412360191345,53,282.74498677253723,53,283.46042108535767,53,283.7533357143402,53,284.47821021080017,53,284.7605755329132,53,285.0717554092407,53,285.7863757610321,53,286.5125253200531,53,286.82490491867065,53,287.1262285709381,53,287.43033480644226,53,287.72580122947693,53,288.44777846336365,53,288.7619686126709,53,289.4733874797821,53,289.7876250743866,53,290.08516478538513,53,290.81600165367126,53,291.54171442985535,53,291.8591446876526,53,292.184139251709,53,292.4517152309418,53,292.75409150123596,53,293.0478217601776,53,293.3615562915802,53,293.67464995384216,53,294.4036259651184,53,294.7202339172363,53,295.03330540657043,53,295.3332221508026,53,295.63733172416687,53,295.95183062553406,53,296.6827962398529,53,296.993123292923,53,297.7170088291168,53,298.43969988822937,53,298.7694959640503,53,299.4849605560303,53,300.03831005096436
1,random graphs/big_layer/r1.5k12n8/graph1.lgbin,105570,290.9176814556122,61,146,0,83,0.3117964267730713,61,0.943000078201294,61,1.312549114227295,61,1.7799732685089111,61,2.156121253967285,61,2.6219615936279297,61,2.995558023452759,61,3.465878963470459,61,3.838062047958374,61,4.301676273345947,61,4.666980028152466,61,5.135721921920776,61,5.51109504699707,61,5.976712465286255,61,6.345675945281982,61,6.718712568283081,61,7.189789772033691,61,7.580682277679443,61,8.072122573852539,61,8.384169340133667,61,8.754626750946045,61,9.21957540512085,61,9.596509456634521,61,9.962299823760986,61,10.280423402786255,61,10.740021228790283,61,11.129039764404297,61,11.588848114013672,61,11.964267492294312,61,12.429344654083252,61,12.792036771774292,61,13.173023700714111,61,13.486929416656494,61,13.95183777809143,61,14.42118525505066,61,14.879578828811646,61,15.197247505187988,61,15.566053628921509,61,15.949869394302368,61,16.40703845024109,61,16.7112934589386,61,17.171599864959717,61,17.480032444000244,61,17.84025239944458,61,18.2950656414032,61,18.754801511764526,61,19.21584391593933,61,19.585861206054688,61,19.88672399520874,61,20.199227333068848,61,20.5779390335083,61,21.043274641036987,61,21.509729146957397,61,21.89687490463257,61,22.359469890594482,61,22.676426887512207,61,23.047601222991943,61,23.416106462478638,61,23.881998300552368,61,24.34232187271118,61,24.71503520011902,61,25.18217921257019,61,25.546775579452515,61,25.920941829681396,61,26.30403161048889,61,26.66726541519165,61,27.056418895721436,61,27.42799162864685,61,27.89604139328003,61,28.35934567451477,61,28.826709270477295,61,29.19185972213745,61,29.65450668334961,61,30.123876094818115,61,30.516809701919556,61,30.980782508850098,61,31.355278491973877,61,31.67378807067871,61,32.13964557647705,61,32.52860903739929,61,32.99721574783325,61,33.30655550956726,61,33.673755407333374,61,34.04568314552307,61,34.41531443595886,61,34.78690266609192,61,35.25279426574707,61,35.624850273132324,61,35.99795126914978,61,36.363773345947266,61,36.73272132873535,61,37.0520703792572,61,37.5197856426239,61,37.83820056915283,61,38.212154388427734,61,38.57501935958862,61,38.95592713356018,61,39.33147668838501,61,39.699326038360596,61,40.165735960006714,61,40.637083768844604,61,40.95317339897156,61,41.275272846221924,61,41.74296951293945,61,42.051467418670654,61,42.42196297645569,61,42.88783860206604,61,43.355350494384766,61,43.81825876235962,61,44.184812784194946,61,44.559154987335205,61,45.02324891090393,61,45.384522676467896,61,45.84391808509827,61,46.14854454994202,61,46.50960397720337,61,46.823384523391724,61,47.21645712852478,61,47.682939767837524,61,48.13902425765991,61,48.60448431968689,61,48.97517371177673,61,49.439637660980225,61,49.90748453140259,61,50.2839834690094,61,50.649086713790894,61,50.962371826171875,61,51.42834973335266,61,51.796968936920166,61,52.26327157020569,61,52.64929699897766,61,53.11535406112671,61,53.488178968429565,61,53.951621294021606,61,54.3290319442749,61,54.79158806800842,61,55.26116752624512,61,55.626898527145386,61,56.09103727340698,61,56.46720552444458,61,56.93082332611084,61,57.3981831073761,61,57.73445248603821,61,58.11908435821533,61,58.5859854221344,61,59.0444495677948,61,59.437785625457764,61,59.902119159698486,61,60.28125023841858,61,60.64572620391846,61,61.00870203971863,61,61.37921404838562,61,61.751938581466675,61,62.116491079330444,61,62.58232665061951,61,62.95145392417908,61,63.401936054229736,61,63.79466152191162,61,64.1579053401947,61,64.61901187896729,61,64.98658561706543,61,65.35437560081482,61,65.72412014007568,61,66.08282828330994,61,66.44926071166992,61,66.83324408531189,61,67.29933071136475,61,67.66506385803223,61,68.03795647621155,61,68.49727129936218,61,68.95729470252991,61,69.44470477104187,61,69.81550621986389,61,70.18166637420654,61,70.64768028259277,61,71.11040496826172,61,71.5745267868042,61,71.93227005004883,61,72.39448046684265,61,72.70207214355469,61,73.01974487304688,61,73.39361691474915,61,73.85389375686646,61,74.17624759674072,61,74.63885736465454,61,75.10430860519409,61,75.47192573547363,61,75.83729147911072,61,76.21773862838745,61,76.53020715713501,61,76.89266705513,61,77.25844955444336,61,77.64480876922607,61,78.1092619895935,61,78.47630548477173,61,78.85287547111511,61,79.16811728477478,61,79.63897562026978,61,79.96184468269348,61,80.33167576789856,61,80.70480942726135,61,81.0653190612793,61,81.52289652824402,61,81.87716221809387,61,82.26354813575745,61,82.72795605659485,61,83.09386920928955,61,83.54954814910889,61,83.91515231132507,61,84.21749925613403,61,84.61021184921265,61,85.07195663452148,61,85.53577542304993,61,86.0036473274231,61,86.46661734580994,61,86.8401026725769,61,87.30097913742065,61,87.76416540145874,61,88.07945847511292,61,88.541827917099,61,88.92376756668091,61,89.29130029678345,61,89.67699313163757,61,90.040776014328,61,90.50372576713562,61,90.87922191619873,61,91.26772952079773,61,91.6375572681427,61,92.01167702674866,61,92.32918548583984,61,92.7974214553833,61,93.1679139137268,61,93.6520082950592,61,93.96342206001282,61,94.3404929637909,61,94.8098828792572,61,95.1753044128418,61,95.5657389163971,61,96.03669452667236,61,96.40263247489929,61,96.77094388008118,61,97.08374667167664,61,97.43669533729553,61,97.79640936851501,61,98.1610472202301,61,98.51967668533325,61,98.88397312164307,61,99.32417345046997,61,99.68649530410767,61,100.03969883918762,61,100.40103435516357,61,100.85994386672974,61,101.30637335777283,61,101.7593641281128,61,102.21970510482788,61,102.58694553375244,61,103.0461654663086,61,103.49737453460693,61,103.86533117294312,61,104.23414039611816,61,104.69743204116821,61,105.1558690071106,61,105.52621388435364,61,105.91353249549866,61,106.30444288253784,61,106.6768708229065,61,107.06908512115479,61,107.37357521057129,61,107.74264717102051,61,108.12507557868958,61,108.50046014785767,61,108.82073044776917,61,109.2839765548706,61,109.65011048316956,61,110.1123595237732,61,110.58319044113159,61,110.9578001499176,61,111.32587599754333,61,111.7902729511261,61,112.25650143623352,61,112.71966576576233,61,113.09056520462036,61,113.55687522888184,61,114.0203275680542,61,114.3940601348877,61,114.77569890022278,61,115.23420715332031,61,115.70399808883667,61,116.01449751853943,61,116.35841798782349,61,116.82492256164551,61,117.18252825737,61,117.55016136169434,61,117.90663266181946,61,118.36298751831055,61,118.82041358947754,61,119.18284296989441,61,119.52271103858948,61,119.84931755065918,61,120.2163827419281,61,120.57924795150757,61,121.03526496887207,61,121.39249658584595,61,121.69658875465393,61,122.15939450263977,61,122.47518157958984,61,122.85537648200989,61,123.21811008453369,61,123.57755947113037,61,123.94023180007935,61,124.24459290504456,61,124.6967523097992,61,125.06039953231812,61,125.51922535896301,61,125.88196635246277,61,126.2508852481842,61,126.70260310173035,61,127.1547462940216,61,127.45417165756226,61,127.81278157234192,61,128.17366647720337,61,128.53411149978638,61,128.90185523033142,61,129.25817704200745,61,129.7158167362213,61,130.16629338264465,61,130.5318582057953,61,130.89853692054749,61,131.34225749969482,61,131.70883202552795,61,132.0803256034851,61,132.39049696922302,61,132.75886821746826,61,133.1202552318573,61,133.5728440284729,61,133.93655347824097,61,134.39118027687073,61,134.7455792427063,61,135.10303688049316,61,135.4723117351532,61,135.84793305397034,61,136.1524875164032,61,136.6069474220276,61,137.05989289283752,61,137.50576996803284,61,137.86254477500916,61,138.22605729103088,61,138.58548855781555,61,139.03841972351074,61,139.4997022151947,61,139.95346355438232,61,140.31219577789307,61,140.69658780097961,61,141.05873656272888,61,141.410893201828,61,141.8680853843689,61,142.25442790985107,61,142.59228920936584,61,143.05324697494507,61,143.36536240577698,61,143.82549619674683,61,144.2854127883911,61,144.6694633960724,61,145.0536344051361,61,145.37230968475342,61,145.75801587104797,61,146.07914662361145,61,146.43282103538513,61,146.7464611530304,61,147.13487911224365,61,147.50453686714172,61,147.96453762054443,61,148.428156375885,61,148.815087556839,61,149.1265468597412,61,149.59290432929993,61,150.05267930030823,61,150.42472672462463,61,150.88851594924927,61,151.24582409858704,61,151.70667839050293,61,152.17117142677307,61,152.54519391059875,61,152.91649198532104,61,153.2888424396515,61,153.65424990653992,61,153.97674775123596,61,154.29525351524353,61,154.66294527053833,61,155.12817883491516,61,155.49817872047424,61,155.8665065765381,61,156.2561640739441,61,156.62086987495422,61,156.9911665916443,61,157.44484663009644,61,157.91187191009521,61,158.27988743782043,61,158.746075630188,61,159.13465332984924,61,159.61248087882996,61,159.93621921539307,61,160.30973863601685,61,160.77924489974976,61,161.1449155807495,61,161.52908945083618,61,161.8908405303955,61,162.25788402557373,61,162.72096180915833,61,163.07918763160706,61,163.54427886009216,61,163.91037940979004,61,164.28414964675903,61,164.6502616405487,61,164.9714949131012,61,165.43584513664246,61,165.801917552948,61,166.26666045188904,61,166.6370141506195,61,167.10326600074768,61,167.56456756591797,61,167.95517206192017,61,168.4196743965149,61,168.78930163383484,61,169.14761471748352,61,169.50530982017517,61,169.9573609828949,61,170.34079241752625,61,170.79795122146606,61,171.16414833068848,61,171.53220129013062,61,171.99294090270996,61,172.36012601852417,61,172.72957634925842,61,173.18632054328918,61,173.49776530265808,61,173.86522126197815,61,174.32596635818481,61,174.787260055542,61,175.2499647140503,61,175.60130071640015,61,175.96147751808167,61,176.32887530326843,61,176.78867650032043,61,177.15860557556152,61,177.61683082580566,61,177.92734384536743,61,178.2983603477478,61,178.7523057460785,61,179.11327838897705,61,179.47954058647156,61,179.78708052635193,61,180.2425422668457,61,180.69677567481995,61,181.00218415260315,61,181.38318467140198,61,181.68905353546143,61,181.98976731300354,61,182.3253402709961,61,182.6814091205597,61,182.9952118396759,61,183.3478434085846,61,183.70718359947205,61,184.1610507965088,61,184.6156406402588,61,184.927729845047,61,185.38812851905823,61,185.84144139289856,61,186.30562925338745,61,186.66881251335144,61,187.02574038505554,61,187.48273825645447,61,187.80346155166626,61,188.16251158714294,61,188.5266604423523,61,188.98187613487244,61,189.37273645401,61,189.74279856681824,61,190.09912252426147,61,190.4800145626068,61,190.78359365463257,61,191.1514275074005,61,191.51689410209656,61,191.8905954360962,61,192.24035477638245,61,192.55216526985168,61,192.9131622314453,61,193.2651174068451,61,193.5781602859497,61,193.9501645565033,61,194.4039809703827,61,194.75784349441528,61,195.12237119674683,61,195.4819564819336,61,195.84930062294006,61,196.20231533050537,61,196.5281960964203,61,196.8895947933197,61,197.26865482330322,61,197.6374635696411,61,198.00678539276123,61,198.47509336471558,61,198.84093308448792,61,199.20010542869568,61,199.57007384300232,61,200.03001499176025,61,200.34384036064148,61,200.79357051849365,61,201.1005208492279,61,201.5548975467682,61,201.9159655570984,61,202.37850618362427,61,202.73016381263733,61,203.18286800384521,61,203.49805283546448,61,203.94624137878418,61,204.31199383735657,61,204.67519330978394,61,205.03650617599487,61,205.40017437934875,61,205.86435317993164,61,206.18087720870972,61,206.63644886016846,61,207.0143642425537,61,207.3751780986786,61,207.73249673843384,61,208.0920970439911,61,208.47398495674133,61,208.9299075603485,61,209.2398235797882,61,209.59499263763428,61,209.95263481140137,61,210.3142809867859,61,210.76908588409424,61,211.1128408908844,61,211.5600335597992,61,211.92159819602966,61,212.29706192016602,61,212.75171899795532,61,213.07547163963318,61,213.5328152179718,61,213.8479723930359,61,214.20778584480286,61,214.51538825035095,61,214.9817442893982,61,215.43531370162964,61,215.81712794303894,61,216.19970202445984,61,216.56652402877808,61,216.92265677452087,61,217.27804923057556,61,217.63544178009033,61,218.00219225883484,61,218.36483931541443,61,218.7411561012268,61,219.10147714614868,61,219.5554416179657,61,219.90356492996216,61,220.2713484764099,61,220.7248158454895,61,221.0828242301941,61,221.5299735069275,61,221.99478912353516,61,222.33524775505066,61,222.70698165893555,61,223.08760118484497,61,223.55351996421814,61,223.90984654426575,61,224.3679699897766,61,224.82420563697815,61,225.18637800216675,61,225.6393964290619,61,226.09427070617676,61,226.5466651916504,61,226.90305829048157,61,227.27536368370056,61,227.63465237617493,61,227.99964261054993,61,228.45432114601135,61,228.83417224884033,61,229.1952142715454,61,229.55122065544128,61,229.9297616481781,61,230.2825801372528,61,230.73706150054932,61,231.09689283370972,61,231.44947719573975,61,231.8297655582428,61,232.28278255462646,61,232.60236430168152,61,233.06633591651917,61,233.51728510856628,61,233.88447380065918,61,234.17688179016113,61,234.53977036476135,61,234.89814376831055,61,235.2274796962738,61,235.55206775665283,61,236.0092694759369,61,236.38117623329163,61,236.69421410560608,61,237.15939354896545,61,237.53628396987915,61,237.88926720619202,61,238.36448073387146,61,238.82233023643494,61,239.20622611045837,61,239.5898892879486,61,240.0562355518341,61,240.42088866233826,61,240.7948648929596,61,241.11485719680786,61,241.49026250839233,61,241.84360766410828,61,242.14337944984436,61,242.4966127872467,61,242.85639905929565,61,243.21703171730042,61,243.579674243927,61,243.93875169754028,61,244.3975281715393,61,244.77662682533264,61,245.14592623710632,61,245.50623393058777,61,245.95595598220825,61,246.28191757202148,61,246.6721692085266,61,247.0330469608307,61,247.39608788490295,61,247.7728476524353,61,248.14914965629578,61,248.50902485847473,61,248.86316967010498,61,249.21821856498718,61,249.57712841033936,61,249.94925141334534,61,250.31567645072937,61,250.77043843269348,61,251.0799434185028,61,251.4432888031006,61,251.81567478179932,61,252.11770367622375,61,252.50251626968384,61,252.8673059940338,61,253.32529282569885,61,253.6913812160492,61,254.15807700157166,61,254.52575206756592,61,254.9870412349701,61,255.30233573913574,61,255.6650950908661,61,256.12608098983765,61,256.58454155921936,61,256.8957579135895,61,257.26271414756775,61,257.7233726978302,61,258.03961539268494,61,258.4968752861023,61,258.94657468795776,61,259.3241128921509,61,259.6272144317627,61,260.0809350013733,61,260.45064067840576,61,260.9091212749481,61,261.36939907073975,61,261.73402643203735,61,262.094633102417,61,262.46099185943604,61,262.91984272003174,61,263.283447265625,61,263.65181374549866,61,264.1169624328613,61,264.57122564315796,61,265.0284104347229,61,265.39422607421875,61,265.76013135910034,61,266.06274342536926,61,266.42514991760254,61,266.7409689426422,61,267.11084508895874,61,267.47478914260864,61,267.78116035461426,61,268.08872175216675,61,268.3987832069397,61,268.75910568237305,61,269.12717151641846,61,269.5858829021454,61,269.9044568538666,61,270.3641982078552,61,270.7363419532776,61,271.19830870628357,61,271.5611262321472,61,271.93882513046265,61,272.39682722091675,61,272.75597286224365,61,273.2177560329437,61,273.58195304870605,61,273.9072482585907,61,274.3676061630249,61,274.8278703689575,61,275.1867456436157,61,275.6467432975769,61,276.0106053352356,61,276.3406608104706,61,276.6431906223297,61,277.09910464286804,61,277.461275100708,61,277.91693353652954,61,278.28721165657043,61,278.6534721851349,61,279.0263195037842,61,279.3847074508667,61,279.7534258365631,61,280.1354115009308,61,280.4883642196655,61,280.84920954704285,61,281.3072497844696,61,281.6869444847107,61,281.9967620372772,61,282.36056303977966,61,282.7257249355316,61,283.08741903305054,61,283.43998646736145,61,283.90195536613464,61,284.26008105278015,61,284.618679523468,61,284.9783148765564,61,285.343013048172,61,285.65375423431396,61,286.0319809913635,61,286.3990521430969,61,286.86385321617126,61,287.3188679218292,61,287.63946771621704,61,288.015163898468,61,288.36706805229187,61,288.7299358844757,61,289.19598293304443,61,289.58280897140503,61,290.04072523117065,61,290.40471935272217,61,290.7058992385864,61,291.01301670074463,61,291.3973774909973,61,291.7869200706482,61,292.16667771339417,61,292.6334419250488,61,293.00061416625977,61,293.3695571422577,61,293.7412543296814,61,294.1020429134369,61,294.56421518325806,61,294.9210739135742,61,295.28725123405457,61,295.735719203949,61,296.099490404129,61,296.4150424003601,61,296.86264753341675,61,297.22254037857056,61,297.58300280570984,61,297.9735658168793,61,298.4345850944519,61,298.88930654525757,61,299.339035987854,61,299.706396818161,61,300.02118611335754
2,random graphs/big_layer/r1.5k12n8/graph2.lgbin,105570,291.17975306510925,39,109,0,40,0.34599828720092773,39,0.8756561279296875,39,1.4109082221984863,39,1.7230260372161865,39,2.0274903774261475,39,2.558292865753174,39,2.870448350906372,39,3.4030046463012695,39,3.710249423980713,39,4.246891975402832,39,4.7828593254089355,39,5.305741548538208,39,5.650440454483032,39,6.182760000228882,39,6.487711668014526,39,6.911006450653076,39,7.451201438903809,39,7.878620862960815,39,8.290863513946533,39,8.6030113697052,39,9.137702703475952,39,9.68109941482544,39,9.993942737579346,39,10.532933950424194,39,11.070477724075317,39,11.372706890106201,39,11.914417743682861,39,12.224315643310547,39,12.759881019592285,39,13.074456214904785,39,13.39108681678772,39,13.703288078308105,39,14.016670942306519,39,14.557419300079346,39,14.867198944091797,39,15.169991731643677,39,15.496753454208374,39,16.040537357330322,39,16.385371208190918,39,16.700035572052002,39,17.238102912902832,39,17.77921414375305,39,18.319228172302246,39,18.62783694267273,39,18.946049690246582,39,19.2560396194458,39,19.565534353256226,39,19.909507036209106,39,20.452207565307617,39,20.773725509643555,39,21.085503101348877,39,21.617889881134033,39,21.934770345687866,39,22.256042957305908,39,22.8000328540802,39,23.11971879005432,39,23.457784175872803,39,24.00757670402527,39,24.5492205619812,39,25.090349674224854,39,25.399244785308838,39,25.74496364593506,39,26.085000038146973,39,26.527472734451294,39,26.883604049682617,39,27.429150581359863,39,27.744358777999878,39,28.056986808776855,39,28.592934131622314,39,29.126338720321655,39,29.656760215759277,39,29.999825954437256,39,30.526532411575317,39,30.8308687210083,39,31.36092185974121,39,31.66573214530945,39,32.206077337265015,39,32.73294496536255,39,33.26077628135681,39,33.55805444717407,39,34.05653119087219,39,34.36931347846985,39,34.79767823219299,39,35.10763716697693,39,35.645512342453,39,36.18309283256531,39,36.71391725540161,39,37.24761128425598,39,37.7787139415741,39,38.32364797592163,39,38.86095309257507,39,39.4107129573822,39,39.94191884994507,39,40.2400848865509,39,40.76848363876343,39,41.08372759819031,39,41.63263821601868,39,42.17490768432617,39,42.48131823539734,39,42.8381781578064,39,43.14587950706482,39,43.68317794799805,39,43.992741107940674,39,44.30450701713562,39,44.61549353599548,39,44.92748737335205,39,45.460933208465576,39,45.8935112953186,39,46.43033981323242,39,46.77743935585022,39,47.10464835166931,39,47.64251518249512,39,48.18033266067505,39,48.723698139190674,39,49.064793825149536,39,49.37286972999573,39,49.92218255996704,39,50.24219465255737,39,50.59555387496948,39,51.14347243309021,39,51.45607089996338,39,52.006990909576416,39,52.55643033981323,39,53.09557056427002,39,53.64222168922424,39,54.13462829589844,39,54.43640089035034,39,54.970621824264526,39,55.27903485298157,39,55.81623458862305,39,56.365559816360474,39,56.901413440704346,39,57.21098732948303,39,57.5352246761322,39,58.078726053237915,39,58.625067949295044,39,58.9307017326355,39,59.242199182510376,39,59.78011441230774,39,60.09637212753296,39,60.634939193725586,39,61.178855419158936,39,61.717429399490356,39,62.06355953216553,39,62.60550594329834,39,63.135324239730835,39,63.66967177391052,39,64.20697975158691,39,64.74958658218384,39,65.05928325653076,39,65.60022830963135,39,66.13294172286987,39,66.44549560546875,39,66.77111911773682,39,67.08794164657593,39,67.61607098579407,39,67.95592498779297,39,68.5018150806427,39,69.03439617156982,39,69.56500959396362,39,69.87584853172302,39,70.24130201339722,39,70.54915833473206,39,71.07670640945435,39,71.55622744560242,39,71.85828137397766,39,72.28392171859741,39,72.60878086090088,39,72.92536926269531,39,73.4099657535553,39,73.94351100921631,39,74.25067472457886,39,74.80145764350891,39,75.12220191955566,39,75.66500329971313,39,76.20425772666931,39,76.7002820968628,39,77.23076844215393,39,77.54054951667786,39,77.84538125991821,39,78.15574717521667,39,78.58179497718811,39,79.1224935054779,39,79.66305327415466,39,79.96745204925537,39,80.31135582923889,39,80.65065121650696,39,80.96386289596558,39,81.50549006462097,39,81.92884039878845,39,82.46454739570618,39,83.01834177970886,39,83.33619260787964,39,83.6866614818573,39,84.01514554023743,39,84.55704379081726,39,85.10084366798401,39,85.63839101791382,39,86.1888976097107,39,86.72727227210999,39,87.26563000679016,39,87.58393359184265,39,88.12902736663818,39,88.67069435119629,39,89.01178479194641,39,89.42424082756042,39,89.96842241287231,39,90.49170804023743,39,91.0258219242096,39,91.36861610412598,39,91.70784020423889,39,92.01702117919922,39,92.55366921424866,39,92.9089663028717,39,93.22586631774902,39,93.7579333782196,39,94.27528166770935,39,94.58025860786438,39,94.89682531356812,39,95.43797159194946,39,95.9759373664856,39,96.31066536903381,39,96.61760830879211,39,97.14910316467285,39,97.69694328308105,39,98.2349021434784,39,98.54673647880554,39,98.98064708709717,39,99.4722580909729,39,100.01607418060303,39,100.56203269958496,39,100.87956213951111,39,101.1798803806305,39,101.72838616371155,39,102.09135556221008,39,102.62615752220154,39,102.94452500343323,39,103.26875686645508,39,103.82030010223389,39,104.12711429595947,39,104.43999218940735,39,104.98971319198608,39,105.34037375450134,39,105.87845540046692,39,106.19223880767822,39,106.72967553138733,39,107.03540015220642,39,107.35422110557556,39,107.89489030838013,39,108.4303572177887,39,108.98373079299927,39,109.52040028572083,39,109.87704086303711,39,110.19702053070068,39,110.5066590309143,39,111.04452323913574,39,111.350093126297,39,111.6940815448761,39,112.12830996513367,39,112.67373943328857,39,113.21634984016418,39,113.77215623855591,39,114.10286664962769,39,114.42347192764282,39,114.96634793281555,39,115.50637912750244,39,116.0429036617279,39,116.3943305015564,39,116.93296599388123,39,117.27540612220764,39,117.5881073474884,39,118.12453746795654,39,118.47842669487,39,119.01940250396729,39,119.33154368400574,39,119.63727879524231,39,120.17711639404297,39,120.70976996421814,39,121.24063420295715,39,121.77622890472412,39,122.3196177482605,39,122.61911916732788,39,123.14419174194336,39,123.45263648033142,39,123.98583960533142,39,124.52893161773682,39,124.94611144065857,39,125.49841523170471,39,125.81964182853699,39,126.14142155647278,39,126.45719408988953,39,126.77324080467224,39,127.3166081905365,39,127.64736557006836,39,127.95928692817688,39,128.4931001663208,39,129.02665519714355,39,129.55246138572693,39,130.0920660495758,39,130.64089393615723,39,131.17872858047485,39,131.7221577167511,39,132.0256781578064,39,132.57136797904968,39,133.11680245399475,39,133.43837547302246,39,133.75580835342407,39,134.30404472351074,39,134.84616875648499,39,135.37940645217896,39,135.911226272583,39,136.21741795539856,39,136.7667796611786,39,137.06750321388245,39,137.60644340515137,39,137.92197799682617,39,138.26322174072266,39,138.80943250656128,39,139.24742698669434,39,139.6018102169037,39,140.14745569229126,39,140.45584511756897,39,140.9869408607483,39,141.5169017314911,39,141.86727476119995,39,142.4102783203125,39,142.9551441669464,39,143.26033401489258,39,143.79925203323364,39,144.33249497413635,39,144.63842177391052,39,144.95418787002563,39,145.48933005332947,39,146.03227472305298,39,146.33917236328125,39,146.65586471557617,39,147.10219430923462,39,147.4163842201233,39,147.95381093025208,39,148.25876832008362,39,148.80551624298096,39,149.11759185791016,39,149.65277123451233,39,149.9601707458496,39,150.39749550819397,39,150.93681120872498,39,151.24243831634521,39,151.54886960983276,39,151.98392391204834,39,152.52084589004517,39,152.82808470726013,39,153.13037943840027,39,153.66369247436523,39,154.19915962219238,39,154.7332010269165,39,155.0413784980774,39,155.56791639328003,39,156.09051203727722,39,156.4284691810608,39,156.77167749404907,39,157.3022689819336,39,157.831698179245,39,158.35429620742798,39,158.65257716178894,39,159.00172901153564,39,159.34984946250916,39,159.66245436668396,39,159.99834609031677,39,160.52558612823486,39,160.9366307258606,39,161.34894180297852,39,161.88821053504944,39,162.41548347473145,39,162.72680163383484,39,163.0371069908142,39,163.3369655609131,39,163.6429934501648,39,164.12540912628174,39,164.65115571022034,39,164.95979690551758,39,165.49518394470215,39,166.01087403297424,39,166.54241275787354,39,167.07183957099915,39,167.41937041282654,39,167.71525740623474,39,168.14266633987427,39,168.4503891468048,39,168.97879934310913,39,169.5194845199585,39,169.81677770614624,39,170.13132858276367,39,170.46856999397278,39,170.80462193489075,39,171.11840629577637,39,171.64257788658142,39,171.94893217086792,39,172.2658712863922,39,172.80589699745178,39,173.34136843681335,39,173.65054869651794,39,173.97546672821045,39,174.28514957427979,39,174.5829906463623,39,175.11363530158997,39,175.45567679405212,39,175.7749330997467,39,176.3191111087799,39,176.84800171852112,39,177.37624406814575,39,177.89479637145996,39,178.2049446105957,39,178.62565565109253,39,178.93192744255066,39,179.47768759727478,39,180.00513529777527,39,180.52938437461853,39,181.0581498146057,39,181.59048008918762,39,182.13607692718506,39,182.6774251461029,39,182.9833574295044,39,183.28496885299683,39,183.60226130485535,39,183.9092993736267,39,184.21477723121643,39,184.74431014060974,39,185.27133631706238,39,185.79740285873413,39,186.1035783290863,39,186.41597294807434,39,186.95905780792236,39,187.26966071128845,39,187.61277604103088,39,187.9499340057373,39,188.47657823562622,39,189.00495624542236,39,189.3120882511139,39,189.86024498939514,39,190.15792226791382,39,190.46833086013794,39,191.00732898712158,39,191.30553531646729,39,191.61507892608643,39,192.13870000839233,39,192.45214653015137,39,192.76525449752808,39,193.29719185829163,39,193.60740423202515,39,193.91951370239258,39,194.2331473827362,39,194.77452087402344,39,195.32175612449646,39,195.64031744003296,39,196.17841172218323,39,196.71127438545227,39,197.24043202400208,39,197.7734034061432,39,198.31584072113037,39,198.84573101997375,39,199.38682532310486,39,199.91909980773926,39,200.2276587486267,39,200.76437830924988,39,201.06903076171875,39,201.5964674949646,39,202.13250303268433,39,202.47433495521545,39,202.81366157531738,39,203.35078930854797,39,203.8788664340973,39,204.18276572227478,39,204.71395659446716,39,205.0577621459961,39,205.6032931804657,39,206.1357879638672,39,206.4427273273468,39,206.75606179237366,39,207.1069302558899,39,207.52933287620544,39,207.8415651321411,39,208.3801565170288,39,208.91242051124573,39,209.25020694732666,39,209.78449702262878,39,210.09525990486145,39,210.6335587501526,39,210.9401547908783,39,211.25013160705566,39,211.7787733078003,39,212.322496175766,39,212.63169169425964,39,212.92867040634155,39,213.28059148788452,39,213.63287210464478,39,213.92623829841614,39,214.45418000221252,39,214.79361534118652,39,215.35091257095337,39,215.6878261566162,39,216.23605227470398,39,216.6545467376709,39,216.97874689102173,39,217.33396315574646,39,217.6661376953125,39,218.21348118782043,39,218.74092721939087,39,219.04792976379395,39,219.59404277801514,39,220.11837244033813,39,220.66419124603271,39,220.96986484527588,39,221.28505611419678,39,221.6034755706787,39,221.92089772224426,39,222.22772121429443,39,222.76082038879395,39,223.0684289932251,39,223.38192343711853,39,223.68541359901428,39,223.98848056793213,39,224.31486058235168,39,224.6659173965454,39,224.97059559822083,39,225.31796050071716,39,225.62652468681335,39,225.93840789794922,39,226.249263048172,39,226.80165553092957,39,227.12014818191528,39,227.66402626037598,39,227.97165966033936,39,228.30934858322144,39,228.6271448135376,39,228.9391942024231,39,229.29451155662537,39,229.83304691314697,39,230.13786005973816,39,230.445050239563,39,230.75727605819702,39,231.0742998123169,39,231.39617371559143,39,231.92001724243164,39,232.2559952735901,39,232.6728479862213,39,233.22615838050842,39,233.54722499847412,39,234.07765579223633,39,234.39001488685608,39,234.93617057800293,39,235.23701977729797,39,235.55336165428162,39,235.86705994606018,39,236.4162676334381,39,236.96070051193237,39,237.5036382675171,39,238.04620909690857,39,238.58889365196228,39,239.11611795425415,39,239.6573805809021,39,239.9557387828827,39,240.2636661529541,39,240.57677245140076,39,240.88656187057495,39,241.18973326683044,39,241.5449788570404,39,241.85621285438538,39,242.40292882919312,39,242.94437217712402,39,243.48026657104492,39,243.78471612930298,39,244.09003973007202,39,244.42989015579224,39,244.9662208557129,39,245.27558875083923,39,245.61495685577393,39,246.14405369758606,39,246.68692898750305,39,246.99192571640015,39,247.34613299369812,39,247.8829860687256,39,248.43991565704346,39,248.98039984703064,39,249.32307863235474,39,249.875253200531,39,250.21840262413025,39,250.537522315979,39,250.8495261669159,39,251.3918056488037,39,251.70662927627563,39,252.25005459785461,39,252.7784218788147,39,253.09132647514343,39,253.6387710571289,39,254.1655285358429,39,254.4810152053833,39,254.7930200099945,39,255.10410928726196,39,255.43044018745422,39,255.73995351791382,39,256.18250346183777,39,256.52566742897034,39,257.06981134414673,39,257.6092391014099,39,258.1449592113495,39,258.4976415634155,39,258.81457591056824,39,259.12692308425903,39,259.4412839412689,39,259.74858260154724,39,260.09144592285156,39,260.52777075767517,39,261.0665650367737,39,261.37023162841797,39,261.68139028549194,39,262.21804094314575,39,262.5428464412689,39,262.8497245311737,39,263.15791058540344,39,263.4697926044464,39,263.78712606430054,39,264.0858221054077,39,264.39875173568726,39,264.9310348033905,39,265.4697115421295,39,266.00183486938477,39,266.537344455719,39,267.06814408302307,39,267.61082220077515,39,267.9195680618286,39,268.4558310508728,39,269.00152826309204,39,269.5389482975006,39,269.85186791419983,39,270.3992154598236,39,270.7186470031738,39,271.02570366859436,39,271.3273048400879,39,271.86652660369873,39,272.1856117248535,39,272.50506234169006,39,272.8313617706299,39,273.38712668418884,39,273.70696234703064,39,274.02637553215027,39,274.34929752349854,39,274.6766176223755,39,275.0231544971466,39,275.55885887145996,39,275.8775472640991,39,276.41068744659424,39,276.9537296295166,39,277.26598930358887,39,277.61847019195557,39,277.9301645755768,39,278.47230863571167,39,278.7821373939514,39,279.2651882171631,39,279.80311703681946,39,280.3465847969055,39,280.6553077697754,39,281.18918108940125,39,281.51267743110657,39,282.0540313720703,39,282.60083866119385,39,282.91893887519836,39,283.26162695884705,39,283.80475974082947,39,284.3369257450104,39,284.8808813095093,39,285.2026011943817,39,285.6272521018982,39,285.9523301124573,39,286.4933109283447,39,287.03682470321655,39,287.34447860717773,39,287.66705775260925,39,288.1535212993622,39,288.6958203315735,39,289.0173599720001,39,289.34001064300537,39,289.89438223838806,39,290.20557737350464,39,290.7498824596405,39,291.0675811767578,39,291.6003005504608,39,292.1360535621643,39,292.45156598091125,39,292.9927589893341,39,293.5350329875946,39,293.8420503139496,39,294.153195142746,39,294.4671232700348,39,295.01521372795105,39,295.54392075538635,39,295.85254168510437,39,296.20743131637573,39,296.7569885253906,39,297.0732822418213,39,297.3998305797577,39,297.93043994903564,39,298.23870515823364,39,298.78517484664917,39,299.10975074768066,39,299.65731501579285,39,300.02060103416443
3,random graphs/big_layer/r1.5k12n8/graph3.lgbin,105570,294.3154010772705,65,146,0,82,0.4351363182067871,65,1.1506896018981934,65,1.6245121955871582,65,2.425903081893921,65,3.203226327896118,65,3.67144513130188,65,4.450873613357544,65,4.9236533641815186,65,5.709420919418335,65,6.17865777015686,65,6.955363988876343,65,7.428924798965454,65,7.911936283111572,65,8.44750714302063,65,8.92742133140564,65,9.710719585418701,65,10.05271029472351,65,10.535823583602905,65,11.044338941574097,65,11.51203441619873,65,11.980994701385498,65,12.519664287567139,65,12.987204790115356,65,13.40574336051941,65,13.75830626487732,65,14.298215389251709,65,14.768508195877075,65,15.209802389144897,65,15.98798942565918,65,16.760441541671753,65,17.234006881713867,65,17.696970462799072,65,18.481865406036377,65,18.946001768112183,65,19.426244735717773,65,20.206157684326172,65,20.674555778503418,65,21.452181577682495,65,21.934115648269653,65,22.409693002700806,65,23.190932035446167,65,23.5381498336792,65,23.888994455337524,65,24.359806060791016,65,25.15596914291382,65,25.93894672393799,65,26.459033250808716,65,27.24464511871338,65,27.718785047531128,65,28.47944736480713,65,28.854133367538452,65,29.627583503723145,65,30.09057927131653,65,30.877203226089478,65,31.21805715560913,65,31.980321645736694,65,32.87995910644531,65,33.22494029998779,65,34.00895810127258,65,34.792237758636475,65,35.568291664123535,65,36.35330128669739,65,37.137662410736084,65,37.60852885246277,65,38.39299559593201,65,39.15434384346008,65,39.93181490898132,65,40.70751142501831,65,41.480562686920166,65,42.25510001182556,65,43.03133773803711,65,43.80485701560974,65,44.58084058761597,65,45.04492783546448,65,45.837544441223145,65,46.19268560409546,65,46.67226815223694,65,47.45936703681946,65,48.24305081367493,65,49.02695441246033,65,49.800426721572876,65,50.26588988304138,65,50.73860692977905,65,51.22192931175232,65,51.69259262084961,65,52.48157024383545,65,52.9588828086853,65,53.433645486831665,65,53.77523374557495,65,54.249006032943726,65,54.715571641922,65,55.50603532791138,65,56.2849555015564,65,56.75307273864746,65,57.09444546699524,65,57.875831842422485,65,58.34919714927673,65,59.12246084213257,65,59.58978343009949,65,60.37181544303894,65,61.14823651313782,65,61.621021032333374,65,61.95154023170471,65,62.7362220287323,65,63.51461744308472,65,63.98555302619934,65,64.77055931091309,65,65.23433327674866,65,65.66658186912537,65,66.46237993240356,65,67.24531030654907,65,67.72971773147583,65,68.51121020317078,65,69.29432129859924,65,69.77015256881714,65,70.24189376831055,65,71.03788018226624,65,71.39406967163086,65,71.86800956726074,65,72.34367752075195,65,73.13175511360168,65,73.67645120620728,65,74.01796984672546,65,74.39725303649902,65,75.16998934745789,65,75.63488411903381,65,76.10437321662903,65,76.880784034729,65,77.64806389808655,65,78.10717868804932,65,78.5981605052948,65,79.0625376701355,65,79.83925604820251,65,80.61896824836731,65,81.08952617645264,65,81.87314939498901,65,82.65415453910828,65,83.43843197822571,65,83.92770075798035,65,84.39382791519165,65,85.17036867141724,65,85.94332027435303,65,86.72033667564392,65,87.15015029907227,65,87.91648602485657,65,88.6814296245575,65,89.153981924057,65,89.62848496437073,65,90.10020709037781,65,90.56291604042053,65,91.03406596183777,65,91.81032824516296,65,92.2741310596466,65,92.75458574295044,65,93.53011894226074,65,94.01935005187988,65,94.79701733589172,65,95.57307696342468,65,96.04700970649719,65,96.40081191062927,65,96.87975358963013,65,97.35164737701416,65,98.13975381851196,65,98.92271614074707,65,99.70525360107422,65,100.48161768913269,65,100.95351362228394,65,101.73189997673035,65,102.51217913627625,65,102.9780809879303,65,103.45767855644226,65,103.88692617416382,65,104.67542290687561,65,105.45150446891785,65,105.93526005744934,65,106.34721517562866,65,106.81075811386108,65,107.60163688659668,65,108.38773226737976,65,108.87279510498047,65,109.3527295589447,65,109.82445168495178,65,110.31089520454407,65,110.85581183433533,65,111.33138942718506,65,112.1286678314209,65,112.61238193511963,65,113.4051513671875,65,114.18887853622437,65,114.98445749282837,65,115.77227997779846,65,116.25725960731506,65,117.04285407066345,65,117.84351706504822,65,118.63055229187012,65,119.11222791671753,65,119.91554856300354,65,120.71217966079712,65,121.18401861190796,65,121.6266701221466,65,122.42045450210571,65,123.21439051628113,65,123.68879413604736,65,124.48564338684082,65,125.26699471473694,65,126.05376887321472,65,126.53632807731628,65,127.33133459091187,65,128.11223816871643,65,128.5896565914154,65,129.0707447528839,65,129.54507184028625,65,129.90589356422424,65,130.3900134563446,65,130.72508239746094,65,131.20641803741455,65,131.68846487998962,65,132.04652309417725,65,132.4656207561493,65,132.94563269615173,65,133.7308988571167,65,134.52612209320068,65,135.31147742271423,65,135.79278349876404,65,136.14842104911804,65,136.94867753982544,65,137.4933249950409,65,138.27853512763977,65,139.0599799156189,65,139.85514640808105,65,140.23601174354553,65,140.71728134155273,65,141.20289754867554,65,141.5607304573059,65,141.8924195766449,65,142.6814386844635,65,143.46339583396912,65,144.24842858314514,65,145.02581691741943,65,145.36206459999084,65,145.69884419441223,65,146.4834532737732,65,146.8428246974945,65,147.64115571975708,65,148.42333364486694,65,149.2101354598999,65,150.00742173194885,65,150.78889679908752,65,151.58560585975647,65,152.06858038902283,65,152.61741852760315,65,153.10339379310608,65,153.57738518714905,65,154.06093740463257,65,154.85517597198486,65,155.3248598575592,65,155.80782389640808,65,156.60474300384521,65,157.39672780036926,65,157.8153998851776,65,158.29681253433228,65,158.7797293663025,65,159.56179022789001,65,160.04728507995605,65,160.52870965003967,65,161.07372403144836,65,161.54247212409973,65,162.3281455039978,65,162.81206560134888,65,163.5964937210083,65,164.3806893825531,65,164.8549678325653,65,165.64004755020142,65,166.4250636100769,65,166.78095984458923,65,167.26139855384827,65,168.05457043647766,65,168.54157495498657,65,168.903338432312,65,169.69577145576477,65,170.16596174240112,65,170.9634509086609,65,171.43953728675842,65,172.22804832458496,65,172.70356106758118,65,173.48779010772705,65,173.90399146080017,65,174.67864871025085,65,175.4600100517273,65,176.2344832420349,65,176.66411900520325,65,177.13760805130005,65,177.61325883865356,65,177.99140000343323,65,178.7565884590149,65,179.5237638950348,65,180.06088662147522,65,180.5234818458557,65,180.85332417488098,65,181.62594151496887,65,182.0832109451294,65,182.5505986213684,65,183.008531332016,65,183.33758020401,65,184.10898160934448,65,184.87552642822266,65,185.33806133270264,65,186.10156345367432,65,186.86521410942078,65,187.6381552219391,65,188.403733253479,65,189.17025351524353,65,189.95477414131165,65,190.4203577041626,65,190.88149976730347,65,191.34514379501343,65,191.8184700012207,65,192.2980923652649,65,192.76345038414001,65,193.2228889465332,65,193.67420101165771,65,194.42892980575562,65,194.88401246070862,65,195.6444661617279,65,196.0929925441742,65,196.55222034454346,65,197.30710744857788,65,197.7792193889618,65,198.13829922676086,65,198.60548949241638,65,199.39094424247742,65,200.1695113182068,65,200.94671368598938,65,201.42182421684265,65,201.8864209651947,65,202.3580982685089,65,203.1348328590393,65,203.9034390449524,65,204.3688132762909,65,205.14794063568115,65,205.92091822624207,65,206.27576422691345,65,207.0572474002838,65,207.52723264694214,65,208.31493258476257,65,208.67801189422607,65,209.459867477417,65,209.93113899230957,65,210.37352561950684,65,211.1592903137207,65,211.63050651550293,65,212.42526936531067,65,212.90034675598145,65,213.69379210472107,65,214.1575825214386,65,214.94080471992493,65,215.72276210784912,65,216.51402831077576,65,217.0719027519226,65,217.85192370414734,65,218.39525437355042,65,218.72786045074463,65,219.19715857505798,65,219.9922478199005,65,220.77753114700317,65,221.56362462043762,65,221.91257500648499,65,222.38839507102966,65,222.74309754371643,65,223.22053241729736,65,223.70598554611206,65,224.5042896270752,65,225.29445958137512,65,226.0581910610199,65,226.39060473442078,65,227.16448736190796,65,227.94093132019043,65,228.74265027046204,65,229.5413122177124,65,230.0107617378235,65,230.8088846206665,65,231.3463294506073,65,231.81312203407288,65,232.28745245933533,65,233.04785108566284,65,233.5158076286316,65,234.07250213623047,65,234.54848289489746,65,235.33570432662964,65,236.1198616027832,65,236.5996401309967,65,237.39900875091553,65,238.18167662620544,65,238.50446128845215,65,239.2779896259308,65,240.06082224845886,65,240.84743189811707,65,241.6419038772583,65,242.11137437820435,65,242.57970261573792,65,243.37309861183167,65,243.84155130386353,65,244.319433927536,65,244.79721117019653,65,245.5819718837738,65,246.05835127830505,65,246.52705240249634,65,247.31622648239136,65,248.1064121723175,65,248.57281112670898,65,249.0485122203827,65,249.52109336853027,65,250.2842833995819,65,251.07943844795227,65,251.86387181282043,65,252.3468668460846,65,252.81962180137634,65,253.60416793823242,65,253.98459005355835,65,254.45682382583618,65,255.24256777763367,65,255.71334052085876,65,256.24810004234314,65,256.72183561325073,65,257.19644021987915,65,257.98922514915466,65,258.7657001018524,65,259.5381224155426,65,260.31970739364624,65,260.7846825122833,65,261.26681780815125,65,261.79844880104065,65,262.5846412181854,65,263.05603408813477,65,263.82850098609924,65,264.59614276885986,65,265.3741385936737,65,266.1474633216858,65,266.9230577945709,65,267.7021448612213,65,268.1672058105469,65,268.5231544971466,65,269.3078260421753,65,270.0925033092499,65,270.8767628669739,65,271.65543842315674,65,272.1493661403656,65,272.6261637210846,65,273.1113450527191,65,273.87062311172485,65,274.63967061042786,65,275.42185831069946,65,276.21474266052246,65,276.99938344955444,65,277.78344440460205,65,278.56013560295105,65,278.90849018096924,65,279.3741192817688,65,280.16093039512634,65,280.9347734451294,65,281.71780037879944,65,282.5032196044922,65,282.8474791049957,65,283.32860827445984,65,283.6810462474823,65,284.47644448280334,65,284.8267683982849,65,285.3078362941742,65,286.09419536590576,65,286.8754301071167,65,287.34212708473206,65,288.11926651000977,65,288.8808856010437,65,289.3575575351715,65,290.1275157928467,65,290.5919063091278,65,291.08551573753357,65,291.56749844551086,65,291.9241602420807,65,292.3989737033844,65,293.1960959434509,65,293.6671996116638,65,294.4461019039154,65,295.2073857784271,65,295.6688413619995,65,296.1335825920105,65,296.4707818031311,65,297.2518217563629,65,297.71445322036743,65,298.1735293865204,65,298.9600610733032,65,299.7260181903839,65,300.01591539382935
4,random graphs/big_layer/r1.5k12n8/graph4.lgbin,105570,283.69211053848267,64,147,0,93,0.37528109550476074,69,0.5814118385314941,69,0.7866823673248291,64,1.1275877952575684,64,1.3748888969421387,64,1.580986499786377,64,1.827758550643921,64,2.0321035385131836,64,2.283864736557007,64,2.4958791732788086,64,2.748425245285034,64,2.9973666667938232,64,3.2509169578552246,64,3.5035133361816406,64,3.857370376586914,64,4.058398485183716,64,4.303887128829956,64,4.700846433639526,64,4.942436456680298,64,5.152141332626343,64,5.52131199836731,64,5.777111053466797,64,5.987645149230957,64,6.328004598617554,64,6.682612419128418,64,6.931800842285156,64,7.184083700180054,64,7.438046455383301,64,7.686476945877075,64,7.933194398880005,64,8.139698028564453,64,8.338743925094604,64,8.553049087524414,64,8.80105972290039,64,9.171014308929443,64,9.378332376480103,64,9.736821413040161,64,9.941456317901611,64,10.153381109237671,64,10.405062913894653,64,10.650921106338501,64,10.899879217147827,64,11.148927450180054,64,11.360446453094482,64,11.57083511352539,64,11.780555725097656,64,12.03156590461731,64,12.287453174591064,64,12.49159574508667,64,12.740150213241577,64,12.93798565864563,64,13.304059982299805,64,13.55854868888855,64,13.802213907241821,64,14.170884132385254,64,14.420696258544922,64,14.625710248947144,64,14.869534969329834,64,15.248895168304443,64,15.490744352340698,64,15.698901891708374,64,15.919105529785156,64,16.172162294387817,64,16.531076192855835,64,16.74036478996277,64,16.99131202697754,64,17.239871501922607,64,17.441731452941895,64,17.692277908325195,64,17.94796395301819,64,18.186131238937378,64,18.389134168624878,64,18.703730583190918,64,18.908749103546143,64,19.125138998031616,64,19.438516855239868,64,19.689003229141235,64,19.90135908126831,64,20.11287212371826,64,20.36409306526184,64,20.57029891014099,64,20.824104070663452,64,21.185696125030518,64,21.389877557754517,64,21.600191116333008,64,21.908867359161377,64,22.1580913066864,64,22.407902240753174,64,22.654365301132202,64,22.9054913520813,64,23.115283727645874,64,23.328901767730713,64,23.580039978027344,64,23.778997659683228,64,24.021516799926758,64,24.271601676940918,64,24.484546661376953,64,24.697123289108276,64,24.908574104309082,64,25.11900234222412,64,25.3701651096344,64,25.62318205833435,64,25.873022079467773,64,26.114629983901978,64,26.368961811065674,64,26.625275135040283,64,26.83734941482544,64,27.091739654541016,64,27.34037685394287,64,27.582828044891357,64,27.782738208770752,64,28.026227712631226,64,28.339579343795776,64,28.59868049621582,64,28.851819276809692,64,29.105245351791382,64,29.312780380249023,64,29.52746081352234,64,29.78397297859192,64,30.026869297027588,64,30.38323140144348,64,30.589564561843872,64,30.79080843925476,64,31.044082641601562,64,31.296655654907227,64,31.551849842071533,64,31.79718852043152,64,32.04836058616638,64,32.28919744491577,64,32.660374879837036,64,32.91066646575928,64,33.11139988899231,64,33.47115874290466,64,33.722691774368286,64,33.92973828315735,64,34.13906240463257,64,34.34488224983215,64,34.59799027442932,64,34.84717655181885,64,35.09324097633362,64,35.33825755119324,64,35.588385820388794,64,35.96027231216431,64,36.174416303634644,64,36.38553333282471,64,36.635220766067505,64,36.88910508155823,64,37.10011696815491,64,37.31237316131592,64,37.56278371810913,64,37.81350255012512,64,38.06251502037048,64,38.310771465301514,64,38.56073474884033,64,38.810887813568115,64,39.065155267715454,64,39.272562980651855,64,39.52643585205078,64,39.89767384529114,64,40.14722800254822,64,40.3618381023407,64,40.56604075431824,64,40.76935625076294,64,41.02306532859802,64,41.2767870426178,64,41.483619689941406,64,41.73324179649353,64,41.982053995132446,64,42.22621178627014,64,42.48204016685486,64,42.73459243774414,64,42.98834753036499,64,43.247138261795044,64,43.4430730342865,64,43.69021153450012,64,43.94077682495117,64,44.18885922431946,64,44.44144010543823,64,44.683775901794434,64,44.99771237373352,64,45.255752086639404,64,45.64920449256897,64,45.992355823516846,64,46.35199594497681,64,46.59444522857666,64,46.848901987075806,64,47.10103964805603,64,47.354649782180786,64,47.60969853401184,64,47.995466470718384,64,48.19379758834839,64,48.407742738723755,64,48.77473759651184,64,48.98206114768982,64,49.23343276977539,64,49.481905460357666,64,49.73493838310242,64,50.13135528564453,64,50.37908124923706,64,50.62405323982239,64,50.868451833724976,64,51.07321262359619,64,51.283443450927734,64,51.5372416973114,64,51.89987754821777,64,52.14895248413086,64,52.35910701751709,64,52.6129994392395,64,52.824963092803955,64,53.03515076637268,64,53.24557971954346,64,53.60838747024536,64,53.85471796989441,64,54.0706672668457,64,54.31806826591492,64,54.53493785858154,64,54.78725528717041,64,55.04487085342407,64,55.35858345031738,64,55.56975984573364,64,55.966118812561035,64,56.326050758361816,64,56.533936977386475,64,56.747384548187256,64,57.09753680229187,64,57.309733152389526,64,57.68895173072815,64,57.903427600860596,64,58.11715507507324,64,58.32456660270691,64,58.57839775085449,64,58.78745889663696,64,58.996970653533936,64,59.25358438491821,64,59.46114683151245,64,59.71571111679077,64,59.92418575286865,64,60.1776647567749,64,60.431445360183716,64,60.63768267631531,64,60.892521381378174,64,61.10210871696472,64,61.34863042831421,64,61.60063672065735,64,61.80791759490967,64,62.01712989807129,64,62.22575855255127,64,62.43955111503601,64,62.651015281677246,64,62.85408115386963,64,63.102811336517334,64,63.35268187522888,64,63.72758960723877,64,64.03479409217834,64,64.24618148803711,64,64.61982250213623,64,64.8740246295929,64,65.08207106590271,64,65.33112978935242,64,65.69088745117188,64,66.04581809043884,64,66.2918848991394,64,66.49192881584167,64,66.74600791931152,64,66.96854996681213,64,67.18180823326111,64,67.4024670124054,64,67.60846281051636,64,67.80894565582275,64,68.06217670440674,64,68.31341361999512,64,68.51651072502136,64,68.87937521934509,64,69.12999129295349,64,69.45440936088562,64,69.82212543487549,64,70.07710123062134,64,70.32944917678833,64,70.57871460914612,64,70.7866723537445,64,71.09628415107727,64,71.34536647796631,64,71.59228110313416,64,71.79448246955872,64,72.04258584976196,64,72.29618263244629,64,72.53796744346619,64,72.74654030799866,64,73.00132346153259,64,73.25019955635071,64,73.50580596923828,64,73.75576257705688,64,74.00960898399353,64,74.26456665992737,64,74.51240396499634,64,74.76708149909973,64,74.97515916824341,64,75.18533682823181,64,75.55058264732361,64,75.79750752449036,64,76.00117373466492,64,76.2502691745758,64,76.46050524711609,64,76.71241164207458,64,76.92383790016174,64,77.29139041900635,64,77.5326988697052,64,77.78187823295593,64,77.99201321601868,64,78.24412369728088,64,78.50182318687439,64,78.70682454109192,64,78.95644354820251,64,79.16841292381287,64,79.4203884601593,64,79.79235529899597,64,80.03988790512085,64,80.24664521217346,64,80.49505233764648,64,80.74730086326599,64,81.14613890647888,64,81.40455198287964,64,81.61146593093872,64,81.86452627182007,64,82.17733502388,64,82.431236743927,64,82.6394214630127,64,82.84965062141418,64,83.16440939903259,64,83.42336964607239,64,83.63470339775085,64,83.84490513801575,64,84.0979323387146,64,84.30895614624023,64,84.51510882377625,64,84.7353572845459,64,84.98115825653076,64,85.28858947753906,64,85.53823637962341,64,85.78988242149353,64,85.99827933311462,64,86.21068334579468,64,86.46269249916077,64,86.67300033569336,64,86.91881084442139,64,87.12575793266296,64,87.37831234931946,64,87.62999129295349,64,87.8386664390564,64,88.0941801071167,64,88.30097651481628,64,88.55367827415466,64,88.80228209495544,64,89.04509902000427,64,89.29153180122375,64,89.62413048744202,64,89.86978435516357,64,90.0735113620758,64,90.32438707351685,64,90.53522801399231,64,90.78848266601562,64,90.99006032943726,64,91.2432975769043,64,91.48673844337463,64,91.69343209266663,64,91.94600367546082,64,92.19933986663818,64,92.40714931488037,64,92.66157054901123,64,92.90611171722412,64,93.15981149673462,64,93.40908336639404,64,93.66425061225891,64,93.9052381515503,64,94.15633702278137,64,94.36565852165222,64,94.58165502548218,64,94.83046317100525,64,95.08248686790466,64,95.33490324020386,64,95.70522212982178,64,95.94322991371155,64,96.14334797859192,64,96.35195660591125,64,96.59933757781982,64,96.81131052970886,64,97.02385592460632,64,97.27669548988342,64,97.53106760978699,64,97.73773312568665,64,97.949942111969,64,98.20106053352356,64,98.55564665794373,64,98.79889822006226,64,99.04434180259705,64,99.2575831413269,64,99.46182990074158,64,99.78134679794312,64,99.99185705184937,64,100.24127912521362,64,100.44614338874817,64,100.69294953346252,64,100.93376517295837,64,101.14676928520203,64,101.39865803718567,64,101.61117768287659,64,101.868661403656,64,102.08004522323608,64,102.33562207221985,64,102.54751205444336,64,102.75601482391357,64,103.01018834114075,64,103.26041388511658,64,103.50660252571106,64,103.71238136291504,64,103.92342209815979,64,104.13865876197815,64,104.39137601852417,64,104.59748697280884,64,104.80856132507324,64,105.1633050441742,64,105.51524877548218,64,105.76528906822205,64,105.97673296928406,64,106.18366646766663,64,106.39498972892761,64,106.60921168327332,64,106.81861591339111,64,107.07194995880127,64,107.32545161247253,64,107.53507900238037,64,107.74328112602234,64,107.95114326477051,64,108.15805864334106,64,108.40979170799255,64,108.61967420578003,64,108.8637957572937,64,109.1148841381073,64,109.31236553192139,64,109.56622576713562,64,109.81498193740845,64,110.01746082305908,64,110.21984720230103,64,110.47924184799194,64,110.68717408180237,64,110.9352445602417,64,111.13159012794495,64,111.33615899085999,64,111.5904757976532,64,111.8013846874237,64,112.00724840164185,64,112.25087690353394,64,112.49136734008789,64,112.80705499649048,64,113.17099738121033,64,113.37873792648315,64,113.73390030860901,64,113.98210096359253,64,114.23564004898071,64,114.48728489875793,64,114.73828983306885,64,114.9380612373352,64,115.14869284629822,64,115.40164041519165,64,115.61120915412903,64,115.82542443275452,64,116.03357028961182,64,116.23366117477417,64,116.44447445869446,64,116.68826341629028,64,116.89814352989197,64,117.1385087966919,64,117.34366750717163,64,117.59436511993408,64,117.91004300117493,64,118.11877179145813,64,118.32938838005066,64,118.58332300186157,64,118.83081340789795,64,119.04153037071228,64,119.29399561882019,64,119.54002022743225,64,119.74597692489624,64,119.9864284992218,64,120.2273416519165,64,120.47524642944336,64,120.72406911849976,64,120.93470644950867,64,121.18556332588196,64,121.39660930633545,64,121.60842251777649,64,121.82137179374695,64,122.15671181678772,64,122.36181378364563,64,122.6137158870697,64,122.81662940979004,64,123.02269053459167,64,123.27624320983887,64,123.63199639320374,64,123.8789529800415,64,124.13368010520935,64,124.34307336807251,64,124.65707063674927,64,124.90520238876343,64,125.15147399902344,64,125.40527367591858,64,125.60988926887512,64,125.98528122901917,64,126.2325165271759,64,126.47499871253967,64,126.72970819473267,64,126.93641757965088,64,127.13949990272522,64,127.35278487205505,64,127.59910273551941,64,127.80150747299194,64,128.17347598075867,64,128.4159095287323,64,128.62640523910522,64,128.87964987754822,64,129.18796062469482,64,129.4429862499237,64,129.6834876537323,64,129.9260504245758,64,130.17778778076172,64,130.53484463691711,64,130.73979949951172,64,130.9537217617035,64,131.16234302520752,64,131.3767774105072,64,131.62863755226135,64,131.88216400146484,64,132.13343787193298,64,132.37784028053284,64,132.59080362319946,64,132.79372835159302,64,133.03587293624878,64,133.28615498542786,64,133.49711847305298,64,133.74892568588257,64,134.00079727172852,64,134.2093493938446,64,134.42211890220642,64,134.67463970184326,64,134.92052268981934,64,135.23856234550476,64,135.49855089187622,64,135.7509686946869,64,136.12100791931152,64,136.48252296447754,64,136.72707748413086,64,136.9848849773407,64,137.35875344276428,64,137.60934615135193,64,137.85268902778625,64,138.05496382713318,64,138.30679941177368,64,138.68809413909912,64,138.9377624988556,64,139.17954754829407,64,139.4344482421875,64,139.68775415420532,64,139.893146276474,64,140.09562873840332,64,140.30824208259583,64,140.51375317573547,64,140.72157311439514,64,141.0745575428009,64,141.28196692466736,64,141.53537940979004,64,141.78748726844788,64,142.14124274253845,64,142.3487446308136,64,142.6003897190094,64,142.9618580341339,64,143.21032667160034,64,143.4143579006195,64,143.65466856956482,64,143.86290097236633,64,144.0781569480896,64,144.40312004089355,64,144.61099529266357,64,144.86306071281433,64,145.11087012290955,64,145.36624670028687,64,145.61656785011292,64,145.81685066223145,64,146.0307719707489,64,146.39945697784424,64,146.7283217906952,64,146.98154878616333,64,147.18336248397827,64,147.42851042747498,64,147.64028239250183,64,147.89285016059875,64,148.20628142356873,64,148.4550449848175,64,148.66743326187134,64,148.9180748462677,64,149.1595435142517,64,149.40501022338867,64,149.77572631835938,64,150.02857947349548,64,150.38958525657654,64,150.59678721427917,64,150.79967522621155,64,151.00918126106262,64,151.37649607658386,64,151.72658491134644,64,152.040100812912,64,152.25890803337097,64,152.46673727035522,64,152.67945790290833,64,152.92779421806335,64,153.12923860549927,64,153.50054144859314,64,153.7073302268982,64,153.91256833076477,64,154.15794229507446,64,154.37001276016235,64,154.57854580879211,64,154.83175945281982,64,155.07345914840698,64,155.31977772712708,64,155.52463102340698,64,155.89383697509766,64,156.1002447605133,64,156.30953288078308,64,156.5143277645111,64,156.8248417377472,64,157.07548308372498,64,157.2874252796173,64,157.62756395339966,64,157.88097500801086,64,158.13203382492065,64,158.38016653060913,64,158.63122129440308,64,158.83694672584534,64,159.08248138427734,64,159.44438910484314,64,159.68876957893372,64,160.04357743263245,64,160.40496397018433,64,160.61080360412598,64,160.85411524772644,64,161.0984435081482,64,161.30139923095703,64,161.50308203697205,64,161.8918056488037,64,162.1384313106537,64,162.373957157135,64,162.5816569328308,64,162.78734016418457,64,163.04076027870178,64,163.25291800498962,64,163.46325278282166,64,163.67348718643188,64,164.03880333900452,64,164.2443563938141,64,164.45749640464783,64,164.81346797943115,64,165.02103233337402,64,165.2705433368683,64,165.51136088371277,64,165.89484643936157,64,166.13695573806763,64,166.34766817092896,64,166.595938205719,64,166.84186005592346,64,167.1985900402069,64,167.44588446617126,64,167.64803981781006,64,168.0289716720581,64,168.28280472755432,64,168.53347039222717,64,168.73965740203857,64,169.06824207305908,64,169.31657028198242,64,169.630455493927,64,169.8398413658142,64,170.09517788887024,64,170.30234670639038,64,170.54381489753723,64,170.78358626365662,64,171.03570866584778,64,171.24057245254517,64,171.47869348526,64,171.73448061943054,64,171.94286608695984,64,172.1528515815735,64,172.39338612556458,64,172.64485716819763,64,172.8450517654419,64,173.04745483398438,64,173.28716564178467,64,173.54175448417664,64,173.90251231193542,64,174.15585613250732,64,174.40928506851196,64,174.6614727973938,64,174.8694658279419,64,175.11632776260376,64,175.32178831100464,64,175.56322646141052,64,175.81653809547424,64,176.06615233421326,64,176.26894307136536,64,176.5203709602356,64,176.8765435218811,64,177.1274106502533,64,177.37287878990173,64,177.57622122764587,64,177.78726720809937,64,177.98712491989136,64,178.22880744934082,64,178.48261284828186,64,178.73638677597046,64,178.94301056861877,64,179.15678787231445,64,179.41379380226135,64,179.66162753105164,64,180.05255937576294,64,180.40323567390442,64,180.6146252155304,64,180.86531829833984,64,181.11620092391968,64,181.37011742591858,64,181.62180161476135,64,181.87361478805542,64,182.12082743644714,64,182.37522077560425,64,182.58418369293213,64,182.79494857788086,64,183.00786089897156,64,183.25950074195862,64,183.4619278907776,64,183.81401205062866,64,184.06444430351257,64,184.27337884902954,64,184.52608585357666,64,184.72911286354065,64,184.92649817466736,64,185.13114762306213,64,185.34184432029724,64,185.5938539505005,64,185.9748888015747,64,186.21696734428406,64,186.6137466430664,64,186.81809973716736,64,187.03073000907898,64,187.28097105026245,64,187.53470468521118,64,187.73688316345215,64,187.9476706981659,64,188.1569528579712,64,188.41046714782715,64,188.657954454422,64,188.90218448638916,64,189.21543073654175,64,189.47679448127747,64,189.72755980491638,64,190.09911274909973,64,190.33750700950623,64,190.549302816391,64,190.76118159294128,64,191.01506900787354,64,191.22301959991455,64,191.43165111541748,64,191.68568634986877,64,191.89168238639832,64,192.26210689544678,64,192.5144863128662,64,192.72204566001892,64,192.9280722141266,64,193.1360719203949,64,193.3851397037506,64,193.62890005111694,64,193.87870836257935,64,194.23211693763733,64,194.54496502876282,64,194.95510745048523,64,195.17258524894714,64,195.4287223815918,64,195.6423180103302,64,195.8523063659668,64,196.0647988319397,64,196.27440547943115,64,196.5276699066162,64,196.90302205085754,64,197.1123685836792,64,197.3625361919403,64,197.61111974716187,64,197.86603236198425,64,198.0765311717987,64,198.32603788375854,64,198.58026123046875,64,198.78827452659607,64,199.15285539627075,64,199.5342514514923,64,199.77834177017212,64,200.08405756950378,64,200.29213309288025,64,200.53769493103027,64,200.78516006469727,64,201.03625059127808,64,201.28551316261292,64,201.52524137496948,64,201.72747921943665,64,202.00885605812073,64,202.2188217639923,64,202.4622790813446,64,202.71535873413086,64,202.96647024154663,64,203.17310619354248,64,203.53107023239136,64,203.7812671661377,64,203.99079823493958,64,204.2032389640808,64,204.45347023010254,64,204.6938500404358,64,204.89803838729858,64,205.14709401130676,64,205.3877716064453,64,205.6418387889862,64,205.88929176330566,64,206.1368556022644,64,206.38682985305786,64,206.58769750595093,64,206.8396396636963,64,207.0865876674652,64,207.32913398742676,64,207.57273364067078,64,207.82326865196228,64,208.0627543926239,64,208.27355289459229,64,208.4780626296997,64,208.68384909629822,64,208.88900208473206,64,209.14411759376526,64,209.3798053264618,64,209.58148646354675,64,209.93900179862976,64,210.14470911026,64,210.4530372619629,64,210.65852189064026,64,210.90580010414124,64,211.11232352256775,64,211.48270416259766,64,211.72955536842346,64,211.9811499118805,64,212.22882914543152,64,212.48098468780518,64,212.69111490249634,64,213.0588994026184,64,213.2616581916809,64,213.5057463645935,64,213.74781560897827,64,214.00183534622192,64,214.2111234664917,64,214.4470236301422,64,214.76532459259033,64,215.01741290092468,64,215.26012897491455,64,215.51135563850403,64,215.7191550731659,64,215.9713339805603,64,216.18278861045837,64,216.38427901268005,64,216.59118509292603,64,216.79568147659302,64,217.0494885444641,64,217.25672149658203,64,217.4597909450531,64,217.85183334350586,64,218.10392093658447,64,218.34963059425354,64,218.55525469779968,64,218.80760169029236,64,219.01730298995972,64,219.2164990901947,64,219.42292714118958,64,219.6751902103424,64,219.88275504112244,64,220.08624958992004,64,220.33331608772278,64,220.5758421421051,64,220.78105473518372,64,221.03110599517822,64,221.24159693717957,64,221.60911345481873,64,221.92817997932434,64,222.1368944644928,64,222.34731459617615,64,222.6799852848053,64,222.88145852088928,64,223.0929799079895,64,223.44776797294617,64,223.69801425933838,64,224.0670509338379,64,224.31540369987488,64,224.5201132297516,64,224.7650167942047,64,224.9669690132141,64,225.17306852340698,64,225.37556648254395,64,225.62736010551453,64,225.8389115333557,64,226.0791311264038,64,226.27950859069824,64,226.52297449111938,64,226.7624704837799,64,227.00297164916992,64,227.2567596435547,64,227.46000337600708,64,227.83861804008484,64,228.20667171478271,64,228.52235436439514,64,228.77630376815796,64,228.9851939678192,64,229.23966932296753,64,229.61799144744873,64,229.871563911438,64,230.0749213695526,64,230.32663536071777,64,230.5316619873047,64,230.78287482261658,64,231.03128004074097,64,231.277822971344,64,231.5267460346222,64,231.8856201171875,64,232.19617009162903,64,232.57251501083374,64,232.81939244270325,64,233.06646966934204,64,233.32286834716797,64,233.57542037963867,64,233.77883625030518,64,234.03000617027283,64,234.23987221717834,64,234.60449838638306,64,234.96497130393982,64,235.1739206314087,64,235.42697882652283,64,235.63820266723633,64,235.8478808403015,64,236.08755326271057,64,236.28922820091248,64,236.52929067611694,64,236.73339581489563,64,236.9456021785736,64,237.15409755706787,64,237.36733222007751,64,237.61352252960205,64,237.85854959487915,64,238.05997610092163,64,238.31160140037537,64,238.52237749099731,64,238.77459716796875,64,239.16441178321838,64,239.5496208667755,64,239.7594940662384,64,239.96097993850708,64,240.1629810333252,64,240.37485575675964,64,240.5848569869995,64,240.83668303489685,64,241.04125142097473,64,241.29206371307373,64,241.5385503768921,64,241.79495120048523,64,242.04126524925232,64,242.24748730659485,64,242.45728540420532,64,242.69478178024292,64,242.90069961547852,64,243.26706838607788,64,243.47297477722168,64,243.7248203754425,64,244.04885411262512,64,244.3002142906189,64,244.5087811946869,64,244.72360634803772,64,244.97198748588562,64,245.1814432144165,64,245.43635034561157,64,245.80764245986938,64,246.18749928474426,64,246.42657041549683,64,246.6828486919403,64,246.9363832473755,64,247.1836280822754,64,247.43537664413452,64,247.6882221698761,64,247.92963361740112,64,248.18317222595215,64,248.43403840065002,64,248.64115047454834,64,248.8957703113556,64,249.144868850708,64,249.46017980575562,64,249.71077728271484,64,249.91708660125732,64,250.1332151889801,64,250.38216376304626,64,250.73958563804626,64,250.98511838912964,64,251.22679710388184,64,251.46699786186218,64,251.7022762298584,64,251.94318389892578,64,252.19614171981812,64,252.4475302696228,64,252.81004333496094,64,253.01725149154663,64,253.27162981033325,64,253.48284792900085,64,253.69369983673096,64,253.9011197090149,64,254.14542698860168,64,254.35652232170105,64,254.60822415351868,64,254.8617765903473,64,255.11400151252747,64,255.3157992362976,64,255.5201392173767,64,255.77461576461792,64,256.0222382545471,64,256.3926844596863,64,256.7401292324066,64,256.9878854751587,64,257.2332978248596,64,257.44701385498047,64,257.70056796073914,64,257.908531665802,64,258.16141986846924,64,258.4127016067505,64,258.61374068260193,64,258.85177302360535,64,259.0915870666504,64,259.29468965530396,64,259.50679540634155,64,259.76209259033203,64,259.9694302082062,64,260.1717641353607,64,260.41150999069214,64,260.766352891922,64,261.00409483909607,64,261.25833535194397,64,261.4707283973694,64,261.7217676639557,64,261.92858815193176,64,262.13402032852173,64,262.4388060569763,64,262.68513560295105,64,263.04164600372314,64,263.40359902381897,64,263.76907539367676,64,263.9729514122009,64,264.1857433319092,64,264.3969933986664,64,264.76140093803406,64,265.00328850746155,64,265.341943025589,64,265.55580949783325,64,265.7622163295746,64,266.0116527080536,64,266.21923565864563,64,266.57262349128723,64,266.82243967056274,64,267.0739953517914,64,267.27765345573425,64,267.5258369445801,64,267.7360348701477,64,267.9748282432556,64,268.2233679294586,64,268.57347226142883,64,268.9372115135193,64,269.14261174201965,64,269.3463909626007,64,269.60046911239624,64,269.8466782569885,64,270.0946145057678,64,270.46478271484375,64,270.7130198478699,64,270.9618365764618,64,271.20736145973206,64,271.41668725013733,64,271.6295111179352,64,271.8310832977295,64,272.19709944725037,64,272.4044589996338,64,272.6517949104309,64,272.85833644866943,64,273.10817313194275,64,273.3131477832794,64,273.52179312705994,64,273.72926783561707,64,273.98401141166687,64,274.35294699668884,64,274.71111011505127,64,274.91883301734924,64,275.17147183418274,64,275.41550374031067,64,275.623925447464,64,275.83649468421936,64,276.04553151130676,64,276.30035400390625,64,276.50951170921326,64,276.86342549324036,64,277.2612328529358,64,277.47278666496277,64,277.72641921043396,64,277.97663974761963,64,278.22651624679565,64,278.54295563697815,64,278.75501585006714,64,278.96419763565063,64,279.17199063301086,64,279.5540120601654,64,279.80281925201416,64,280.0501170158386,64,280.2967367172241,64,280.5426905155182,64,280.7936010360718,64,281.00728392601013,64,281.2590136528015,64,281.51211309432983,64,281.7581422328949,64,281.96282291412354,64,282.17141938209534,64,282.3824694156647,64,282.6369659900665,64,282.8888895511627,64,283.1455748081207,64,283.46502351760864,64,283.7104585170746,64,283.9643895626068,64,284.17468643188477,64,284.4258608818054,64,284.62645268440247,64,284.8300769329071,64,285.0381395816803,64,285.24987030029297,64,285.5046820640564,64,285.7576470375061,64,286.00604248046875,64,286.20741605758667,64,286.4591414928436,64,286.81068563461304,64,287.05896496772766,64,287.3004446029663,64,287.5409789085388,64,287.7572455406189,64,288.0075960159302,64,288.2507047653198,64,288.4596049785614,64,288.7069528102875,64,288.9548704624176,64,289.20323419570923,64,289.5694749355316,64,289.81784105300903,64,290.06370425224304,64,290.26727056503296,64,290.5743522644043,64,290.82633996009827,64,291.19106435775757,64,291.4348032474518,64,291.65061211586,64,292.0459096431732,64,292.3635561466217,64,292.5716760158539,64,292.82039189338684,64,293.02596259117126,64,293.3913824558258,64,293.7910370826721,64,294.0393843650818,64,294.29215931892395,64,294.49697756767273,64,294.8582320213318,64,295.0665967464447,64,295.27964901924133,64,295.4926562309265,64,295.8549280166626,64,296.1078751087189,64,296.3159992694855,64,296.526287317276,64,296.77732038497925,64,296.986581325531,64,297.31664299964905,64,297.6909828186035,64,297.94569849967957,64,298.19702529907227,64,298.406281709671,64,298.64690232276917,64,298.90417647361755,64,299.10949873924255,64,299.35832810401917,64,299.5659770965576,64,299.77656650543213,64,299.9875032901764,64,300.01526069641113
0,random graphs/big_layer/r1.5k12n8/graph0.lgbin,211121,286.27197217941284,44,170,0,60,0.35933351516723633,44,0.7046635150909424,44,0.9942300319671631,44,1.3438079357147217,44,1.6322224140167236,44,1.969123125076294,44,2.2651493549346924,44,2.6240665912628174,44,2.9122557640075684,44,3.2582035064697266,44,3.547037124633789,44,3.8907525539398193,44,4.186086177825928,44,4.523996114730835,44,4.816230297088623,44,5.162875413894653,44,5.503553867340088,44,5.855148077011108,44,6.197128772735596,44,6.4864256381988525,44,6.797422647476196,44,7.148745775222778,44,7.43349552154541,44,7.717167854309082,44,8.069880485534668,44,8.361495018005371,44,8.696298122406006,44,8.98738431930542,44,9.32276725769043,44,9.63561487197876,44,9.981546640396118,44,10.275785207748413,44,10.612055778503418,44,10.93402361869812,44,11.221803426742554,44,11.573054790496826,44,11.861122846603394,44,12.200751543045044,44,12.499836444854736,44,12.838742017745972,44,13.180796384811401,44,13.462540864944458,44,13.793030738830566,44,14.074315547943115,44,14.413545370101929,44,14.769731760025024,44,15.15542984008789,44,15.469495296478271,44,15.756163835525513,44,16.074869394302368,44,16.35145878791809,44,16.637325286865234,44,16.930448293685913,44,17.28105640411377,44,17.59643268585205,44,17.881540775299072,44,18.216402292251587,44,18.56611919403076,44,18.912896633148193,44,19.247986555099487,44,19.594715118408203,44,19.887535333633423,44,20.169073820114136,44,20.450908184051514,44,20.739234685897827,44,21.07858967781067,44,21.421869039535522,44,21.71630597114563,44,22.05201482772827,44,22.38510799407959,44,22.737366437911987,44,23.02762770652771,44,23.31190586090088,44,23.602505922317505,44,23.893874883651733,44,24.240070819854736,44,24.519140243530273,44,24.802734375,44,25.070298671722412,44,25.35591959953308,44,25.683123111724854,44,26.038212537765503,44,26.32907748222351,44,26.617324352264404,44,26.883054971694946,44,27.227739334106445,44,27.514695644378662,44,27.801848649978638,44,28.094632863998413,44,28.444237232208252,44,28.77975344657898,44,29.05744743347168,44,29.37505006790161,44,29.72072744369507,44,30.004050970077515,44,30.296879053115845,44,30.587941646575928,44,30.878073930740356,44,31.22455906867981,44,31.56035280227661,44,31.914626359939575,44,32.26334810256958,44,32.54622793197632,44,32.83004856109619,44,33.177918434143066,44,33.52292466163635,44,33.81686520576477,44,34.146106481552124,44,34.49273872375488,44,34.783140897750854,44,35.07333302497864,44,35.35649037361145,44,35.70268392562866,44,35.980507612228394,44,36.30866050720215,44,36.59372138977051,44,36.87185716629028,44,37.21674394607544,44,37.50408673286438,44,37.78130650520325,44,38.07216930389404,44,38.35273194313049,44,38.644339084625244,44,38.9195294380188,44,39.27063798904419,44,39.60920000076294,44,39.95925831794739,44,40.24412822723389,44,40.59338116645813,44,40.88342809677124,44,41.17121624946594,44,41.50779318809509,44,41.84208130836487,44,42.13476586341858,44,42.43400597572327,44,42.76610803604126,44,43.049646854400635,44,43.397520303726196,44,43.687620639801025,44,43.97933626174927,44,44.24565553665161,44,44.53477072715759,44,44.87037682533264,44,45.20318937301636,44,45.49347233772278,44,45.82696795463562,44,46.178101539611816,44,46.461161613464355,44,46.830880641937256,44,47.100072622299194,44,47.46797251701355,44,47.75604963302612,44,48.02979135513306,44,48.36955237388611,44,48.655245542526245,44,48.93605709075928,44,49.26734662055969,44,49.554479360580444,44,49.84173083305359,44,50.188398361206055,44,50.474626541137695,44,50.766141414642334,44,51.111830949783325,44,51.40406608581543,44,51.69479274749756,44,52.02956032752991,44,52.31331658363342,44,52.667080879211426,44,53.021456241607666,44,53.373679399490356,44,53.66380858421326,44,54.00360584259033,44,54.345402002334595,44,54.684563636779785,44,54.954890966415405,44,55.290221214294434,44,55.63023018836975,44,55.91617774963379,44,56.20230054855347,44,56.49359178543091,44,56.78109312057495,44,57.11832404136658,44,57.474438428878784,44,57.76543974876404,44,58.037784814834595,44,58.391467571258545,44,58.74384140968323,44,59.03627634048462,44,59.32964730262756,44,59.666783809661865,44,59.95933794975281,44,60.314905881881714,44,60.609811782836914,44,60.92867708206177,44,61.21780586242676,44,61.500608921051025,44,61.84120154380798,44,62.13503909111023,44,62.48219037055969,44,62.83181691169739,44,63.16930675506592,44,63.46434307098389,44,63.822060346603394,44,64.15781855583191,44,64.47496938705444,44,64.8298089504242,44,65.1204583644867,44,65.41323256492615,44,65.70163416862488,44,66.02196097373962,44,66.30301833152771,44,66.59558391571045,44,66.88782620429993,44,67.16580605506897,44,67.48865556716919,44,67.83217859268188,44,68.12669157981873,44,68.47002482414246,44,68.76247549057007,44,69.03875994682312,44,69.33254027366638,44,69.60690641403198,44,69.94712448120117,44,70.29805326461792,44,70.59094953536987,44,70.87797737121582,44,71.23041009902954,44,71.5455641746521,44,71.82361888885498,44,72.11671829223633,44,72.45480442047119,44,72.80285096168518,44,73.1364529132843,44,73.4778208732605,44,73.82863736152649,44,74.11853170394897,44,74.44336771965027,44,74.80215549468994,44,75.15209484100342,44,75.4870593547821,44,75.76747679710388,44,76.12257790565491,44,76.41573929786682,44,76.71331524848938,44,77.0083680152893,44,77.35417437553406,44,77.67291164398193,44,78.00702118873596,44,78.30292773246765,44,78.64004611968994,44,78.92551684379578,44,79.2619481086731,44,79.61925911903381,44,79.98231029510498,44,80.32116985321045,44,80.61597108840942,44,80.89281988143921,44,81.17933464050293,44,81.47123861312866,44,81.76228260993958,44,82.1138391494751,44,82.39098167419434,44,82.6841938495636,44,83.02393293380737,44,83.36124467849731,44,83.65866661071777,44,83.94827818870544,44,84.24216747283936,44,84.53441405296326,44,84.87761616706848,44,85.14330625534058,44,85.48293662071228,44,85.76858329772949,44,86.10959482192993,44,86.40615487098694,44,86.69883728027344,44,87.05064749717712,44,87.31290817260742,44,87.64486455917358,44,87.93612051010132,44,88.22221231460571,44,88.51137447357178,44,88.85280966758728,44,89.19152998924255,44,89.52608299255371,44,89.87494492530823,44,90.19709253311157,44,90.53330540657043,44,90.87823414802551,44,91.21994733810425,44,91.5618646144867,44,91.91287732124329,44,92.26313495635986,44,92.54312491416931,44,92.82958793640137,44,93.12251472473145,44,93.4634804725647,44,93.75809788703918,44,94.1025664806366,44,94.44456481933594,44,94.79684162139893,44,95.08989262580872,44,95.37775254249573,44,95.72239661216736,44,96.0666880607605,44,96.3439085483551,44,96.63678574562073,44,96.99420404434204,44,97.34329319000244,44,97.6328706741333,44,97.97552013397217,44,98.32632517814636,44,98.6634590625763,44,99.008380651474,44,99.35113906860352,44,99.64485502243042,44,99.93395495414734,44,100.28662347793579,44,100.60643887519836,44,100.89726209640503,44,101.1862096786499,44,101.46826195716858,44,101.76183199882507,44,102.10870909690857,44,102.44892024993896,44,102.72684717178345,44,103.02449607849121,44,103.32038235664368,44,103.66222429275513,44,104.0031213760376,44,104.34409761428833,44,104.64311385154724,44,104.93388509750366,44,105.2727427482605,44,105.61303448677063,44,105.95648384094238,44,106.22508358955383,44,106.56317162513733,44,106.85138988494873,44,107.18781995773315,44,107.53291440010071,44,107.82321000099182,44,108.11623454093933,44,108.44859552383423,44,108.78460741043091,44,109.07666778564453,44,109.37048435211182,44,109.72395133972168,44,110.04910564422607,44,110.40507292747498,44,110.7164216041565,44,111.00230646133423,44,111.31631302833557,44,111.61240077018738,44,111.9508752822876,44,112.2438611984253,44,112.59223508834839,44,112.93855309486389,44,113.22607040405273,44,113.5093126296997,44,113.85376310348511,44,114.14066290855408,44,114.41943001747131,44,114.76312112808228,44,115.10706162452698,44,115.38739442825317,44,115.73878598213196,44,116.02864098548889,44,116.38064670562744,44,116.67091751098633,44,116.9461658000946,44,117.22432851791382,44,117.56312346458435,44,117.91747045516968,44,118.20965528488159,44,118.50065040588379,44,118.82030987739563,44,119.17095708847046,44,119.50653266906738,44,119.84719133377075,44,120.19086575508118,44,120.50426602363586,44,120.78316283226013,44,121.12912607192993,44,121.41796851158142,44,121.76152539253235,44,122.05233526229858,44,122.34677219390869,44,122.63869643211365,44,122.98098468780518,44,123.32430624961853,44,123.61374020576477,44,123.96025323867798,44,124.3053367137909,44,124.61858463287354,44,124.91386342048645,44,125.22567749023438,44,125.52322673797607,44,125.81297826766968,44,126.15756011009216,44,126.50778985023499,44,126.82673025131226,44,127.10533452033997,44,127.44538426399231,44,127.78681182861328,44,128.08031511306763,44,128.34476113319397,44,128.67791223526,44,129.01056718826294,44,129.27560138702393,44,129.62314987182617,44,129.95645356178284,44,130.2928547859192,44,130.64261436462402,44,130.9963366985321,44,131.29295778274536,44,131.55529618263245,44,131.89995646476746,44,132.172301530838,44,132.46998858451843,44,132.81546306610107,44,133.1057276725769,44,133.3940987586975,44,133.72982168197632,44,134.02325916290283,44,134.37015342712402,44,134.66767501831055,44,135.00658869743347,44,135.29894542694092,44,135.5963544845581,44,135.93334555625916,44,136.21612739562988,44,136.51342225074768,44,136.86298727989197,44,137.20995497703552,44,137.50736713409424,44,137.80252361297607,44,138.08483147621155,44,138.40240716934204,44,138.6934356689453,44,138.9733371734619,44,139.26900815963745,44,139.61058378219604,44,139.91996264457703,44,140.2122085094452,44,140.56512427330017,44,140.84518599510193,44,141.19753766059875,44,141.5371708869934,44,141.83314180374146,44,142.12646460533142,44,142.47216773033142,44,142.76725268363953,44,143.11254501342773,44,143.4460973739624,44,143.80293560028076,44,144.11396050453186,44,144.3924114704132,44,144.73798060417175,44,145.09119510650635,44,145.4401364326477,44,145.79039525985718,44,146.13238668441772,44,146.49007439613342,44,146.84526348114014,44,147.14749312400818,44,147.5027904510498,44,147.8755419254303,44,148.22051239013672,44,148.51850390434265,44,148.84515976905823,44,149.2085418701172,44,149.5040247440338,44,149.7885615825653,44,150.08218097686768,44,150.4354019165039,44,150.78381729125977,44,151.07745456695557,44,151.41605067253113,44,151.7046160697937,44,152.00575399398804,44,152.35182166099548,44,152.6970510482788,44,152.98804712295532,44,153.34397172927856,44,153.67993545532227,44,154.01899027824402,44,154.3549358844757,44,154.7044382095337,44,155.00189018249512,44,155.29545783996582,44,155.59261083602905,44,155.93711948394775,44,156.20801401138306,44,156.5051610469818,44,156.79959416389465,44,157.15172386169434,44,157.49629855155945,44,157.84750485420227,44,158.19645619392395,44,158.48845386505127,44,158.84139823913574,44,159.12794542312622,44,159.46352887153625,44,159.8215947151184,44,160.17351174354553,44,160.4583191871643,44,160.80913376808167,44,161.11376452445984,44,161.47019958496094,44,161.7602264881134,44,162.04952478408813,44,162.33889198303223,44,162.655175447464,44,162.94594502449036,44,163.23116445541382,44,163.62768626213074,44,163.9627091884613,44,164.3096251487732,44,164.66517329216003,44,164.93960165977478,44,165.28669357299805,44,165.63275694847107,44,165.9743983745575,44,166.32068037986755,44,166.61059856414795,44,166.9256932735443,44,167.2021963596344,44,167.48931455612183,44,167.7854151725769,44,168.0782539844513,44,168.37414813041687,44,168.7203404903412,44,169.07129836082458,44,169.38773679733276,44,169.6895191669464,44,169.9710772037506,44,170.32042241096497,44,170.6623227596283,44,171.01293683052063,44,171.29580688476562,44,171.64367723464966,44,171.98915243148804,44,172.28432941436768,44,172.62487077713013,44,172.92410850524902,44,173.22247886657715,44,173.51278591156006,44,173.8713047504425,44,174.1617875099182,44,174.45803451538086,44,174.7472734451294,44,175.11678194999695,44,175.4100959300995,44,175.7015836238861,44,176.04820704460144,44,176.39416670799255,44,176.7418863773346,44,177.03605461120605,44,177.349609375,44,177.64533925056458,44,177.95747303962708,44,178.3140983581543,44,178.60987663269043,44,178.8996238708496,44,179.1981029510498,44,179.55082058906555,44,179.89870142936707,44,180.19174981117249,44,180.48533964157104,44,180.8145272731781,44,181.09194564819336,44,181.4243085384369,44,181.72577691078186,44,182.00721144676208,44,182.3082242012024,44,182.6043140888214,44,182.87811493873596,44,183.17007613182068,44,183.51024723052979,44,183.85662412643433,44,184.15249133110046,44,184.4917209148407,44,184.8309681415558,44,185.1016240119934,44,185.38628315925598,44,185.7395040988922,44,186.0379228591919,44,186.3206856250763,44,186.60919284820557,44,186.90589547157288,44,187.25069189071655,44,187.59174036979675,44,187.8798725605011,44,188.17156410217285,44,188.5212047100067,44,188.8169240951538,44,189.15910363197327,44,189.4244065284729,44,189.81210827827454,44,190.13045358657837,44,190.46925687789917,44,190.82135319709778,44,191.16000819206238,44,191.50876379013062,44,191.8026053905487,44,192.0990858078003,44,192.39056992530823,44,192.66999197006226,44,193.01045870780945,44,193.38889694213867,44,193.73372507095337,44,194.04651641845703,44,194.31348776817322,44,194.60431599617004,44,194.9444591999054,44,195.28760886192322,44,195.63714170455933,44,195.9312515258789,44,196.20497107505798,44,196.48318719863892,44,196.83760857582092,44,197.17797136306763,44,197.5240638256073,44,197.85325598716736,44,198.16438674926758,44,198.43696546554565,44,198.79250478744507,44,199.10248184204102,44,199.3950710296631,44,199.6837022304535,44,200.0301868915558,44,200.31909346580505,44,200.6002688407898,44,200.88646745681763,44,201.21105766296387,44,201.49011731147766,44,201.827077627182,44,202.1747350692749,44,202.52745246887207,44,202.86237359046936,44,203.15317344665527,44,203.47493529319763,44,203.81690979003906,44,204.10302639007568,44,204.3898000717163,44,204.7366907596588,44,205.02884721755981,44,205.31942176818848,44,205.60425543785095,44,205.9544017314911,44,206.30836391448975,44,206.65549635887146,44,206.99836802482605,44,207.292156457901,44,207.58918261528015,44,207.93164467811584,44,208.27305245399475,44,208.61317992210388,44,208.9428572654724,44,209.21041798591614,44,209.5485908985138,44,209.90201377868652,44,210.2425262928009,44,210.5375154018402,44,210.88370203971863,44,211.21988487243652,44,211.55525851249695,44,211.8770215511322,44,212.16853976249695,44,212.513170003891,44,212.86128330230713,44,213.19102835655212,44,213.50674605369568,44,213.85061955451965,44,214.20447182655334,44,214.49370312690735,44,214.81267786026,44,215.13028049468994,44,215.41705346107483,44,215.70630264282227,44,215.99850726127625,44,216.337140083313,44,216.68436408042908,44,217.03496503829956,44,217.35078477859497,44,217.64277362823486,44,217.99063563346863,44,218.2810173034668,44,218.5544364452362,44,218.84132647514343,44,219.21828389167786,44,219.55885767936707,44,219.88946533203125,44,220.1865794658661,44,220.53559637069702,44,220.83283519744873,44,221.12235856056213,44,221.46476674079895,44,221.81508922576904,44,222.13234066963196,44,222.49967861175537,44,222.78075528144836,44,223.0699429512024,44,223.3492820262909,44,223.69380283355713,44,223.9903542995453,44,224.27789545059204,44,224.6269257068634,44,224.95011711120605,44,225.22920727729797,44,225.52406311035156,44,225.8688554763794,44,226.22757148742676,44,226.56891870498657,44,226.85983443260193,44,227.20127320289612,44,227.53300404548645,44,227.8883969783783,44,228.22780632972717,44,228.57237815856934,44,228.850604057312,44,229.14083623886108,44,229.43075394630432,44,229.71111011505127,44,230.05139636993408,44,230.32945656776428,44,230.66287899017334,44,230.95554661750793,44,231.30285573005676,44,231.65209937095642,44,231.9278838634491,44,232.279194355011,44,232.59519481658936,44,232.94847416877747,44,233.21260905265808,44,233.54026985168457,44,233.87985634803772,44,234.17123556137085,44,234.45603489875793,44,234.722083568573,44,235.05788660049438,44,235.39293670654297,44,235.70585203170776,44,236.02109003067017,44,236.37258958816528,44,236.718327999115,44,237.01391458511353,44,237.34899020195007,44,237.66041088104248,44,237.94839310646057,44,238.29064059257507,44,238.62817287445068,44,238.90119552612305,44,239.25329732894897,44,239.53750228881836,44,239.83147382736206,44,240.1191520690918,44,240.47120928764343,44,240.81589245796204,44,241.12400817871094,44,241.40620636940002,44,241.69451022148132,44,242.026296377182,44,242.35985779762268,44,242.6381573677063,44,242.96197485923767,44,243.2946846485138,44,243.6260862350464,44,243.9111840724945,44,244.19433617591858,44,244.53263664245605,44,244.796142578125,44,245.11822199821472,44,245.39438605308533,44,245.65614199638367,44,245.99102306365967,44,246.26597785949707,44,246.53126215934753,44,246.81774234771729,44,247.12393307685852,44,247.39388728141785,44,247.73455691337585,44,248.01877760887146,44,248.300856590271,44,248.6374638080597,44,248.9663999080658,44,249.25303840637207,44,249.54239630699158,44,249.87550854682922,44,250.1518042087555,44,250.48602962493896,44,250.74742007255554,44,251.007878780365,44,251.3438766002655,44,251.68271040916443,44,251.95279240608215,44,252.29666376113892,44,252.63054776191711,44,252.9676628112793,44,253.29078722000122,44,253.58236575126648,44,253.91695284843445,44,254.26017427444458,44,254.60171151161194,44,254.92194509506226,44,255.20119881629944,44,255.47603273391724,44,255.75636768341064,44,256.036985874176,44,256.3706886768341,44,256.65329694747925,44,256.93577003479004,44,257.21128249168396,44,257.5339186191559,44,257.8141119480133,44,258.1491000652313,44,258.4349431991577,44,258.77467608451843,44,259.08707094192505,44,259.41530203819275,44,259.7579960823059,44,260.0406918525696,44,260.3734142780304,44,260.6508345603943,44,260.93354415893555,44,261.2822427749634,44,261.6088569164276,44,261.8922264575958,44,262.231805562973,44,262.5198230743408,44,262.7989852428436,44,263.07049536705017,44,263.35715794563293,44,263.6204013824463,44,263.9142973423004,44,264.2460558414459,44,264.5659420490265,44,264.85442996025085,44,265.1476607322693,44,265.4946241378784,44,265.7867696285248,44,266.07642889022827,44,266.40912413597107,44,266.701860666275,44,266.9917645454407,44,267.33935260772705,44,267.6581780910492,44,267.9389216899872,44,268.27696895599365,44,268.6135365962982,44,268.95333647727966,44,269.2224164009094,44,269.5688216686249,44,269.8500781059265,44,270.1395215988159,44,270.4918489456177,44,270.78293204307556,44,271.0675060749054,44,271.40669345855713,44,271.6976389884949,44,271.97815585136414,44,272.2670929431915,44,272.60328102111816,44,272.8798015117645,44,273.1636686325073,44,273.45324301719666,44,273.80226969718933,44,274.0928828716278,44,274.43425464630127,44,274.7884199619293,44,275.12931084632874,44,275.4827616214752,44,275.82166361808777,44,276.11133074760437,44,276.38076972961426,44,276.7301778793335,44,277.06909441947937,44,277.41481018066406,44,277.70631647109985,44,277.99592685699463,44,278.34070801734924,44,278.6325623989105,44,278.918221950531,44,279.2162811756134,44,279.55500888824463,44,279.9032516479492,44,280.2384057044983,44,280.51814675331116,44,280.8627691268921,44,281.1254234313965,44,281.4759624004364,44,281.82403898239136,44,282.11347794532776,44,282.39008021354675,44,282.7305579185486,44,283.0208525657654,44,283.3562068939209,44,283.7059907913208,44,284.0474603176117,44,284.38235211372375,44,284.722669839859,44,285.05836486816406,44,285.39643955230713,44,285.66417479515076,44,285.95909810066223,44,286.3106927871704,44,286.5933771133423,44,286.92967343330383,44,287.2709412574768,44,287.62360310554504,44,287.90636801719666,44,288.25488543510437,44,288.58469915390015,44,288.8795771598816,44,289.18372082710266,44,289.50537729263306,44,289.79635787010193,44,290.13554883003235,44,290.4498472213745,44,290.78995013237,44,291.079220533371,44,291.43006896972656,44,291.7498154640198,44,292.10476899147034,44,292.46044421195984,44,292.7576665878296,44,293.11074328422546,44,293.44972825050354,44,293.79619455337524,44,294.1391806602478,44,294.4857831001282,44,294.7762517929077,44,295.1183662414551,44,295.3983745574951,44,295.7362129688263,44,296.0272946357727,44,296.3991403579712,44,296.74223470687866,44,297.0811860561371,44,297.39392161369324,44,297.7365186214447,44,298.07601594924927,44,298.3597254753113,44,298.65281534194946,44,298.9337148666382,44,299.2259542942047,44,299.54960560798645,44,299.88946199417114,44,300.02908539772034
1,random graphs/big_layer/r1.5k12n8/graph1.lgbin,211121,290.43646454811096,61,146,0,69,0.48548269271850586,61,0.9448349475860596,61,1.274073600769043,61,1.7134881019592285,61,2.052436590194702,61,2.472339391708374,61,2.8000173568725586,61,3.2324976921081543,61,3.5579993724823,61,3.996293067932129,61,4.427983283996582,61,4.855369806289673,61,5.278072834014893,61,5.704667806625366,61,6.046743154525757,61,6.476978063583374,61,6.807276725769043,61,7.145610332489014,61,7.5927956104278564,61,8.02536153793335,61,8.449533224105835,61,8.865642070770264,61,9.297521352767944,61,9.578019618988037,61,10.005115270614624,61,10.428724765777588,61,10.716787576675415,61,11.14975357055664,61,11.470729112625122,61,11.775685548782349,61,12.06556224822998,61,12.392717361450195,61,12.831671953201294,61,13.162690877914429,61,13.580225467681885,61,13.994800090789795,61,14.31765365600586,61,14.73471188545227,61,15.14365005493164,61,15.567995071411133,61,15.977138996124268,61,16.263362169265747,61,16.68041968345642,61,17.11075210571289,61,17.397379636764526,61,17.680155038833618,61,18.13067603111267,61,18.562078952789307,61,19.010136365890503,61,19.34409475326538,61,19.760919094085693,61,20.08620548248291,61,20.403521299362183,61,20.829384803771973,61,21.14701271057129,61,21.43301248550415,61,21.767608642578125,61,22.046318292617798,61,22.387463808059692,61,22.709118843078613,61,23.02998375892639,61,23.44300127029419,61,23.728652238845825,61,24.14929175376892,61,24.468803882598877,61,24.759997129440308,61,25.08346939086914,61,25.512847661972046,61,25.83756947517395,61,26.175447702407837,61,26.504425048828125,61,26.832117557525635,61,27.25967526435852,61,27.698909521102905,61,28.038665533065796,61,28.474238395690918,61,28.902116060256958,61,29.225614309310913,61,29.63992476463318,61,29.928343772888184,61,30.25707459449768,61,30.696450233459473,61,31.118585109710693,61,31.438753366470337,61,31.763159036636353,61,32.08805441856384,61,32.41550803184509,61,32.84582996368408,61,33.250794410705566,61,33.670642137527466,61,33.995262145996094,61,34.3282573223114,61,34.77220106124878,61,35.109251737594604,61,35.431272745132446,61,35.765974044799805,61,36.100553035736084,61,36.441630601882935,61,36.76292061805725,61,37.19269514083862,61,37.52952861785889,61,37.847033977508545,61,38.16976809501648,61,38.49183940887451,61,38.830912828445435,61,39.250019788742065,61,39.57949709892273,61,39.99033713340759,61,40.279759883880615,61,40.69630408287048,61,41.01541066169739,61,41.44843530654907,61,41.862236738204956,61,42.293161392211914,61,42.72252607345581,61,43.0643744468689,61,43.34618020057678,61,43.634942054748535,61,43.955820083618164,61,44.38378024101257,61,44.81759786605835,61,45.10803413391113,61,45.52383637428284,61,45.864734411239624,61,46.292720317840576,61,46.63001894950867,61,47.052950859069824,61,47.4745135307312,61,47.81615471839905,61,48.24798631668091,61,48.57205128669739,61,48.89215159416199,61,49.23878479003906,61,49.5678813457489,61,49.85209012031555,61,50.2802300453186,61,50.68418002128601,61,51.00559997558594,61,51.285144090652466,61,51.72127985954285,61,52.00496578216553,61,52.432507038116455,61,52.76161861419678,61,53.086047410964966,61,53.50278401374817,61,53.843180418014526,61,54.16602969169617,61,54.58611512184143,61,54.91053295135498,61,55.23147678375244,61,55.66197872161865,61,55.95016431808472,61,56.376959800720215,61,56.70902371406555,61,57.14531898498535,61,57.468146324157715,61,57.81783127784729,61,58.25259566307068,61,58.68247151374817,61,59.119755029678345,61,59.53707194328308,61,59.85870432853699,61,60.29467034339905,61,60.730496406555176,61,61.05747032165527,61,61.5019166469574,61,61.93018126487732,61,62.25457692146301,61,62.57827949523926,61,62.90084433555603,61,63.32569980621338,61,63.66765260696411,61,63.955132484436035,61,64.29376125335693,61,64.57601428031921,61,64.90417051315308,61,65.24677729606628,61,65.6858913898468,61,66.02728199958801,61,66.46970582008362,61,66.80877661705017,61,67.23558187484741,61,67.66447687149048,61,68.00822186470032,61,68.3505163192749,61,68.64106822013855,61,69.06463313102722,61,69.34762525558472,61,69.6958577632904,61,70.10933208465576,61,70.54287433624268,61,70.82969379425049,61,71.16090369224548,61,71.49901962280273,61,71.94186329841614,61,72.27987504005432,61,72.72962784767151,61,73.16782522201538,61,73.59496641159058,61,74.02793002128601,61,74.45517206192017,61,74.77820038795471,61,75.21020603179932,61,75.64352631568909,61,76.08852410316467,61,76.41304230690002,61,76.84377527236938,61,77.16521501541138,61,77.5041389465332,61,77.93898797035217,61,78.35263323783875,61,78.79138135910034,61,79.22540378570557,61,79.54748678207397,61,79.97934532165527,61,80.40705895423889,61,80.8450300693512,61,81.16717791557312,61,81.50058698654175,61,81.93421149253845,61,82.26800584793091,61,82.68533039093018,61,83.11432766914368,61,83.5334587097168,61,83.85825610160828,61,84.17945098876953,61,84.51584649085999,61,84.7990095615387,61,85.12225389480591,61,85.4223747253418,61,85.84708905220032,61,86.280757188797,61,86.60187816619873,61,87.01934909820557,61,87.34631657600403,61,87.67014837265015,61,88.09828114509583,61,88.41494631767273,61,88.8476881980896,61,89.27601623535156,61,89.61068964004517,61,89.95520734786987,61,90.37121963500977,61,90.80891180038452,61,91.24572944641113,61,91.66579914093018,61,91.99253726005554,61,92.40926933288574,61,92.84620141983032,61,93.17163848876953,61,93.46571922302246,61,93.80547523498535,61,94.22768330574036,61,94.68053889274597,61,95.12012529373169,61,95.54439568519592,61,95.98260354995728,61,96.39983296394348,61,96.82147765159607,61,97.1454029083252,61,97.45409059524536,61,97.86930680274963,61,98.20835638046265,61,98.54305958747864,61,98.82521176338196,61,99.26772165298462,61,99.55953335762024,61,99.9973738193512,61,100.42511892318726,61,100.73586678504944,61,101.06985664367676,61,101.39465379714966,61,101.6899037361145,61,102.10879278182983,61,102.54634046554565,61,102.98083853721619,61,103.40970349311829,61,103.85731148719788,61,104.27834749221802,61,104.71695041656494,61,105.05609273910522,61,105.38141775131226,61,105.81969141960144,61,106.24813580513,61,106.68051767349243,61,107.10315608978271,61,107.44152045249939,61,107.76665830612183,61,108.18047952651978,61,108.61162829399109,61,108.93452858924866,61,109.37217974662781,61,109.71086835861206,61,110.05152344703674,61,110.38956236839294,61,110.7297990322113,61,111.17097759246826,61,111.45449900627136,61,111.89287209510803,61,112.31475186347961,61,112.64374566078186,61,112.96936964988708,61,113.32117199897766,61,113.6326093673706,61,113.95660376548767,61,114.38604807853699,61,114.71557664871216,61,115.00842142105103,61,115.44558358192444,61,115.76751828193665,61,116.10937976837158,61,116.52418088912964,61,116.94007086753845,61,117.37380599975586,61,117.78752636909485,61,118.22237277030945,61,118.54552817344666,61,118.84081649780273,61,119.1663966178894,61,119.48757743835449,61,119.77117347717285,61,120.18197917938232,61,120.50203323364258,61,120.92815804481506,61,121.20897650718689,61,121.54205989837646,61,121.96715426445007,61,122.28448915481567,61,122.61593651771545,61,123.04730272293091,61,123.37053894996643,61,123.67307233810425,61,124.1039080619812,61,124.54684162139893,61,124.87205004692078,61,125.2153091430664,61,125.64899826049805,61,125.99221515655518,61,126.32314825057983,61,126.75998735427856,61,127.10973954200745,61,127.54730415344238,61,127.98604893684387,61,128.31462740898132,61,128.7511899471283,61,129.18034076690674,61,129.5977394580841,61,130.00972819328308,61,130.2930624485016,61,130.6347315311432,61,131.0747046470642,61,131.41813135147095,61,131.84946131706238,61,132.17703247070312,61,132.46270561218262,61,132.88195395469666,61,133.16751337051392,61,133.58666896820068,61,133.91272735595703,61,134.23873257637024,61,134.58505940437317,61,134.91435480117798,61,135.3506338596344,61,135.6375753879547,61,135.96656322479248,61,136.39723944664001,61,136.72111248970032,61,137.16371273994446,61,137.5769395828247,61,137.91741514205933,61,138.33078503608704,61,138.66248083114624,61,139.08536434173584,61,139.52657461166382,61,139.851642370224,61,140.2673854827881,61,140.61012840270996,61,141.02466416358948,61,141.45466351509094,61,141.78413152694702,61,142.06315565109253,61,142.39439702033997,61,142.82714223861694,61,143.23987817764282,61,143.58191466331482,61,144.0146679878235,61,144.33602213859558,61,144.76777410507202,61,145.09062361717224,61,145.512446641922,61,145.80910110473633,61,146.14617443084717,61,146.47949028015137,61,146.80084943771362,61,147.12294363975525,61,147.4436330795288,61,147.778742313385,61,148.08657813072205,61,148.36836743354797,61,148.69234704971313,61,149.01337885856628,61,149.43832683563232,61,149.7669506072998,61,150.20560359954834,61,150.6440305709839,61,151.0808801651001,61,151.40834617614746,61,151.74727582931519,61,152.07617735862732,61,152.52456831932068,61,152.95832705497742,61,153.30561542510986,61,153.74031233787537,61,154.06402897834778,61,154.51081323623657,61,154.8425750732422,61,155.27255868911743,61,155.69413828849792,61,156.138587474823,61,156.46948385238647,61,156.81426858901978,61,157.1580650806427,61,157.57823038101196,61,157.89968538284302,61,158.33957982063293,61,158.677316904068,61,159.00270819664001,61,159.3386526107788,61,159.67254495620728,61,160.01571130752563,61,160.4296109676361,61,160.8569037914276,61,161.27496361732483,61,161.61432766914368,61,162.0492012500763,61,162.46907234191895,61,162.9045374393463,61,163.22887706756592,61,163.56179976463318,61,163.99125862121582,61,164.3188054561615,61,164.65160965919495,61,164.94175028800964,61,165.27264285087585,61,165.61445999145508,61,165.90346765518188,61,166.22646737098694,61,166.54842138290405,61,166.96347856521606,61,167.28689312934875,61,167.61579751968384,61,167.93901753425598,61,168.28701615333557,61,168.7225432395935,61,169.04375672340393,61,169.3840353488922,61,169.72254276275635,61,170.1416530609131,61,170.57288718223572,61,171.0101933479309,61,171.34582448005676,61,171.7731204032898,61,172.19500994682312,61,172.54003620147705,61,172.88377618789673,61,173.31922388076782,61,173.73119807243347,61,174.17497444152832,61,174.50475907325745,61,174.84092140197754,61,175.26288199424744,61,175.60796189308167,61,175.93912291526794,61,176.37341046333313,61,176.81308841705322,61,177.24738144874573,61,177.57588577270508,61,178.0189564228058,61,178.4374918937683,61,178.8817765712738,61,179.22796726226807,61,179.5601315498352,61,179.97986793518066,61,180.31551790237427,61,180.6429808139801,61,180.93003702163696,61,181.26585912704468,61,181.69724941253662,61,182.1393220424652,61,182.47429275512695,61,182.80673694610596,61,183.12966203689575,61,183.45250749588013,61,183.78091168403625,61,184.1200294494629,61,184.56315422058105,61,184.8991572856903,61,185.32164764404297,61,185.65377187728882,61,186.08296155929565,61,186.4054777622223,61,186.72692799568176,61,187.06165027618408,61,187.48805713653564,61,187.9176299571991,61,188.34234499931335,61,188.77776956558228,61,189.20780038833618,61,189.53423476219177,61,189.97053933143616,61,190.25371313095093,61,190.58230471611023,61,190.86748957633972,61,191.20486569404602,61,191.52808237075806,61,191.85930371284485,61,192.19098734855652,61,192.51436853408813,61,192.93360662460327,61,193.2720537185669,61,193.60809588432312,61,194.0471408367157,61,194.465505361557,61,194.78947567939758,61,195.23129391670227,61,195.5620391368866,61,195.89347052574158,61,196.30923748016357,61,196.74304676055908,61,197.1891965866089,61,197.63214993476868,61,198.06422400474548,61,198.4048523902893,61,198.83897948265076,61,199.16248846054077,61,199.60052061080933,61,200.03780889511108,61,200.3657455444336,61,200.69019389152527,61,201.14161825180054,61,201.5572371482849,61,201.905375957489,61,202.32127618789673,61,202.60497188568115,61,203.04487919807434,61,203.3873906135559,61,203.8279037475586,61,204.1594204902649,61,204.5760109424591,61,204.8726577758789,61,205.29425573349,61,205.72981357574463,61,206.05706572532654,61,206.4912736415863,61,206.77606630325317,61,207.2013556957245,61,207.54822754859924,61,207.87871932983398,61,208.31607246398926,61,208.6050670146942,61,208.93118047714233,61,209.36331915855408,61,209.68880891799927,61,210.00889039039612,61,210.3554961681366,61,210.7879991531372,61,211.08307886123657,61,211.36655354499817,61,211.7971761226654,61,212.1266529560089,61,212.45032906532288,61,212.782395362854,61,213.21525287628174,61,213.62042832374573,61,213.96433091163635,61,214.38320922851562,61,214.72629737854004,61,215.06052589416504,61,215.34714102745056,61,215.68818998336792,61,216.12394332885742,61,216.46010541915894,61,216.90111374855042,61,217.23657894134521,61,217.65542006492615,61,218.09765625,61,218.42922949790955,61,218.85251641273499,61,219.28177571296692,61,219.69628739356995,61,220.1177294254303,61,220.52980542182922,61,220.9584925174713,61,221.4035632610321,61,221.81879949569702,61,222.14833045005798,61,222.58854722976685,61,222.9327483177185,61,223.3735773563385,61,223.70263671875,61,224.13232135772705,61,224.42228841781616,61,224.85691213607788,61,225.19695019721985,61,225.62577104568481,61,226.06214213371277,61,226.39729738235474,61,226.73695516586304,61,227.15388941764832,61,227.57003664970398,61,227.86005330085754,61,228.2774260044098,61,228.59856343269348,61,228.94099950790405,61,229.36099982261658,61,229.68480157852173,61,230.00631666183472,61,230.34915447235107,61,230.69808673858643,61,231.02204775810242,61,231.36117362976074,61,231.6894862651825,61,232.11370635032654,61,232.445476770401,61,232.87625002861023,61,233.2172930240631,61,233.6393723487854,61,233.97611045837402,61,234.29841089248657,61,234.73357844352722,61,235.06711411476135,61,235.4990255832672,61,235.94927549362183,61,236.39256405830383,61,236.81823015213013,61,237.26244282722473,61,237.70386743545532,61,238.04444003105164,61,238.4663107395172,61,238.80635809898376,61,239.14194703102112,61,239.57387399673462,61,239.92811512947083,61,240.2682478427887,61,240.6011607646942,61,241.0356421470642,61,241.34555649757385,61,241.78702116012573,61,242.20275616645813,61,242.5359399318695,61,242.96853852272034,61,243.4052381515503,61,243.82987666130066,61,244.24723291397095,61,244.58917546272278,61,244.9193024635315,61,245.24638080596924,61,245.5807363986969,61,245.8891110420227,61,246.21708059310913,61,246.5462453365326,61,246.87820291519165,61,247.21914911270142,61,247.55185317993164,61,247.88358116149902,61,248.31054759025574,61,248.59595656394958,61,248.92888927459717,61,249.36692357063293,61,249.65053391456604,61,250.0916714668274,61,250.4165165424347,61,250.85232210159302,61,251.27763509750366,61,251.56250047683716,61,251.98535203933716,61,252.4185926914215,61,252.8594970703125,61,253.20260787010193,61,253.6415891647339,61,254.07066369056702,61,254.4001784324646,61,254.82789087295532,61,255.24627900123596,61,255.58672165870667,61,256.02494525909424,61,256.46241569519043,61,256.9060835838318,61,257.2577385902405,61,257.59091210365295,61,257.9336905479431,61,258.36710262298584,61,258.6718838214874,61,258.9975709915161,61,259.44676089286804,61,259.88778591156006,61,260.2272129058838,61,260.5611743927002,61,260.8869369029999,61,261.21703600883484,61,261.6600024700165,61,262.0911765098572,61,262.50008392333984,61,262.8229875564575,61,263.1445426940918,61,263.4519076347351,61,263.75698590278625,61,264.07909893989563,61,264.4185211658478,61,264.8548276424408,61,265.278116941452,61,265.55790734291077,61,265.8993306159973,61,266.2235178947449,61,266.5440983772278,61,266.8658196926117,61,267.2938277721405,61,267.7095956802368,61,268.1442222595215,61,268.46382570266724,61,268.7840585708618,61,269.11195707321167,61,269.54713344573975,61,269.97253680229187,61,270.2530379295349,61,270.6903772354126,61,271.12013506889343,61,271.4034388065338,61,271.85002875328064,61,272.2720513343811,61,272.71198868751526,61,273.1364793777466,61,273.4784598350525,61,273.7688457965851,61,274.05598545074463,61,274.4712610244751,61,274.89183044433594,61,275.17820167541504,61,275.58820605278015,61,275.98986864089966,61,276.40263175964355,61,276.6936194896698,61,277.105562210083,61,277.42668104171753,61,277.84135222435,61,278.1609902381897,61,278.4699053764343,61,278.7538743019104,61,279.16601634025574,61,279.6015155315399,61,280.0296812057495,61,280.4688925743103,61,280.89193868637085,61,281.1730229854584,61,281.46801471710205,61,281.8079981803894,61,282.243084192276,61,282.5850079059601,61,282.95341396331787,61,283.26232051849365,61,283.67712211608887,61,284.1172513961792,61,284.44860458374023,61,284.77510809898376,61,285.19862508773804,61,285.6191418170929,61,286.04023790359497,61,286.36196732521057,61,286.6853518486023,61,287.011212348938,61,287.43868589401245,61,287.8710300922394,61,288.21088314056396,61,288.5363714694977,61,288.878785610199,61,289.2017333507538,61,289.5370635986328,61,289.8633942604065,61,290.29500126838684,61,290.58713006973267,61,291.00280952453613,61,291.3266980648041,61,291.74114656448364,61,292.07048630714417,61,292.40887546539307,61,292.8255310058594,61,293.1092848777771,61,293.42074275016785,61,293.84137296676636,61,294.27533650398254,61,294.597131729126,61,295.0214099884033,61,295.4448013305664,61,295.7729079723358,61,296.11020374298096,61,296.4345896244049,61,296.7511565685272,61,297.1913959980011,61,297.51230812072754,61,297.8406240940094,61,298.2703425884247,61,298.61396884918213,61,299.04240798950195,61,299.3188896179199,61,299.65068769454956,61,300.04159712791443
2,random graphs/big_layer/r1.5k12n8/graph2.lgbin,211121,290.1411895751953,39,109,0,50,0.39649510383605957,41,0.6948032379150391,39,3.05745792388916,39,3.362445592880249,39,3.805800676345825,39,4.114931583404541,39,4.559877634048462,39,4.8603973388671875,39,5.299694538116455,39,5.587653875350952,39,6.026077032089233,39,6.473853349685669,39,6.9097795486450195,39,7.348612546920776,39,7.785305976867676,39,8.198808431625366,39,8.645914077758789,39,8.946328401565552,39,9.388345718383789,39,9.706525802612305,39,10.040727376937866,39,10.474668502807617,39,10.917369842529297,39,11.223038673400879,39,11.670495748519897,39,12.066263198852539,39,12.36516523361206,39,12.673939943313599,39,13.112964153289795,39,13.417144060134888,39,13.710129022598267,39,14.143337726593018,39,14.565837383270264,39,15.001073122024536,39,15.35577130317688,39,15.71311354637146,39,16.013874292373657,39,16.448838472366333,39,16.883662939071655,39,17.196857213974,39,17.632862091064453,39,18.07412028312683,39,18.509549140930176,39,18.81792449951172,39,19.25494408607483,39,19.56313967704773,39,20.00409460067749,39,20.304542779922485,39,20.737711429595947,39,21.008699417114258,39,21.44171953201294,39,21.75020694732666,39,22.05113387107849,39,22.356635093688965,39,22.791413068771362,39,23.169262409210205,39,23.609145641326904,39,23.929019689559937,39,24.24477791786194,39,24.698779582977295,39,25.14466881752014,39,25.57637906074524,39,25.951662063598633,39,26.389052152633667,39,26.829764127731323,39,27.137842178344727,39,27.430855989456177,39,27.8551082611084,39,28.28968095779419,39,28.728174448013306,39,29.086469173431396,39,29.37957525253296,39,29.728686809539795,39,30.04444122314453,39,30.479995012283325,39,30.77026057243347,39,31.19998264312744,39,31.495813846588135,39,31.81618046760559,39,32.12721371650696,39,32.563828468322754,39,32.832863092422485,39,33.19254684448242,39,33.62001156806946,39,33.93041682243347,39,34.29081654548645,39,34.73354744911194,39,35.1787486076355,39,35.61279606819153,39,35.8834285736084,39,36.242772817611694,39,36.6807906627655,39,37.113889932632446,39,37.469335079193115,39,37.782801389694214,39,38.080055952072144,39,38.51711416244507,39,38.88606357574463,39,39.17899417877197,39,39.619550466537476,39,39.92107057571411,39,40.35474729537964,39,40.662879943847656,39,41.10557317733765,39,41.540122509002686,39,41.97570061683655,39,42.400901079177856,39,42.831233501434326,39,43.20820474624634,39,43.642767906188965,39,43.95520281791687,39,44.26507091522217,39,44.6237359046936,39,44.93403244018555,39,45.37288737297058,39,45.80820345878601,39,46.24724268913269,39,46.56384468078613,39,47.001484394073486,39,47.365397214889526,39,47.79180431365967,39,48.24848031997681,39,48.566282749176025,39,48.946300745010376,39,49.30113101005554,39,49.74965262413025,39,50.05472254753113,39,50.50151968002319,39,50.93348407745361,39,51.243955850601196,39,51.681138038635254,39,52.04456448554993,39,52.47583246231079,39,52.915672302246094,39,53.223336935043335,39,53.52517366409302,39,53.96050834655762,39,54.39222311973572,39,54.81796383857727,39,55.250876903533936,39,55.69231986999512,39,55.98482918739319,39,56.266180753707886,39,56.69966387748718,39,57.14491319656372,39,57.58188533782959,39,57.89135146141052,39,58.19566822052002,39,58.49111866950989,39,58.80160450935364,39,59.09251809120178,39,59.53269386291504,39,59.97353386878967,39,60.413440227508545,39,60.84286379814148,39,61.15615940093994,39,61.5971577167511,39,61.909412145614624,39,62.34654521942139,39,62.65239930152893,39,63.095630407333374,39,63.39894366264343,39,63.69592094421387,39,63.9942569732666,39,64.30665993690491,39,64.58008861541748,39,64.89217829704285,39,65.26740860939026,39,65.57475423812866,39,65.89265465736389,39,66.32782411575317,39,66.77154397964478,39,67.20577001571655,39,67.64930367469788,39,67.92425227165222,39,68.38798642158508,39,68.82668566703796,39,69.25979423522949,39,69.62427997589111,39,69.89996337890625,39,70.33837485313416,39,70.77973914146423,39,71.07276153564453,39,71.52063798904419,39,71.8154809474945,39,72.11879754066467,39,72.55099177360535,39,72.86203217506409,39,73.31033658981323,39,73.75086903572083,39,74.05288529396057,39,74.49480509757996,39,74.94674348831177,39,75.26485514640808,39,75.54983305931091,39,75.98795866966248,39,76.30136156082153,39,76.72991728782654,39,77.17994213104248,39,77.59345078468323,39,78.0255937576294,39,78.38788151741028,39,78.8319640159607,39,79.27052998542786,39,79.71479892730713,39,80.03110146522522,39,80.47242283821106,39,80.83393001556396,39,81.12725758552551,39,81.51594567298889,39,81.97152400016785,39,82.41608357429504,39,82.8473436832428,39,83.28493189811707,39,83.60164666175842,39,84.03227114677429,39,84.47621989250183,39,84.75562953948975,39,85.05644679069519,39,85.41888213157654,39,85.72719359397888,39,86.11411476135254,39,86.55553913116455,39,86.99875044822693,39,87.43776750564575,39,87.86713075637817,39,88.17431616783142,39,88.61422300338745,39,88.91802453994751,39,89.35627937316895,39,89.78172707557678,39,90.07929372787476,39,90.52295565605164,39,90.96389269828796,39,91.27915811538696,39,91.58403658866882,39,92.0389199256897,39,92.34898138046265,39,92.65768933296204,39,92.96944880485535,39,93.27426266670227,39,93.71368408203125,39,94.15664792060852,39,94.58889245986938,39,94.98811721801758,39,95.417733669281,39,95.72945857048035,39,96.16271448135376,39,96.52034211158752,39,96.93953514099121,39,97.24603462219238,39,97.55771327018738,39,97.8539388179779,39,98.28686285018921,39,98.63883399963379,39,99.00791454315186,39,99.44759345054626,39,99.76041865348816,39,100.19863796234131,39,100.64509439468384,39,100.9427878856659,39,101.38307094573975,39,101.8185293674469,39,102.2531533241272,39,102.68859839439392,39,102.99151158332825,39,103.3000876903534,39,103.73213219642639,39,104.0335624217987,39,104.47467970848083,39,104.9138114452362,39,105.35508704185486,39,105.72130012512207,39,106.08451104164124,39,106.51187467575073,39,106.81836295127869,39,107.12672758102417,39,107.55536150932312,39,107.85925126075745,39,108.21504092216492,39,108.65365099906921,39,109.08763456344604,39,109.38648200035095,39,109.70808482170105,39,110.01363039016724,39,110.44238758087158,39,110.8818895816803,39,111.32336759567261,39,111.64683747291565,39,111.94877099990845,39,112.40211844444275,39,112.84188485145569,39,113.27299571037292,39,113.58233070373535,39,113.88816952705383,39,114.18403387069702,39,114.48801875114441,39,114.79022526741028,39,115.23233389854431,39,115.5346987247467,39,115.98075771331787,39,116.27362298965454,39,116.59539151191711,39,117.05236411094666,39,117.33994054794312,39,117.65177965164185,39,118.01807117462158,39,118.45511054992676,39,118.7720537185669,39,119.107337474823,39,119.54728317260742,39,119.98637342453003,39,120.42378306388855,39,120.87614035606384,39,121.3174660205841,39,121.77195858955383,39,122.22092247009277,39,122.52734899520874,39,122.88369584083557,39,123.33072900772095,39,123.64206051826477,39,124.08835864067078,39,124.54284167289734,39,124.85463070869446,39,125.29080653190613,39,125.72619390487671,39,126.15597629547119,39,126.59510517120361,39,126.9138195514679,39,127.36120462417603,39,127.81158328056335,39,128.2455611228943,39,128.64184999465942,39,129.08614659309387,39,129.39599108695984,39,129.76437854766846,39,130.0611047744751,39,130.51642179489136,39,130.95887923240662,39,131.26072931289673,39,131.57016968727112,39,131.86867690086365,39,132.18744349479675,39,132.63869762420654,39,133.07788038253784,39,133.34979915618896,39,133.66944479942322,39,134.11045742034912,39,134.4700219631195,39,134.78093004226685,39,135.22407388687134,39,135.6584746837616,39,136.09542870521545,39,136.41179656982422,39,136.72820568084717,39,137.09746932983398,39,137.3928461074829,39,137.70163989067078,39,138.06300115585327,39,138.37572932243347,39,138.73744535446167,39,139.03510165214539,39,139.4832751750946,39,139.79718852043152,39,140.2471466064453,39,140.56319093704224,39,141.00313186645508,39,141.36377716064453,39,141.68685698509216,39,142.1290476322174,39,142.57329416275024,39,143.01817440986633,39,143.46780037879944,39,143.89829468727112,39,144.1973831653595,39,144.50815606117249,39,144.94624066352844,39,145.3880364894867,39,145.8272659778595,39,146.27189588546753,39,146.70740509033203,39,147.1428666114807,39,147.4362289905548,39,147.73789238929749,39,148.04997205734253,39,148.475252866745,39,148.77578997612,39,149.07844853401184,39,149.39103937149048,39,149.76009798049927,39,150.0902783870697,39,150.53103828430176,39,150.83958840370178,39,151.14663338661194,39,151.58516550064087,39,152.0193474292755,39,152.465637922287,39,152.77853155136108,39,153.22357487678528,39,153.519140958786,39,153.9583990573883,39,154.4052438735962,39,154.70313048362732,39,155.01179599761963,39,155.3673539161682,39,155.80358409881592,39,156.24289846420288,39,156.59985661506653,39,156.90747380256653,39,157.2746434211731,39,157.7027039527893,39,158.15202975273132,39,158.59483218193054,39,159.03706645965576,39,159.48994183540344,39,159.93074703216553,39,160.21715450286865,39,160.65932869911194,39,161.04549765586853,39,161.4129717350006,39,161.72173428535461,39,162.03743076324463,39,162.35356950759888,39,162.81006503105164,39,163.1094105243683,39,163.40562081336975,39,163.7125949859619,39,164.0179522037506,39,164.45654344558716,39,164.7703013420105,39,165.0683844089508,39,165.4571180343628,39,165.76961970329285,39,166.0640811920166,39,166.51409006118774,39,166.82397150993347,39,167.13965463638306,39,167.50382375717163,39,167.95003414154053,39,168.32258820533752,39,168.76935338974,39,169.13509845733643,39,169.50125551223755,39,169.83346605300903,39,170.13965678215027,39,170.4405906200409,39,170.89540028572083,39,171.1796600818634,39,171.6254632472992,39,172.06909012794495,39,172.5162410736084,39,172.9462010860443,39,173.39417028427124,39,173.7577896118164,39,174.21089959144592,39,174.52406430244446,39,174.83608627319336,39,175.22239923477173,39,175.6658251285553,39,175.97589564323425,39,176.28456258773804,39,176.73217868804932,39,177.10490894317627,39,177.54347586631775,39,177.9818856716156,39,178.43111371994019,39,178.73458552360535,39,179.17822432518005,39,179.6361210346222,39,179.94489312171936,39,180.37991428375244,39,180.65715646743774,39,180.971355676651,39,181.40078473091125,39,181.8422486782074,39,182.283851146698,39,182.72429180145264,39,183.0303511619568,39,183.47137928009033,39,183.93331742286682,39,184.38153624534607,39,184.74213767051697,39,185.17918920516968,39,185.61991715431213,39,185.93341183662415,39,186.3864781856537,39,186.8235092163086,39,187.10984134674072,39,187.55974125862122,39,187.99922466278076,39,188.30686688423157,39,188.74294590950012,39,189.0621154308319,39,189.3641586303711,39,189.67521858215332,39,190.12209558486938,39,190.5631217956543,39,191.00754404067993,39,191.31593132019043,39,191.63016200065613,39,192.07345509529114,39,192.3522002696991,39,192.78454566001892,39,193.21686601638794,39,193.66767954826355,39,193.98718070983887,39,194.44185876846313,39,194.85260796546936,39,195.1624050140381,39,195.60682272911072,39,196.04871225357056,39,196.36297607421875,39,196.67237186431885,39,196.95267605781555,39,197.26360368728638,39,197.58109784126282,39,198.024254322052,39,198.33674669265747,39,198.76838564872742,39,199.20760250091553,39,199.5178279876709,39,199.96637296676636,39,200.41395783424377,39,200.695796251297,39,201.14092588424683,39,201.4401593208313,39,201.755108833313,39,202.06631445884705,39,202.5023684501648,39,202.94764828681946,39,203.2498173713684,39,203.70123171806335,39,204.14316534996033,39,204.5066783428192,39,204.9527087211609,39,205.2267985343933,39,205.50498580932617,39,205.78744888305664,39,206.21357345581055,39,206.54763078689575,39,206.81857180595398,39,207.26214623451233,39,207.61297726631165,39,207.93476819992065,39,208.38189482688904,39,208.82092118263245,39,209.26207494735718,39,209.7040696144104,39,210.01181817054749,39,210.3940131664276,39,210.6872022151947,39,211.1237232685089,39,211.56630301475525,39,212.01273775100708,39,212.46816968917847,39,212.89175295829773,39,213.29734587669373,39,213.60323429107666,39,213.90842628479004,39,214.2179982662201,39,214.59870028495789,39,215.0454397201538,39,215.50325632095337,39,215.82979345321655,39,216.27525925636292,39,216.57109451293945,39,216.93413853645325,39,217.36414003372192,39,217.6756739616394,39,218.11983561515808,39,218.40515661239624,39,218.85221529006958,39,219.30721378326416,39,219.7476463317871,39,220.17659449577332,39,220.61781644821167,39,220.93250036239624,39,221.29213309288025,39,221.7399401664734,39,222.05460119247437,39,222.37423539161682,39,222.80877161026,39,223.2477834224701,39,223.55417799949646,39,223.86255812644958,39,224.30284094810486,39,224.74585509300232,39,225.17879700660706,39,225.54037380218506,39,225.8567669391632,39,226.30255031585693,39,226.6068456172943,39,227.0644245147705,39,227.37456464767456,39,227.69704747200012,39,228.01318550109863,39,228.44430923461914,39,228.8833041191101,39,229.32080340385437,39,229.77453756332397,39,230.21146440505981,39,230.6505265235901,39,231.0903558731079,39,231.40858125686646,39,231.68341445922852,39,231.97676610946655,39,232.41342520713806,39,232.8582968711853,39,233.29569816589355,39,233.74079394340515,39,234.18064665794373,39,234.50412344932556,39,234.86727690696716,39,235.31643414497375,39,235.60797357559204,39,235.91118216514587,39,236.3459188938141,39,236.64417123794556,39,237.08355116844177,39,237.3913962841034,39,237.6853883266449,39,238.12149858474731,39,238.5747458934784,39,239.0219087600708,39,239.33085083961487,39,239.63320970535278,39,240.00648307800293,39,240.44887471199036,39,240.75750875473022,39,241.19293546676636,39,241.50556206703186,39,241.9447340965271,39,242.4036066532135,39,242.8508861064911,39,243.21645140647888,39,243.5192437171936,39,243.97642755508423,39,244.28629422187805,39,244.74135637283325,39,245.1045081615448,39,245.5640947818756,39,245.86627650260925,39,246.17356038093567,39,246.48756170272827,39,246.7833387851715,39,247.22727465629578,39,247.52393507957458,39,247.8356418609619,39,248.2724425792694,39,248.7153980731964,39,249.02638459205627,39,249.4805178642273,39,249.8014109134674,39,250.25541067123413,39,250.68831658363342,39,251.142249584198,39,251.50769138336182,39,251.87594842910767,39,252.1864514350891,39,252.6379132270813,39,253.09128427505493,39,253.4730942249298,39,253.8575611114502,39,254.30642318725586,39,254.75835394859314,39,255.18001914024353,39,255.62394285202026,39,255.98676753044128,39,256.3048720359802,39,256.62246775627136,39,256.93928480148315,39,257.36768198013306,39,257.80056524276733,39,258.22939348220825,39,258.6660313606262,39,259.095360994339,39,259.40376472473145,39,259.7178521156311,39,260.1571536064148,39,260.4504783153534,39,260.7635748386383,39,261.0757510662079,39,261.51232528686523,39,261.94764399528503,39,262.38489747047424,39,262.68702268600464,39,263.04287004470825,39,263.3344156742096,39,263.77818155288696,39,264.2281219959259,39,264.5335690975189,39,264.83164167404175,39,265.2733030319214,39,265.7087137699127,39,265.9866371154785,39,266.3488187789917,39,266.65874576568604,39,267.1089668273926,39,267.5629153251648,39,268.00245809555054,39,268.44455790519714,39,268.75130105018616,39,269.0662112236023,39,269.51610350608826,39,269.8821339607239,39,270.31486558914185,39,270.76122546195984,39,271.03293323516846,39,271.48014998435974,39,271.92790055274963,39,272.3741121292114,39,272.65815782546997,39,272.97270107269287,39,273.4126150608063,39,273.7172484397888,39,274.1654257774353,39,274.4738612174988,39,274.8553297519684,39,275.1680541038513,39,275.4673955440521,39,275.89473271369934,39,276.1683897972107,39,276.46388387680054,39,276.8306155204773,39,277.28713035583496,39,277.60389828681946,39,278.05025362968445,39,278.4909656047821,39,278.7974970340729,39,279.23872113227844,39,279.68971967697144,39,280.12575507164,39,280.4467508792877,39,280.89337968826294,39,281.3379318714142,39,281.7763583660126,39,282.2211272716522,39,282.6542499065399,39,282.9647455215454,39,283.2574636936188,39,283.69616866111755,39,284.00136137008667,39,284.31325459480286,39,284.67199444770813,39,284.9724090099335,39,285.41268730163574,39,285.8519854545593,39,286.2866289615631,39,286.6061065196991,39,286.90466833114624,39,287.2047049999237,39,287.64216136932373,39,288.07647943496704,39,288.396511554718,39,288.7156274318695,39,289.15169191360474,39,289.59368991851807,39,289.9011347293854,39,290.18601870536804,39,290.62501215934753,39,290.90406131744385,39,291.33464217185974,39,291.7829079627991,39,292.2218210697174,39,292.65092611312866,39,293.09183740615845,39,293.5368101596832,39,293.96645975112915,39,294.2740478515625,39,294.5820302963257,39,295.0160183906555,39,295.32846546173096,39,295.767121553421,39,296.20592212677,39,296.5674378871918,39,297.00755429267883,39,297.4393358230591,39,297.75550842285156,39,298.0586738586426,39,298.5160701274872,39,298.9632098674774,39,299.3270351886749,39,299.76479840278625,39,300.0235095024109
3,random graphs/big_layer/r1.5k12n8/graph3.lgbin,211121,293.42349553108215,65,146,0,69,0.4332704544067383,65,1.338724136352539,65,1.6266300678253174,65,2.4361519813537598,65,2.720919132232666,65,3.521578550338745,65,3.8065450191497803,65,4.63056492805481,65,4.91162896156311,65,5.708902835845947,65,5.9819252490997314,65,6.257241725921631,65,7.062767505645752,65,7.32302188873291,65,7.570016860961914,65,7.911797046661377,65,8.189066171646118,65,8.515445709228516,65,9.330171823501587,65,10.136419534683228,65,10.409412384033203,65,10.674650192260742,65,11.122648000717163,65,11.926390886306763,65,12.204203605651855,65,13.012393474578857,65,13.263890027999878,65,14.08070707321167,65,14.895490646362305,65,15.700905323028564,65,15.979616165161133,65,16.77896213531494,65,17.595226526260376,65,18.04664635658264,65,18.87397289276123,65,19.70495891571045,65,19.958996057510376,65,20.238805055618286,65,21.042404651641846,65,21.86246371269226,65,22.685660362243652,65,22.955326557159424,65,23.210572242736816,65,23.47050714492798,65,23.74296998977661,65,24.54998517036438,65,25.36856746673584,65,26.176100254058838,65,26.458321571350098,65,26.73189902305603,65,27.5482280254364,65,28.34917163848877,65,28.62099599838257,65,29.430124759674072,65,29.714884281158447,65,30.520148515701294,65,31.344891786575317,65,32.14728093147278,65,32.5176043510437,65,32.79338335990906,65,33.0694625377655,65,33.87988519668579,65,34.69861650466919,65,34.978187561035156,65,35.2587513923645,65,35.53176689147949,65,35.81342339515686,65,36.64766454696655,65,37.46948432922363,65,38.283007860183716,65,38.55497121810913,65,38.83128046989441,65,39.18008589744568,65,40.00825643539429,65,40.81912803649902,65,41.633952140808105,65,41.917500734329224,65,42.74110460281372,65,43.02417707443237,65,43.83178639411926,65,44.09808397293091,65,44.91922354698181,65,45.18019962310791,65,45.50574254989624,65,46.336042165756226,65,47.15415048599243,65,47.44522285461426,65,47.71044683456421,65,47.98469614982605,65,48.81381177902222,65,49.10680413246155,65,49.94055485725403,65,50.22872567176819,65,50.500946044921875,65,50.776843786239624,65,51.05049157142639,65,51.88144826889038,65,52.7115261554718,65,52.99131369590759,65,53.82488250732422,65,54.111921072006226,65,54.39284300804138,65,54.68635582923889,65,54.96095418930054,65,55.25388550758362,65,56.06847381591797,65,56.90102505683899,65,57.175464391708374,65,57.46966075897217,65,58.29860854148865,65,59.137861251831055,65,59.97542905807495,65,60.805562019348145,65,61.63596987724304,65,62.44973921775818,65,63.26739192008972,65,63.55886435508728,65,64.37086844444275,65,65.18864703178406,65,65.99715161323547,65,66.27953886985779,65,67.09802865982056,65,67.90304040908813,65,68.17615175247192,65,68.98113417625427,65,69.25991582870483,65,70.06571054458618,65,70.88048076629639,65,71.68604946136475,65,72.49228000640869,65,72.82319736480713,65,73.11479544639587,65,73.93765091896057,65,74.74823808670044,65,75.20495247840881,65,75.50050067901611,65,76.3246066570282,65,77.14814019203186,65,77.97466731071472,65,78.7868332862854,65,79.60123634338379,65,79.88364219665527,65,80.1593644618988,65,80.43029618263245,65,81.25043630599976,65,82.06612086296082,65,82.3502128124237,65,83.1621265411377,65,83.9773588180542,65,84.27214479446411,65,84.55410480499268,65,84.82755208015442,65,85.64615058898926,65,85.92496180534363,65,86.18341016769409,65,86.9975733757019,65,87.82019114494324,65,88.10205149650574,65,88.37586975097656,65,89.18702936172485,65,90.00075435638428,65,90.2854859828949,65,90.55809426307678,65,90.91025352478027,65,91.72467255592346,65,92.5294988155365,65,93.33325433731079,65,94.14058303833008,65,94.41324257850647,65,95.23445272445679,65,95.5188570022583,65,96.32941174507141,65,96.78527545928955,65,97.06618666648865,65,97.88267517089844,65,98.69660377502441,65,98.94830346107483,65,99.77194309234619,65,100.05338931083679,65,100.51957201957703,65,100.80832839012146,65,101.63642573356628,65,102.45553541183472,65,103.26999282836914,65,103.53265881538391,65,103.80563497543335,65,104.6191017627716,65,104.89166688919067,65,105.70622181892395,65,105.9875226020813,65,106.79976415634155,65,107.07552647590637,65,107.35251879692078,65,107.6257791519165,65,107.9004545211792,65,108.15985250473022,65,108.96532487869263,65,109.24295473098755,65,109.53122901916504,65,109.8039379119873,65,110.07649850845337,65,110.8771562576294,65,111.69203925132751,65,112.51718974113464,65,113.3433997631073,65,114.1651177406311,65,114.98675036430359,65,115.80510187149048,65,116.08298444747925,65,116.42877650260925,65,116.70576214790344,65,117.495760679245,65,117.77872014045715,65,118.57445955276489,65,119.36693835258484,65,119.68601560592651,65,119.96114468574524,65,120.40174841880798,65,121.19785714149475,65,122.00145602226257,65,122.80567979812622,65,123.08151984214783,65,123.35535097122192,65,123.70438313484192,65,123.9975016117096,65,124.79988288879395,65,125.59591889381409,65,125.88467168807983,65,126.16654014587402,65,126.51813387870789,65,126.84481310844421,65,127.11086344718933,65,127.90423011779785,65,128.71001315116882,65,129.51654291152954,65,129.8692147731781,65,130.16317868232727,65,130.44372510910034,65,130.70929765701294,65,131.52900552749634,65,131.79752588272095,65,132.0834403038025,65,132.89869666099548,65,133.2615909576416,65,134.07241010665894,65,134.33320927619934,65,135.13019180297852,65,135.94275760650635,65,136.21442532539368,65,136.57043147087097,65,137.3850302696228,65,137.63433456420898,65,137.8986303806305,65,138.165025472641,65,138.9572491645813,65,139.75567722320557,65,140.05023622512817,65,140.85261702537537,65,141.1197006702423,65,141.39429450035095,65,142.1909294128418,65,142.47538709640503,65,143.27619194984436,65,143.53857827186584,65,143.81140089035034,65,144.61506819725037,65,145.4309527873993,65,145.70884895324707,65,145.98001408576965,65,146.79045748710632,65,147.03880190849304,65,147.3092532157898,65,147.6664891242981,65,147.9260857105255,65,148.2797510623932,65,148.57245087623596,65,148.83842754364014,65,149.12246704101562,65,149.40155172348022,65,150.20519971847534,65,150.4826364517212,65,151.2806146144867,65,151.54664063453674,65,152.001886844635,65,152.81315779685974,65,153.09726572036743,65,153.91296577453613,65,154.19135427474976,65,154.46474838256836,65,155.27071452140808,65,155.55032110214233,65,155.8152620792389,65,156.615562915802,65,157.41966247558594,65,158.23202633857727,65,158.51510429382324,65,158.7658929824829,65,159.57463955879211,65,159.8478262424469,65,160.65382361412048,65,161.46391463279724,65,162.26548027992249,65,162.54468059539795,65,162.89754486083984,65,163.17829871177673,65,163.4360806941986,65,164.24292922019958,65,164.5846302509308,65,164.93548154830933,65,165.21043157577515,65,166.02144622802734,65,166.38475728034973,65,166.6769256591797,65,166.94557809829712,65,167.75221753120422,65,168.55642890930176,65,169.3743371963501,65,169.65179896354675,65,170.44845342636108,65,171.24966669082642,65,172.0707883834839,65,172.87289929389954,65,173.68022084236145,65,173.97173309326172,65,174.77630352973938,65,175.5791471004486,65,176.39433097839355,65,177.19959211349487,65,178.01419258117676,65,178.8176782131195,65,179.09355688095093,65,179.3618402481079,65,180.16662549972534,65,180.44674134254456,65,180.88976550102234,65,181.16208004951477,65,181.97311997413635,65,182.22456693649292,65,183.03236389160156,65,183.32032823562622,65,183.6078097820282,65,183.85407376289368,65,184.1259903907776,65,184.40217566490173,65,185.21579027175903,65,185.47560739517212,65,185.7261745929718,65,185.99297308921814,65,186.26246762275696,65,186.54301404953003,65,187.3588206768036,65,187.69676566123962,65,188.51580595970154,65,189.33026027679443,65,189.60984063148499,65,190.4281988143921,65,190.69794416427612,65,190.99120092391968,65,191.2685787677765,65,192.07500171661377,65,192.35361194610596,65,192.63223838806152,65,192.9061403274536,65,193.17246079444885,65,193.97559022903442,65,194.77939224243164,65,195.0669994354248,65,195.33522057533264,65,195.60488867759705,65,195.87467789649963,65,196.1449580192566,65,196.9528317451477,65,197.75996780395508,65,198.5764672756195,65,198.85773491859436,65,199.6690149307251,65,200.47534227371216,65,200.7517876625061,65,201.21227478981018,65,202.02541494369507,65,202.3161060810089,65,202.59397554397583,65,203.39931464195251,65,204.20639419555664,65,205.0092089176178,65,205.2982578277588,65,205.75970315933228,65,206.57079792022705,65,206.8533158302307,65,207.6643249988556,65,208.482901096344,65,209.28869128227234,65,210.1045627593994,65,210.38422060012817,65,210.66475868225098,65,210.94436883926392,65,211.2143042087555,65,211.4686141014099,65,212.27023673057556,65,212.592511177063,65,212.8702793121338,65,213.14537644386292,65,213.95240545272827,65,214.2395966053009,65,215.04850721359253,65,215.48973488807678,65,215.77635383605957,65,216.59031796455383,65,217.40713119506836,65,218.22322630882263,65,218.5045108795166,65,219.3149073123932,65,219.60087060928345,65,219.87632513046265,65,220.6824734210968,65,220.95818066596985,65,221.21953558921814,65,222.0341091156006,65,222.31042909622192,65,222.57243013381958,65,223.3822422027588,65,223.63494443893433,65,224.4383089542389,65,224.71173191070557,65,224.98570919036865,65,225.78124403953552,65,226.579669713974,65,226.86326909065247,65,227.1330647468567,65,227.93348717689514,65,228.73958659172058,65,229.02240371704102,65,229.3014235496521,65,229.5861039161682,65,229.83656239509583,65,230.1068480014801,65,230.91331672668457,65,231.20056700706482,65,231.47383832931519,65,231.7372968196869,65,232.00898933410645,65,232.82503581047058,65,233.174809217453,65,233.98650407791138,65,234.78646302223206,65,235.23553347587585,65,236.04612183570862,65,236.30327773094177,65,236.5588665008545,65,237.37013912200928,65,238.17545437812805,65,238.45272088050842,65,238.70408821105957,65,238.97931504249573,65,239.25083947181702,65,239.52785444259644,65,239.80045628547668,65,240.609872341156,65,241.42433714866638,65,242.24140620231628,65,243.06553721427917,65,243.34208917617798,65,243.61104249954224,65,244.4232485294342,65,245.23880863189697,65,246.06515169143677,65,246.87805271148682,65,247.15593028068542,65,247.43262839317322,65,248.2418532371521,65,248.5233874320984,65,248.7935914993286,65,249.61282467842102,65,250.06791257858276,65,250.89973878860474,65,251.70587944984436,65,252.51673483848572,65,252.88249135017395,65,253.14375257492065,65,253.49365544319153,65,253.7772786617279,65,254.03341054916382,65,254.30367064476013,65,255.12440061569214,65,255.95055556297302,65,256.2409358024597,65,257.05623149871826,65,257.87299060821533,65,258.6834125518799,65,258.9655773639679,65,259.24187660217285,65,259.53200221061707,65,260.3537302017212,65,260.6160068511963,65,260.8908438682556,65,261.1671140193939,65,261.45562863349915,65,262.26811504364014,65,263.0931041240692,65,263.90715765953064,65,264.1804494857788,65,264.99401330947876,65,265.25089263916016,65,265.53769731521606,65,265.9883322715759,65,266.79965257644653,65,267.61927676200867,65,267.9118764400482,65,268.23362398147583,65,268.51867628097534,65,269.3299391269684,65,269.6102955341339,65,270.4263331890106,65,270.71965742111206,65,270.99164748191833,65,271.26769828796387,65,272.0726683139801,65,272.3503532409668,65,272.623740196228,65,272.8947768211365,65,273.15240025520325,65,273.97429037094116,65,274.26749753952026,65,274.55133867263794,65,274.82857847213745,65,275.6365647315979,65,276.4503245353699,65,276.8056330680847,65,277.62979388237,65,278.45282220840454,65,278.8076014518738,65,279.08965516090393,65,279.9036557674408,65,280.1832776069641,65,280.4571967124939,65,280.732079744339,65,281.5412917137146,65,281.8191628456116,65,282.09015226364136,65,282.90001225471497,65,283.7098443508148,65,284.531809091568,65,285.34332513809204,65,286.1593773365021,65,286.43871426582336,65,287.25814485549927,65,287.71783232688904,65,288.0092296600342,65,288.82311940193176,65,289.16500306129456,65,289.99163126945496,65,290.80499386787415,65,291.0869107246399,65,291.3623330593109,65,291.6351315975189,65,292.4479486942291,65,292.73878931999207,65,293.55455684661865,65,293.8367292881012,65,294.6516351699829,65,294.90780663490295,65,295.72140526771545,65,296.5405361652374,65,297.34734749794006,65,297.6256833076477,65,298.43714237213135,65,298.72796869277954,65,299.0178303718567,65,299.27634263038635,65,300.02144980430603
4,random graphs/big_layer/r1.5k12n8/graph4.lgbin,211121,283.8517732620239,64,147,0,93,0.3754086494445801,69,0.5799820423126221,64,0.9407002925872803,64,1.1535234451293945,64,1.4004456996917725,64,1.6173410415649414,64,1.830920934677124,64,2.0787394046783447,64,2.3355937004089355,64,2.539882183074951,64,2.794842481613159,64,3.0038506984710693,64,3.253274917602539,64,3.509989023208618,64,3.881990432739258,64,4.092065811157227,64,4.344912767410278,64,4.552236080169678,64,4.950979948043823,64,5.199435234069824,64,5.453974008560181,64,5.710644721984863,64,6.060706615447998,64,6.271422863006592,64,6.65713906288147,64,7.01313853263855,64,7.221017837524414,64,7.475506544113159,64,7.7234885692596436,64,7.978094100952148,64,8.18465542793274,64,8.438427686691284,64,8.693516492843628,64,8.949617862701416,64,9.316991329193115,64,9.524234533309937,64,9.73544716835022,64,9.946293354034424,64,10.201478958129883,64,10.563982009887695,64,10.771338939666748,64,11.024980068206787,64,11.279739141464233,64,11.664953231811523,64,11.92028546333313,64,12.170184850692749,64,12.371454238891602,64,12.626111507415771,64,12.950624465942383,64,13.20982575416565,64,13.455828428268433,64,13.714168310165405,64,13.920989990234375,64,14.133613348007202,64,14.382084846496582,64,14.63449501991272,64,14.845703125,64,15.171647071838379,64,15.497639417648315,64,15.750911235809326,64,16.000248432159424,64,16.211474657058716,64,16.57047462463379,64,16.817654609680176,64,17.06384539604187,64,17.3213951587677,64,17.67846179008484,64,17.928905963897705,64,18.13424301147461,64,18.34679627418518,64,18.601852893829346,64,18.826651096343994,64,19.026865243911743,64,19.227607011795044,64,19.484779834747314,64,19.73585605621338,64,19.947608947753906,64,20.30172896385193,64,20.510340690612793,64,20.719339609146118,64,20.960887908935547,64,21.317931413650513,64,21.525615692138672,64,21.779590606689453,64,21.988776683807373,64,22.241154432296753,64,22.4470157623291,64,22.655200719833374,64,22.86279797554016,64,23.103453159332275,64,23.30836582183838,64,23.546094179153442,64,23.792025089263916,64,24.04393196105957,64,24.239977598190308,64,24.487595081329346,64,24.68457818031311,64,24.895190715789795,64,25.107903957366943,64,25.310325145721436,64,25.66222834587097,64,26.026193380355835,64,26.378292322158813,64,26.751010179519653,64,27.11799931526184,64,27.357588529586792,64,27.6024227142334,64,27.841942071914673,64,28.088801383972168,64,28.335407733917236,64,28.699668884277344,64,28.945521593093872,64,29.190768480300903,64,29.44398808479309,64,29.688907861709595,64,29.933099508285522,64,30.187541723251343,64,30.43032455444336,64,30.632717609405518,64,30.84098529815674,64,31.092988967895508,64,31.439294815063477,64,31.645352125167847,64,31.95829939842224,64,32.20952796936035,64,32.421592473983765,64,32.62231111526489,64,32.870842933654785,64,33.1234827041626,64,33.336053133010864,64,33.58854126930237,64,33.84589242935181,64,34.05193853378296,64,34.30256748199463,64,34.55310678482056,64,34.79201149940491,64,35.03390049934387,64,35.238988161087036,64,35.49214315414429,64,35.738304138183594,64,35.99182057380676,64,36.19998288154602,64,36.412431955337524,64,36.66328763961792,64,36.87488031387329,64,37.115869760513306,64,37.32600522041321,64,37.567622900009155,64,37.77229905128479,64,37.98163414001465,64,38.220004081726074,64,38.46361994743347,64,38.674880266189575,64,38.8864905834198,64,39.25331497192383,64,39.62765169143677,64,39.873069524765015,64,40.113157987594604,64,40.318944692611694,64,40.527878522872925,64,40.77324199676514,64,40.97801947593689,64,41.346742153167725,64,41.55300426483154,64,41.80636143684387,64,42.147148847579956,64,42.51518440246582,64,42.76970458030701,64,42.97411608695984,64,43.370901584625244,64,43.61617350578308,64,43.869280099868774,64,44.07763981819153,64,44.32948851585388,64,44.57821011543274,64,44.83070778846741,64,45.0739049911499,64,45.28333330154419,64,45.524908781051636,64,45.77899169921875,64,46.10142731666565,64,46.478795766830444,64,46.733484506607056,64,46.9857132434845,64,47.239907026290894,64,47.48930239677429,64,47.69030451774597,64,47.94186544418335,64,48.20002484321594,64,48.45059251785278,64,48.697062969207764,64,48.94438338279724,64,49.19813895225525,64,49.4534330368042,64,49.660033226013184,64,49.91284680366516,64,50.27318334579468,64,50.47771692276001,64,50.689568758010864,64,50.89822435379028,64,51.15144896507263,64,51.362008571624756,64,51.56823801994324,64,51.883991956710815,64,52.24855828285217,64,52.495766401290894,64,52.74900007247925,64,52.99999976158142,64,53.25364136695862,64,53.502962589263916,64,53.75242853164673,64,54.00519013404846,64,54.21651315689087,64,54.587671518325806,64,54.84275031089783,64,55.05215096473694,64,55.26172471046448,64,55.514896631240845,64,55.770270109176636,64,56.142043113708496,64,56.38868427276611,64,56.60016965866089,64,56.81535840034485,64,57.06333684921265,64,57.43435454368591,64,57.67847967147827,64,57.99583053588867,64,58.20410442352295,64,58.41435384750366,64,58.663655519485474,64,58.91455912590027,64,59.22862672805786,64,59.43924307823181,64,59.694732666015625,64,59.90196657180786,64,60.1557183265686,64,60.36434030532837,64,60.577704191207886,64,60.78913903236389,64,61.03904128074646,64,61.247132301330566,64,61.60328960418701,64,61.80677628517151,64,62.013694286346436,64,62.261446714401245,64,62.59118580818176,64,62.83907675743103,64,63.046032667160034,64,63.26077151298523,64,63.46644902229309,64,63.71342444419861,64,63.96682167053223,64,64.21506428718567,64,64.42697286605835,64,64.63406443595886,64,64.87877893447876,64,65.08851599693298,64,65.3430278301239,64,65.5475332736969,64,65.79552412033081,64,66.16119527816772,64,66.37183356285095,64,66.62171149253845,64,66.87168335914612,64,67.11457943916321,64,67.3680350780487,64,67.61609673500061,64,67.93174576759338,64,68.13998985290527,64,68.35053443908691,64,68.56556558609009,64,68.77539253234863,64,68.98592758178711,64,69.24026226997375,64,69.45010566711426,64,69.704843044281,64,69.95243906974792,64,70.19759106636047,64,70.58939385414124,64,70.84515261650085,64,71.05915904045105,64,71.26828145980835,64,71.52379751205444,64,71.73024702072144,64,71.98070168495178,64,72.22319078445435,64,72.59006953239441,64,72.9511489868164,64,73.20133686065674,64,73.45581769943237,64,73.70271444320679,64,73.95338296890259,64,74.20589590072632,64,74.41801333427429,64,74.62717199325562,64,74.88137555122375,64,75.13295769691467,64,75.3795166015625,64,75.59558844566345,64,75.83567380905151,64,76.09063482284546,64,76.33865714073181,64,76.5912082195282,64,76.91479969024658,64,77.16460800170898,64,77.375004529953,64,77.62769532203674,64,77.88098502159119,64,78.12812852859497,64,78.38097858428955,64,78.63716530799866,64,78.89501190185547,64,79.10553216934204,64,79.31623435020447,64,79.52895283699036,64,79.77530169487,64,80.13189101219177,64,80.38138365745544,64,80.69842386245728,64,80.91803073883057,64,81.16861176490784,64,81.42172002792358,64,81.67235541343689,64,81.93329286575317,64,82.18357348442078,64,82.54008531570435,64,82.7880449295044,64,83.03969621658325,64,83.24856758117676,64,83.50399708747864,64,83.75319576263428,64,84.00355768203735,64,84.20398926734924,64,84.55789017677307,64,84.77037978172302,64,85.02211308479309,64,85.27712798118591,64,85.52005743980408,64,85.76924562454224,64,86.01942420005798,64,86.35793471336365,64,86.72508430480957,64,86.93310952186584,64,87.14516806602478,64,87.54098320007324,64,87.78896498680115,64,88.03658819198608,64,88.24171018600464,64,88.44169926643372,64,88.80585718154907,64,89.01366901397705,64,89.26514554023743,64,89.51918339729309,64,89.72974610328674,64,89.97945857048035,64,90.23371839523315,64,90.4855649471283,64,90.73202872276306,64,90.965087890625,64,91.21514463424683,64,91.47002601623535,64,91.72230648994446,64,91.93234825134277,64,92.18491721153259,64,92.51945734024048,64,92.72567439079285,64,92.93895077705383,64,93.147616147995,64,93.40075278282166,64,93.65457653999329,64,94.02329277992249,64,94.23521304130554,64,94.48913049697876,64,94.7380268573761,64,95.1048629283905,64,95.35337424278259,64,95.60724806785583,64,95.81491184234619,64,96.17958188056946,64,96.52083492279053,64,96.77445387840271,64,97.14742946624756,64,97.40054607391357,64,97.60781788825989,64,97.81651878356934,64,98.03190636634827,64,98.28046560287476,64,98.53358483314514,64,98.78728723526001,64,99.03209090232849,64,99.24811673164368,64,99.49748396873474,64,99.71162629127502,64,99.96381831169128,64,100.20963072776794,64,100.46543145179749,64,100.6741852760315,64,100.92030334472656,64,101.1677873134613,64,101.41933393478394,64,101.66791534423828,64,101.90874791145325,64,102.12414717674255,64,102.33423972129822,64,102.58632349967957,64,102.84171533584595,64,103.08996176719666,64,103.34296870231628,64,103.5915002822876,64,103.93878555297852,64,104.19284844398499,64,104.40452718734741,64,104.74752473831177,64,104.99878811836243,64,105.24576330184937,64,105.44893312454224,64,105.66318869590759,64,106.0555329322815,64,106.30705976486206,64,106.68083667755127,64,106.88482117652893,64,107.13093948364258,64,107.50292611122131,64,107.82608366012573,64,108.03218364715576,64,108.27690839767456,64,108.4911539554596,64,108.69506907463074,64,108.94423055648804,64,109.19726395606995,64,109.40769457817078,64,109.61916399002075,64,109.82906198501587,64,110.04150891304016,64,110.40199255943298,64,110.61023998260498,64,110.86608099937439,64,111.12534070014954,64,111.37380170822144,64,111.57623171806335,64,111.9418478012085,64,112.19156098365784,64,112.40674948692322,64,112.6124746799469,64,112.86625862121582,64,113.1175684928894,64,113.3672468662262,64,113.60988759994507,64,113.82096147537231,64,114.07041120529175,64,114.42591714859009,64,114.81392931938171,64,115.06106805801392,64,115.31120896339417,64,115.52135896682739,64,115.73068809509277,64,115.98726892471313,64,116.23378109931946,64,116.47624373435974,64,116.73042011260986,64,116.93746328353882,64,117.18565154075623,64,117.43102955818176,64,117.6836850643158,64,117.94202065467834,64,118.14748167991638,64,118.38849687576294,64,118.71525359153748,64,119.08610916137695,64,119.33546733856201,64,119.58565616607666,64,119.8375403881073,64,120.09228658676147,64,120.3385865688324,64,120.5945212841034,64,120.80272936820984,64,121.0130980014801,64,121.22436571121216,64,121.4787003993988,64,121.72332262992859,64,121.97958779335022,64,122.22714686393738,64,122.48077273368835,64,122.73173999786377,64,123.09344911575317,64,123.30548048019409,64,123.64778709411621,64,123.8894670009613,64,124.10129833221436,64,124.3137629032135,64,124.52495050430298,64,124.77771615982056,64,125.03289985656738,64,125.24017691612244,64,125.44928002357483,64,125.64980459213257,64,125.90113806724548,64,126.11399340629578,64,126.36663889884949,64,126.57636165618896,64,126.79089617729187,64,127.00752377510071,64,127.21995759010315,64,127.42871880531311,64,127.68293857574463,64,127.92421650886536,64,128.16975784301758,64,128.41606640815735,64,128.6262035369873,64,128.8803563117981,64,129.1272656917572,64,129.38068842887878,64,129.59552884101868,64,129.84580636024475,64,130.21376538276672,64,130.42846822738647,64,130.68123030662537,64,130.89014625549316,64,131.09422063827515,64,131.34453320503235,64,131.55656504631042,64,131.81244897842407,64,132.06503200531006,64,132.32071590423584,64,132.5679636001587,64,132.82322692871094,64,133.07545375823975,64,133.32619762420654,64,133.53792524337769,64,133.79224348068237,64,134.04132652282715,64,134.29653024673462,64,134.55217361450195,64,134.81268119812012,64,135.0172357559204,64,135.27111887931824,64,135.51803040504456,64,135.769455909729,64,136.12792015075684,64,136.33414125442505,64,136.6891872882843,64,136.89667010307312,64,137.10906648635864,64,137.36193466186523,64,137.72533798217773,64,137.93757486343384,64,138.182026386261,64,138.39349007606506,64,138.6043996810913,64,138.85767531394958,64,139.1089630126953,64,139.47767066955566,64,139.85177731513977,64,140.09472060203552,64,140.30838227272034,64,140.56012845039368,64,140.77028489112854,64,141.02242469787598,64,141.27530932426453,64,141.4841423034668,64,141.69768452644348,64,141.90977811813354,64,142.15600752830505,64,142.3663535118103,64,142.62173104286194,64,142.8306496143341,64,143.20185136795044,64,143.45607829093933,64,143.6665391921997,64,143.92058610916138,64,144.12721753120422,64,144.37041759490967,64,144.6260585784912,64,144.8720669746399,64,145.1260986328125,64,145.49791526794434,64,145.75034880638123,64,146.00143218040466,64,146.21350026130676,64,146.42284440994263,64,146.63818955421448,64,146.8964786529541,64,147.10752296447754,64,147.35616946220398,64,147.5684986114502,64,147.8225872516632,64,148.07654094696045,64,148.28312301635742,64,148.4937937259674,64,148.70317912101746,64,149.066645860672,64,149.2811460494995,64,149.53939962387085,64,149.8956367969513,64,150.1465356349945,64,150.39658975601196,64,150.65507054328918,64,150.86895298957825,64,151.12222146987915,64,151.51211714744568,64,151.72100806236267,64,151.964852809906,64,152.2166657447815,64,152.4717779159546,64,152.8447015285492,64,153.09180545806885,64,153.29752469062805,64,153.54316353797913,64,153.78787684440613,64,154.00007128715515,64,154.21258234977722,64,154.47081971168518,64,154.71151328086853,64,154.9253454208374,64,155.1795952320099,64,155.54998970031738,64,155.80074787139893,64,156.05005884170532,64,156.2658770084381,64,156.514315366745,64,156.7665672302246,64,156.9759418964386,64,157.19031023979187,64,157.43795537948608,64,157.68832397460938,64,158.01465725898743,64,158.26779174804688,64,158.51631093025208,64,158.7255880832672,64,158.94135284423828,64,159.14971685409546,64,159.36182498931885,64,159.5717911720276,64,159.92664313316345,64,160.2959668636322,64,160.55436515808105,64,160.92514753341675,64,161.17528009414673,64,161.38464879989624,64,161.63582110404968,64,161.9988796710968,64,162.24512600898743,64,162.45169973373413,64,162.66039633750916,64,162.87090802192688,64,163.07382369041443,64,163.33037185668945,64,163.5885910987854,64,163.83848118782043,64,164.0486032962799,64,164.2613387107849,64,164.47203660011292,64,164.68187856674194,64,164.93764400482178,64,165.14518690109253,64,165.39639711380005,64,165.6522035598755,64,165.89895868301392,64,166.2984597682953,64,166.61586380004883,64,166.86506915092468,64,167.1202850341797,64,167.4431436061859,64,167.69706630706787,64,167.9114625453949,64,168.12164402008057,64,168.49368739128113,64,168.74541115760803,64,168.95735144615173,64,169.20955276489258,64,169.58700370788574,64,169.829984664917,64,170.07287693023682,64,170.32431626319885,64,170.53632950782776,64,170.7487301826477,64,170.95534586906433,64,171.21181511878967,64,171.46601939201355,64,171.72238278388977,64,171.96493315696716,64,172.21631956100464,64,172.42764544487,64,172.63545513153076,64,172.8449866771698,64,173.09094047546387,64,173.3013470172882,64,173.51389002799988,64,173.76726508140564,64,173.97781586647034,64,174.23224782943726,64,174.43925142288208,64,174.69187450408936,64,174.90242433547974,64,175.27007913589478,64,175.52946043014526,64,175.7735652923584,64,176.02748584747314,64,176.27915263175964,64,176.64417099952698,64,176.89720702171326,64,177.14436435699463,64,177.39750003814697,64,177.6540024280548,64,178.01254606246948,64,178.2218587398529,64,178.47255516052246,64,178.68297576904297,64,178.93587613105774,64,179.14620089530945,64,179.40145659446716,64,179.72194480895996,64,179.9283995628357,64,180.18375635147095,64,180.39437699317932,64,180.7594621181488,64,180.96867537498474,64,181.32284545898438,64,181.57081699371338,64,181.9626920223236,64,182.30551075935364,64,182.51554489135742,64,182.85620641708374,64,183.0620996952057,64,183.28327536582947,64,183.64617347717285,64,183.85351037979126,64,184.1056628227234,64,184.35455322265625,64,184.61044073104858,64,184.8201768398285,64,185.07124519348145,64,185.3245177268982,64,185.5334448814392,64,185.78436827659607,64,186.03227162361145,64,186.23878574371338,64,186.4517617225647,64,186.66022992134094,64,186.87168908119202,64,187.0855495929718,64,187.29644393920898,64,187.54680728912354,64,187.7966821193695,64,188.04317092895508,64,188.2884602546692,64,188.50025033950806,64,188.70955181121826,64,188.92521929740906,64,189.13469433784485,64,189.38215947151184,64,189.59820747375488,64,189.8098955154419,64,190.0608251094818,64,190.31473350524902,64,190.5696382522583,64,190.88493990898132,64,191.09597730636597,64,191.3476333618164,64,191.59831070899963,64,191.85960412025452,64,192.1012144088745,64,192.3133134841919,64,192.56628155708313,64,192.81461358070374,64,193.0697591304779,64,193.27757120132446,64,193.62131071090698,64,193.83457708358765,64,194.08936429023743,64,194.29744958877563,64,194.50755071640015,64,194.71849131584167,64,194.97648429870605,64,195.21948313713074,64,195.43081665039062,64,195.64088821411133,64,195.89664697647095,64,196.2687327861786,64,196.64311504364014,64,196.85067486763,64,197.20519733428955,64,197.5667917728424,64,197.81887102127075,64,198.0725507736206,64,198.27856588363647,64,198.48904299736023,64,198.7024049758911,64,198.91476106643677,64,199.1708378791809,64,199.37800526618958,64,199.58706259727478,64,199.8409562110901,64,200.0942153930664,64,200.3407859802246,64,200.5525209903717,64,200.80770874023438,64,201.182147026062,64,201.42686247825623,64,201.68058466911316,64,201.94202828407288,64,202.1504945755005,64,202.52231168746948,64,202.77830958366394,64,202.98455595970154,64,203.23991131782532,64,203.4929883480072,64,203.69996047019958,64,203.9514548778534,64,204.16402864456177,64,204.37622165679932,64,204.58480215072632,64,204.83975386619568,64,205.0445201396942,64,205.26092147827148,64,205.4725399017334,64,205.68358278274536,64,205.94210767745972,64,206.1974709033966,64,206.40725898742676,64,206.66260814666748,64,207.0214500427246,64,207.2337362766266,64,207.4450182914734,64,207.64919257164001,64,207.86856865882874,64,208.11745262145996,64,208.37105798721313,64,208.57941102981567,64,208.8321442604065,64,209.04752397537231,64,209.25662279129028,64,209.50501537322998,64,209.7165060043335,64,209.96768021583557,64,210.34383869171143,64,210.59650349617004,64,210.80509519577026,64,211.11939692497253,64,211.33511447906494,64,211.55136346817017,64,211.91337132453918,64,212.1599998474121,64,212.41058564186096,64,212.8211853504181,64,213.03340435028076,64,213.28764843940735,64,213.54137659072876,64,213.90731501579285,64,214.15053343772888,64,214.4058015346527,64,214.65736985206604,64,214.9113209247589,64,215.27252197265625,64,215.48025226593018,64,215.6940095424652,64,215.9439558982849,64,216.15647220611572,64,216.41071271896362,64,216.61688446998596,64,216.87126111984253,64,217.1163420677185,64,217.32776856422424,64,217.54068207740784,64,217.75286889076233,64,218.00474190711975,64,218.25665855407715,64,218.51034283638,64,218.71974539756775,64,218.9728124141693,64,219.1823718547821,64,219.43681716918945,64,219.68486285209656,64,219.89337038993835,64,220.14835047721863,64,220.4037470817566,64,220.7882583141327,64,221.00200176239014,64,221.2623941898346,64,221.50562262535095,64,221.75984573364258,64,222.00925207138062,64,222.25896382331848,64,222.4726493358612,64,222.7234845161438,64,222.9798548221588,64,223.18838906288147,64,223.39796209335327,64,223.60768604278564,64,223.86200404167175,64,224.11595344543457,64,224.36186599731445,64,224.7293438911438,64,224.97453331947327,64,225.1871898174286,64,225.399888753891,64,225.6557548046112,64,225.9081265926361,64,226.16368412971497,64,226.533597946167,64,226.77660131454468,64,226.99243712425232,64,227.36738967895508,64,227.5822684764862,64,227.8295214176178,64,228.0770275592804,64,228.2885205745697,64,228.61031436920166,64,228.81981015205383,64,229.0740716457367,64,229.2812147140503,64,229.53469967842102,64,229.8473334312439,64,230.09665608406067,64,230.29873752593994,64,230.55266427993774,64,230.76118445396423,64,230.9692575931549,64,231.22715973854065,64,231.47546935081482,64,231.726802110672,64,232.1009247303009,64,232.31145429611206,64,232.52356815338135,64,232.7792558670044,64,232.98683524131775,64,233.23635745048523,64,233.56062650680542,64,233.7720103263855,64,233.98219680786133,64,234.191552400589,64,234.43745756149292,64,234.6939263343811,64,234.94777035713196,64,235.1984133720398,64,235.4532675743103,64,235.6625952720642,64,235.9150538444519,64,236.1234896183014,64,236.4498414993286,64,236.69906425476074,64,236.90820980072021,64,237.1168556213379,64,237.37270641326904,64,237.61732149124146,64,237.862154006958,64,238.10295343399048,64,238.4597990512848,64,238.70842289924622,64,238.9231481552124,64,239.1743757724762,64,239.4247121810913,64,239.63444709777832,64,239.89173865318298,64,240.0988461971283,64,240.31300926208496,64,240.5615119934082,64,240.88143110275269,64,241.13776779174805,64,241.49609112739563,64,241.73636555671692,64,241.98597931861877,64,242.19237446784973,64,242.44197750091553,64,242.6940894126892,64,242.90320897102356,64,243.15246963500977,64,243.403258562088,64,243.64688873291016,64,243.84928584098816,64,244.10378193855286,64,244.31050086021423,64,244.51838946342468,64,244.7248089313507,64,244.93505430221558,64,245.18871426582336,64,245.51250624656677,64,245.72297501564026,64,245.93164110183716,64,246.18327498435974,64,246.433691740036,64,246.64225029945374,64,246.8490695953369,64,247.10009098052979,64,247.4642870426178,64,247.6730010509491,64,247.88311290740967,64,248.09546184539795,64,248.34373688697815,64,248.67078566551208,64,248.91969418525696,64,249.13258361816406,64,249.48385763168335,64,249.69701552391052,64,250.00497961044312,64,250.25720858573914,64,250.51265382766724,64,250.76207423210144,64,250.9712541103363,64,251.1853687763214,64,251.43887639045715,64,251.68402862548828,64,251.92523169517517,64,252.2828929424286,64,252.6158366203308,64,252.86617422103882,64,253.07355976104736,64,253.2852864265442,64,253.4992048740387,64,253.74947500228882,64,253.96077346801758,64,254.20686292648315,64,254.46281170845032,64,254.67623138427734,64,254.88502311706543,64,255.13991570472717,64,255.34801650047302,64,255.60209798812866,64,255.8104875087738,64,256.0645709037781,64,256.31109404563904,64,256.5610864162445,64,256.767187833786,64,256.97678089141846,64,257.3201403617859,64,257.5309646129608,64,257.7452027797699,64,257.99156069755554,64,258.1949248313904,64,258.56998014450073,64,258.7865734100342,64,259.1664471626282,64,259.41152358055115,64,259.66550970077515,64,260.0285692214966,64,260.2716853618622,64,260.5233099460602,64,260.7310049533844,64,260.981418132782,64,261.3616614341736,64,261.57619190216064,64,261.7855610847473,64,262.03552174568176,64,262.2895767688751,64,262.4965136051178,64,262.74028182029724,64,262.94984102249146,64,263.16024017333984,64,263.5339593887329,64,263.85175800323486,64,264.1091561317444,64,264.3618404865265,64,264.5720591545105,64,264.821387052536,64,265.18850541114807,64,265.4468972682953,64,265.6560938358307,64,265.8574938774109,64,266.069100856781,64,266.28323459625244,64,266.49336647987366,64,266.7457365989685,64,266.9565660953522,64,267.16973900794983,64,267.3782744407654,64,267.6311180591583,64,267.8761463165283,64,268.1936025619507,64,268.4445812702179,64,268.64910411834717,64,268.89741230010986,64,269.1073980331421,64,269.3109197616577,64,269.56576204299927,64,269.81566858291626,64,270.1845405101776,64,270.39559412002563,64,270.75290751457214,64,270.96010637283325,64,271.21269369125366,64,271.4224319458008,64,271.6699221134186,64,271.87805676460266,64,272.0969316959381,64,272.3098359107971,64,272.5169155597687,64,272.72875475883484,64,272.9418215751648,64,273.19594073295593,64,273.4054501056671,64,273.6611785888672,64,274.04351782798767,64,274.2496166229248,64,274.48835945129395,64,274.6915502548218,64,274.9450123310089,64,275.1442542076111,64,275.3962161540985,64,275.60653162002563,64,275.85911536216736,64,276.1117260456085,64,276.3659038543701,64,276.61588621139526,64,276.8253970146179,64,277.0731272697449,64,277.29119205474854,64,277.53748083114624,64,277.7503728866577,64,278.0031702518463,64,278.21279287338257,64,278.46682476997375,64,278.71673107147217,64,278.96705508232117,64,279.18188738822937,64,279.559091091156,64,279.8135392665863,64,280.0247564315796,64,280.3504869937897,64,280.6818027496338,64,280.8948998451233,64,281.0999677181244,64,281.30806946754456,64,281.6680603027344,64,281.87695026397705,64,282.0863735675812,64,282.3349711894989,64,282.53921484947205,64,282.8515200614929,64,283.0981271266937,64,283.34959077835083,64,283.6039867401123,64,283.8471281528473,64,284.17892503738403,64,284.49392795562744,64,284.74373865127563,64,284.9438111782074,64,285.19697666168213,64,285.4476981163025,64,285.6942615509033,64,285.950483083725,64,286.2009003162384,64,286.41337418556213,64,286.6660041809082,64,286.8740186691284,64,287.07994055747986,64,287.2868142127991,64,287.498295545578,64,287.70724654197693,64,288.064683675766,64,288.2730641365051,64,288.481564283371,64,288.80247592926025,64,289.0052819252014,64,289.2580723762512,64,289.4713354110718,64,289.6799068450928,64,289.89389276504517,64,290.10394525527954,64,290.31540155410767,64,290.68342328071594,64,290.9322979450226,64,291.18542861938477,64,291.4311137199402,64,291.64312624931335,64,291.89012575149536,64,292.14415740966797,64,292.46132922172546,64,292.676682472229,64,292.8908939361572,64,293.2106010913849,64,293.6127324104309,64,293.86630845069885,64,294.0729534626007,64,294.32111525535583,64,294.57296419143677,64,294.77795147895813,64,295.1503984928131,64,295.39187717437744,64,295.64072704315186,64,295.9990773200989,64,296.25066900253296,64,296.5726351737976,64,296.7836720943451,64,296.9841103553772,64,297.1948730945587,64,297.44880056381226,64,297.813613653183,64,298.0660262107849,64,298.32386350631714,64,298.5766098499298,64,298.78383564949036,64,299.16411566734314,64,299.3762800693512,64,299.58462381362915,64,299.83873295783997,64,300.02099108695984
0,random graphs/big_layer/r1.5k12n8/graph0.lgbin,422232,286.02806997299194,44,170,0,64,0.2612423896789551,56,0.6441688537597656,50,1.0540461540222168,44,1.3924155235290527,44,1.7158136367797852,44,1.9933114051818848,44,2.335965633392334,44,2.608675956726074,44,2.946903705596924,44,3.286459445953369,44,3.5510942935943604,44,3.889383554458618,44,4.230388402938843,44,4.572827339172363,44,4.846833229064941,44,5.166629314422607,44,5.485414505004883,44,5.757107496261597,44,6.037993669509888,44,6.308348655700684,44,6.646457672119141,44,6.932054281234741,44,7.251966238021851,44,7.626186847686768,44,7.9647157192230225,44,8.272024393081665,44,8.59696364402771,44,8.936284065246582,44,9.270469903945923,44,9.577703952789307,44,9.877812147140503,44,10.140982627868652,44,10.405078887939453,44,10.675055742263794,44,11.005335569381714,44,11.27914810180664,44,11.579596996307373,44,11.88019585609436,44,12.163581848144531,44,12.563497304916382,44,12.839590311050415,44,13.17669677734375,44,13.4866201877594,44,13.782731533050537,44,14.057193040847778,44,14.37417483329773,44,14.65191102027893,44,14.985816717147827,44,15.251341581344604,44,15.552488803863525,44,15.894025087356567,44,16.220256567001343,44,16.556450366973877,44,16.888601064682007,44,17.22202968597412,44,17.490068912506104,44,17.820481777191162,44,18.164089918136597,44,18.495360851287842,44,18.771491765975952,44,19.08230948448181,44,19.473469495773315,44,19.80767560005188,44,20.14517378807068,44,20.488961696624756,44,20.76115655899048,44,21.160325288772583,44,21.43919324874878,44,21.70280408859253,44,21.98011589050293,44,22.315099716186523,44,22.70630645751953,44,23.041943550109863,44,23.34764862060547,44,23.68818712234497,44,24.015470504760742,44,24.320332288742065,44,24.616848707199097,44,24.952661514282227,44,25.287389993667603,44,25.55120587348938,44,25.82774043083191,44,26.17135214805603,44,26.43761920928955,44,26.71600604057312,44,27.05077838897705,44,27.37542700767517,44,27.641263008117676,44,27.90990900993347,44,28.247230529785156,44,28.58698296546936,44,28.875771045684814,44,29.215601921081543,44,29.495917081832886,44,29.825656175613403,44,30.1677827835083,44,30.51190161705017,44,30.850647926330566,44,31.184287786483765,44,31.524877548217773,44,31.799895524978638,44,32.12788200378418,44,32.460315465927124,44,32.798630475997925,44,33.1017701625824,44,33.43294429779053,44,33.69792318344116,44,34.03226613998413,44,34.30369830131531,44,34.583768129348755,44,34.84994339942932,44,35.15699625015259,44,35.5479097366333,44,35.820494413375854,44,36.11189103126526,44,36.37931752204895,44,36.70531988143921,44,37.01654410362244,44,37.29183793067932,44,37.63284230232239,44,37.964226722717285,44,38.358479499816895,44,38.627376556396484,44,38.96205949783325,44,39.2260468006134,44,39.619107484817505,44,39.88927102088928,44,40.22250437736511,44,40.55449461936951,44,40.89067244529724,44,41.1644561290741,44,41.50138521194458,44,41.792701959609985,44,42.124566078186035,44,42.46348261833191,44,42.7267906665802,44,43.016775608062744,44,43.34644865989685,44,43.61957788467407,44,43.94965147972107,44,44.279218435287476,44,44.57247805595398,44,44.874011754989624,44,45.135425090789795,44,45.45156455039978,44,45.71302008628845,44,45.98711371421814,44,46.32217764854431,44,46.62483835220337,44,46.90727114677429,44,47.18400955200195,44,47.46055197715759,44,47.79691743850708,44,48.07588028907776,44,48.35678172111511,44,48.68902540206909,44,49.0758900642395,44,49.412397623062134,44,49.68674874305725,44,50.029865026474,44,50.37000608444214,44,50.70849084854126,44,50.975016832351685,44,51.36756157875061,44,51.64717721939087,44,51.98868155479431,44,52.28970742225647,44,52.58312439918518,44,52.921066999435425,44,53.213675022125244,44,53.514408111572266,44,53.81646800041199,44,54.15511107444763,44,54.42514777183533,44,54.69199514389038,44,54.995327949523926,44,55.2683527469635,44,55.602691411972046,44,55.934359073638916,44,56.26026630401611,44,56.59624099731445,44,56.87382745742798,44,57.210959672927856,44,57.54268431663513,44,57.85985016822815,44,58.13282084465027,44,58.470414876937866,44,58.78657817840576,44,59.07299494743347,44,59.34281778335571,44,59.640236139297485,44,59.926570415496826,44,60.25849747657776,44,60.55740475654602,44,60.89038276672363,44,61.222291707992554,44,61.546013832092285,44,61.939717054367065,44,62.27906608581543,44,62.612140417099,44,62.882208824157715,44,63.15494394302368,44,63.42452120780945,44,63.76286840438843,44,64.09309434890747,44,64.36988139152527,44,64.7002534866333,44,65.03802919387817,44,65.30866980552673,44,65.61682462692261,44,65.94604325294495,44,66.23304748535156,44,66.56192398071289,44,66.89853525161743,44,67.23134922981262,44,67.5652539730072,44,67.8405659198761,44,68.17283415794373,44,68.4526481628418,44,68.73603701591492,44,69.04838156700134,44,69.3397147655487,44,69.66948938369751,44,70.00733923912048,44,70.27033472061157,44,70.60712933540344,44,70.87148952484131,44,71.16898036003113,44,71.50122904777527,44,71.78394794464111,44,72.06441497802734,44,72.4026927947998,44,72.68636870384216,44,72.95882749557495,44,73.25382471084595,44,73.58880019187927,44,73.89572072029114,44,74.23510360717773,44,74.56173586845398,44,74.89263582229614,44,75.16724729537964,44,75.505774974823,44,75.7687177658081,44,76.09700107574463,44,76.41364812850952,44,76.68641066551208,44,77.02579236030579,44,77.29605102539062,44,77.63422513008118,44,77.97659635543823,44,78.31249690055847,44,78.65046095848083,44,78.98355555534363,44,79.28939843177795,44,79.62502789497375,44,79.96149849891663,44,80.29853916168213,44,80.59861493110657,44,80.87647891044617,44,81.21402883529663,44,81.49189066886902,44,81.83020043373108,44,82.15949535369873,44,82.42539834976196,44,82.7552604675293,44,83.05716586112976,44,83.34238314628601,44,83.68093514442444,44,83.99383997917175,44,84.29783487319946,44,84.63891005516052,44,84.97887563705444,44,85.25653338432312,44,85.55377984046936,44,85.89658379554749,44,86.22702670097351,44,86.61313676834106,44,86.89845895767212,44,87.23981070518494,44,87.61808919906616,44,87.90192246437073,44,88.16400146484375,44,88.46815061569214,44,88.81020927429199,44,89.14460515975952,44,89.4829649925232,44,89.74606394767761,44,90.08836627006531,44,90.42462873458862,44,90.72515559196472,44,91.06866312026978,44,91.40546894073486,44,91.67006778717041,44,92.00714993476868,44,92.3996193408966,44,92.73611450195312,44,93.01827716827393,44,93.29148554801941,44,93.62879157066345,44,93.97405552864075,44,94.31764531135559,44,94.6529278755188,44,94.93834471702576,44,95.27371716499329,44,95.61559271812439,44,95.95049452781677,44,96.28767013549805,44,96.5719804763794,44,96.91158294677734,44,97.18954038619995,44,97.52566456794739,44,97.80383539199829,44,98.14335036277771,44,98.4421157836914,44,98.70896053314209,44,98.99220085144043,44,99.3249363899231,44,99.66344952583313,44,99.95906090736389,44,100.22467279434204,44,100.56857085227966,44,100.903244972229,44,101.23479104042053,44,101.56380677223206,44,101.95373439788818,44,102.25810647010803,44,102.5908420085907,44,102.85612368583679,44,103.19322872161865,44,103.52829694747925,44,103.79335379600525,44,104.129958152771,44,104.42359590530396,44,104.70555019378662,44,105.03997850418091,44,105.30237412452698,44,105.57758450508118,44,105.88706517219543,44,106.18509197235107,44,106.45695090293884,44,106.72344779968262,44,106.98834466934204,44,107.25102376937866,44,107.54369235038757,44,107.81759929656982,44,108.12915515899658,44,108.39113140106201,44,108.67659544944763,44,109.01769208908081,44,109.29302716255188,44,109.55628657341003,44,109.88891816139221,44,110.15406560897827,44,110.49087882041931,44,110.8255627155304,44,111.15655279159546,44,111.48754358291626,44,111.82535362243652,44,112.15905451774597,44,112.5537896156311,44,112.89494800567627,44,113.16879153251648,44,113.47081232070923,44,113.79552602767944,44,114.05871987342834,44,114.3894681930542,44,114.71812772750854,44,115.04341745376587,44,115.37629961967468,44,115.65054678916931,44,115.91738319396973,44,116.19589567184448,44,116.53287243843079,44,116.80764818191528,44,117.08184719085693,44,117.35418653488159,44,117.69044899940491,44,117.99838900566101,44,118.28135704994202,44,118.55348873138428,44,118.88531422615051,44,119.14908862113953,44,119.44635343551636,44,119.77813148498535,44,120.10814642906189,44,120.39968752861023,44,120.74045825004578,44,121.04324436187744,44,121.38241648674011,44,121.65922451019287,44,121.95690035820007,44,122.23051142692566,44,122.51079654693604,44,122.81473875045776,44,123.14755010604858,44,123.53177762031555,44,123.7988932132721,44,124.19102239608765,44,124.45751428604126,44,124.79159808158875,44,125.12405157089233,44,125.45652508735657,44,125.78961563110352,44,126.05234885215759,44,126.32718396186829,44,126.66661930084229,44,127.00335741043091,44,127.30857038497925,44,127.64493250846863,44,127.98235034942627,44,128.28272223472595,44,128.55683135986328,44,128.936949968338,44,129.21385788917542,44,129.48397612571716,44,129.76574778556824,44,130.10286378860474,44,130.3684093952179,44,130.7002625465393,44,130.98246431350708,44,131.25694131851196,44,131.52550840377808,44,131.86494660377502,44,132.20438742637634,44,132.47801446914673,44,132.818345785141,44,133.14959502220154,44,133.4621045589447,44,133.75572514533997,44,134.0977373123169,44,134.43099093437195,44,134.7660150527954,44,135.0839400291443,44,135.41414737701416,44,135.7551167011261,44,136.02622509002686,44,136.41823983192444,44,136.75404691696167,44,137.06165051460266,44,137.32369184494019,44,137.65283918380737,44,137.98891758918762,44,138.2559916973114,44,138.52868580818176,44,138.80388975143433,44,139.12132096290588,44,139.45893239974976,44,139.7977740764618,44,140.1350336074829,44,140.47464442253113,44,140.80500054359436,44,141.10265040397644,44,141.44298577308655,44,141.77525186538696,44,142.10706067085266,44,142.4469165802002,44,142.71476793289185,44,143.0566852092743,44,143.39230847358704,44,143.7217493057251,44,144.0577311515808,44,144.39717555046082,44,144.6616940498352,44,144.93255925178528,44,145.2712025642395,44,145.6022491455078,44,145.90829730033875,44,146.17990517616272,44,146.50951313972473,44,146.81176900863647,44,147.15363025665283,44,147.49537563323975,44,147.79262042045593,44,148.13120460510254,44,148.4500026702881,44,148.78745293617249,44,149.06362795829773,44,149.38716912269592,44,149.66454124450684,44,150.00391602516174,44,150.29533982276917,44,150.57737278938293,44,150.86745643615723,44,151.1348900794983,44,151.4701704978943,44,151.7572591304779,44,152.0980954170227,44,152.3715615272522,44,152.64091086387634,44,153.03710865974426,44,153.32814693450928,44,153.666650056839,44,154.00762104988098,44,154.27379751205444,44,154.6097550392151,44,154.95062470436096,44,155.2891502380371,44,155.6775872707367,44,156.01716709136963,44,156.30678510665894,44,156.64863753318787,44,156.99155449867249,44,157.2926697731018,44,157.63298177719116,44,157.89879488945007,44,158.1719708442688,44,158.51442289352417,44,158.85410690307617,44,159.1889419555664,44,159.48159623146057,44,159.75719261169434,44,160.03483963012695,44,160.30900406837463,44,160.65190386772156,44,160.91974210739136,44,161.2578501701355,44,161.59868955612183,44,161.9332776069641,44,162.2724232673645,44,162.56595396995544,44,162.89051246643066,44,163.18823313713074,44,163.4535026550293,44,163.7171552181244,44,164.05514550209045,44,164.35947799682617,44,164.6252932548523,44,164.95951342582703,44,165.2742736339569,44,165.61170363426208,44,165.87966918945312,44,166.21114945411682,44,166.47674250602722,44,166.86493849754333,44,167.16409301757812,44,167.4965295791626,44,167.8337550163269,44,168.16838455200195,44,168.50426411628723,44,168.7958288192749,44,169.12693762779236,44,169.47163343429565,44,169.80801630020142,44,170.07433319091797,44,170.4129045009613,44,170.6903350353241,44,170.97326040267944,44,171.30594205856323,44,171.70441842079163,44,172.04157400131226,44,172.38020586967468,44,172.65215396881104,44,172.9186863899231,44,173.26294803619385,44,173.6018214225769,44,173.93541979789734,44,174.27534437179565,44,174.60788083076477,44,174.94873023033142,44,175.28408312797546,44,175.58266234397888,44,175.84865498542786,44,176.18671321868896,44,176.45062232017517,44,176.7621169090271,44,177.03872299194336,44,177.3644745349884,44,177.6412615776062,44,177.98439168930054,44,178.253915309906,44,178.54554796218872,44,178.88001108169556,44,179.22240257263184,44,179.52819395065308,44,179.87192463874817,44,180.15173745155334,44,180.491694688797,44,180.80544781684875,44,181.09967470169067,44,181.39881682395935,44,181.739572763443,44,182.02714085578918,44,182.29961371421814,44,182.5787694454193,44,182.9172294139862,44,183.258647441864,44,183.53118419647217,44,183.80848026275635,44,184.14936709403992,44,184.48461508750916,44,184.74858689308167,44,185.08156609535217,44,185.4221248626709,44,185.76306557655334,44,186.10024785995483,44,186.37931084632874,44,186.71591711044312,44,186.9835546016693,44,187.32835054397583,44,187.66254711151123,44,188.0051989555359,44,188.30031061172485,44,188.56507182121277,44,188.8819236755371,44,189.2646713256836,44,189.55874872207642,44,189.8978488445282,44,190.1911551952362,44,190.53518319129944,44,190.87122130393982,44,191.14521145820618,44,191.4838044643402,44,191.81594371795654,44,192.09617280960083,44,192.37744450569153,44,192.71163535118103,44,193.05227422714233,44,193.4446632862091,44,193.78402519226074,44,194.10352516174316,44,194.441792011261,44,194.77439880371094,44,195.11371445655823,44,195.449880361557,44,195.79052877426147,44,196.1213619709015,44,196.387775182724,44,196.73224329948425,44,197.01495122909546,44,197.29564666748047,44,197.6319134235382,44,198.0241506099701,44,198.36927437782288,44,198.71084761619568,44,199.04941582679749,44,199.38091135025024,44,199.72217559814453,44,199.9936842918396,44,200.3369436264038,44,200.6145613193512,44,200.87774848937988,44,201.21322059631348,44,201.47861456871033,44,201.81331992149353,44,202.1429295539856,44,202.47987508773804,44,202.87956380844116,44,203.17060589790344,44,203.4613320827484,44,203.79929494857788,44,204.13767313957214,44,204.4722981452942,44,204.80899214744568,44,205.1498727798462,44,205.4287450313568,44,205.76790809631348,44,206.03678131103516,44,206.38250470161438,44,206.68828749656677,44,206.96469640731812,44,207.29653763771057,44,207.6364345550537,44,207.98180317878723,44,208.2492904663086,44,208.57979202270508,44,208.92351007461548,44,209.2394895553589,44,209.57501697540283,44,209.8445098400116,44,210.11388659477234,44,210.44857549667358,44,210.72654366493225,44,210.99465703964233,44,211.33436346054077,44,211.67213082313538,44,211.9782099723816,44,212.24241733551025,44,212.6347734928131,44,212.92694735527039,44,213.26394510269165,44,213.60039615631104,44,213.87205600738525,44,214.18142080307007,44,214.56470203399658,44,214.87495589256287,44,215.17188811302185,44,215.50994563102722,44,215.79033780097961,44,216.12437391281128,44,216.42365527153015,44,216.73925805091858,44,217.0140736103058,44,217.3519504070282,44,217.62049317359924,44,217.95505690574646,44,218.2183063030243,44,218.55722784996033,44,218.89713406562805,44,219.1591775417328,44,219.49635338783264,44,219.77531623840332,44,220.15769243240356,44,220.46020770072937,44,220.74798226356506,44,221.08987665176392,44,221.36467051506042,44,221.65782928466797,44,221.94259929656982,44,222.28032326698303,44,222.5898973941803,44,222.86261177062988,44,223.19089317321777,44,223.47428059577942,44,223.73869061470032,44,224.07047724723816,44,224.40421056747437,44,224.74129104614258,44,225.07651686668396,44,225.35103464126587,44,225.66263246536255,44,225.97592663764954,44,226.3196759223938,44,226.64290952682495,44,226.99152612686157,44,227.25874185562134,44,227.59429669380188,44,227.92356944084167,44,228.20071816444397,44,228.53687286376953,44,228.83536911010742,44,229.17321586608887,44,229.46392631530762,44,229.79804801940918,44,230.0626826286316,44,230.3648645877838,44,230.70178866386414,44,231.04566073417664,44,231.31592869758606,44,231.58705592155457,44,231.97274208068848,44,232.27903580665588,44,232.61551928520203,44,232.91771364212036,44,233.25682759284973,44,233.56134819984436,44,233.84635615348816,44,234.1157031059265,44,234.3991277217865,44,234.73638200759888,44,235.1339933872223,44,235.46797490119934,44,235.73379182815552,44,236.00793290138245,44,236.35332942008972,44,236.6236696243286,44,236.92399168014526,44,237.26279735565186,44,237.57680130004883,44,237.9143123626709,44,238.22773051261902,44,238.56792855262756,44,238.9093153476715,44,239.23693561553955,44,239.57159852981567,44,239.9137864112854,44,240.25530195236206,44,240.51938319206238,44,240.82099890708923,44,241.1580147743225,44,241.49623680114746,44,241.80924558639526,44,242.15032362937927,44,242.4843955039978,44,242.81556344032288,44,243.1531219482422,44,243.48623728752136,44,243.8215777873993,44,244.224942445755,44,244.5005805492401,44,244.83865547180176,44,245.11704182624817,44,245.45589995384216,44,245.791339635849,44,246.167724609375,44,246.46574568748474,44,246.760817527771,44,247.10259866714478,44,247.49530458450317,44,247.75866556167603,44,248.02937650680542,44,248.3659737110138,44,248.6823570728302,44,248.95665955543518,44,249.29504227638245,44,249.68008995056152,44,249.9822380542755,44,250.31972122192383,44,250.7057285308838,44,250.98603057861328,44,251.32887601852417,44,251.66717219352722,44,252.0059072971344,44,252.3302092552185,44,252.60866570472717,44,252.90796518325806,44,253.25093293190002,44,253.58984422683716,44,253.8623719215393,44,254.20338654518127,44,254.54109811782837,44,254.88302040100098,44,255.22105526924133,44,255.55207991600037,44,255.83308601379395,44,256.23039388656616,44,256.57223558425903,44,256.91226291656494,44,257.2547912597656,44,257.6014549732208,44,257.89803194999695,44,258.16770362854004,44,258.4332540035248,44,258.7705309391022,44,259.04589438438416,44,259.32386302948,44,259.59780836105347,44,259.9802978038788,44,260.30841732025146,44,260.5749714374542,44,260.90830087661743,44,261.2929632663727,44,261.6219153404236,44,261.8888318538666,44,262.1691334247589,44,262.50344467163086,44,262.786404132843,44,263.1215982437134,44,263.4634997844696,44,263.80579018592834,44,264.19756865501404,44,264.53492856025696,44,264.8095316886902,44,265.0771450996399,44,265.42388892173767,44,265.69494462013245,44,265.9736247062683,44,266.31722831726074,44,266.59469294548035,44,266.9342291355133,44,267.212527513504,44,267.5524787902832,44,267.81806564331055,44,268.08099484443665,44,268.3517951965332,44,268.68730902671814,44,269.0282120704651,44,269.30126667022705,44,269.6364178657532,44,269.97250390052795,44,270.2696726322174,44,270.5716645717621,44,270.85377383232117,44,271.1970970630646,44,271.539502620697,44,271.81592559814453,44,272.09969091415405,44,272.36804389953613,44,272.6344220638275,44,272.9083411693573,44,273.18079805374146,44,273.5206422805786,44,273.8568766117096,44,274.1347646713257,44,274.4773054122925,44,274.75861382484436,44,275.09449911117554,44,275.365669965744,44,275.70128083229065,44,276.0451469421387,44,276.3891751766205,44,276.6746220588684,44,277.0570316314697,44,277.39753437042236,44,277.73708415031433,44,278.0708611011505,44,278.40161395072937,44,278.673455953598,44,279.0057716369629,44,279.28423857688904,44,279.62297892570496,44,279.9003939628601,44,280.2091853618622,44,280.5478677749634,44,280.93513441085815,44,281.2700490951538,44,281.6084496974945,44,281.8993287086487,44,282.23543405532837,44,282.57622027397156,44,282.84655809402466,44,283.1827754974365,44,283.4604067802429,44,283.79952812194824,44,284.08745765686035,44,284.42380142211914,44,284.6868531703949,44,285.0263237953186,44,285.3656094074249,44,285.6266531944275,44,285.93240332603455,44,286.255087852478,44,286.59839487075806,44,286.87161564826965,44,287.14784502983093,44,287.49002957344055,44,287.8303790092468,44,288.09703063964844,44,288.41413259506226,44,288.7603693008423,44,289.0581901073456,44,289.3627107143402,44,289.6957492828369,44,290.0394353866577,44,290.35781359672546,44,290.64109468460083,44,290.99582171440125,44,291.33238983154297,44,291.7239348888397,44,292.0005843639374,44,292.3132643699646,44,292.5823404788971,44,292.9197874069214,44,293.2619128227234,44,293.5975842475891,44,293.93783926963806,44,294.316748380661,44,294.62832260131836,44,294.9577934741974,44,295.23039627075195,44,295.6024785041809,44,295.88175415992737,44,296.26640915870667,44,296.6102726459503,44,296.88427209854126,44,297.2859115600586,44,297.62863779067993,44,297.96781611442566,44,298.2372782230377,44,298.5383551120758,44,298.8742210865021,44,299.21742391586304,44,299.6172068119049,44,299.9356348514557,44,300.01656007766724
1,random graphs/big_layer/r1.5k12n8/graph1.lgbin,422232,290.1466872692108,61,146,0,69,0.49587154388427734,61,0.9781680107116699,61,1.4146080017089844,61,1.7479398250579834,61,2.078453302383423,61,2.501042366027832,61,2.8475875854492188,61,3.2891173362731934,61,3.6209983825683594,61,4.029085636138916,61,4.45448637008667,61,4.884885311126709,61,5.324223518371582,61,5.7432849407196045,61,6.074657440185547,61,6.524309158325195,61,6.96632194519043,61,7.39693284034729,61,7.690898656845093,61,8.124353408813477,61,8.463963747024536,61,8.881802558898926,61,9.302343368530273,61,9.722853660583496,61,10.16930890083313,61,10.45552372932434,61,10.888376712799072,61,11.32211446762085,61,11.739946365356445,61,12.066264629364014,61,12.402207851409912,61,12.843095064163208,61,13.12581729888916,61,13.547361135482788,61,13.969594955444336,61,14.310635089874268,61,14.62371015548706,61,15.046350955963135,61,15.376654624938965,61,15.799859046936035,61,16.22227954864502,61,16.648286819458008,61,17.08523964881897,61,17.378374814987183,61,17.667739391326904,61,18.114094495773315,61,18.404255628585815,61,18.848560094833374,61,19.175647974014282,61,19.538915872573853,61,19.865588188171387,61,20.296104669570923,61,20.589807271957397,61,20.931185483932495,61,21.344605207443237,61,21.785664081573486,61,22.230382680892944,61,22.56213903427124,61,22.899846076965332,61,23.18692445755005,61,23.53489398956299,61,23.954662561416626,61,24.2840313911438,61,24.629507780075073,61,25.064090728759766,61,25.389968395233154,61,25.72165822982788,61,26.14929485321045,61,26.575143337249756,61,26.913407564163208,61,27.346426963806152,61,27.672279834747314,61,28.01458239555359,61,28.347957611083984,61,28.680813789367676,61,29.133121252059937,61,29.477677583694458,61,29.805859088897705,61,30.137954473495483,61,30.447843313217163,61,30.892265558242798,61,31.227306365966797,61,31.657461404800415,61,31.949127197265625,61,32.245152950286865,61,32.570093631744385,61,33.01551628112793,61,33.35428810119629,61,33.68204593658447,61,34.01301407814026,61,34.343515157699585,61,34.78020620346069,61,35.107192277908325,61,35.439520597457886,61,35.78253698348999,61,36.12616944313049,61,36.555567264556885,61,36.89570093154907,61,37.21812105178833,61,37.65394353866577,61,38.10944747924805,61,38.542580127716064,61,38.87631916999817,61,39.334826707839966,61,39.677619218826294,61,40.018259048461914,61,40.348353147506714,61,40.671958923339844,61,41.0179078578949,61,41.43584585189819,61,41.859752893447876,61,42.31326341629028,61,42.602484703063965,61,43.04600381851196,61,43.49205231666565,61,43.930084228515625,61,44.373945474624634,61,44.69527077674866,61,45.04318380355835,61,45.379881620407104,61,45.82818293571472,61,46.11589026451111,61,46.56393361091614,61,46.987242221832275,61,47.27606248855591,61,47.59161305427551,61,47.90409231185913,61,48.21433973312378,61,48.64182901382446,61,48.971620321273804,61,49.245020389556885,61,49.64107894897461,61,50.07155251502991,61,50.390422344207764,61,50.71232032775879,61,51.02615737915039,61,51.34002637863159,61,51.65415358543396,61,51.97101712226868,61,52.2494215965271,61,52.67086982727051,61,52.98387908935547,61,53.29997634887695,61,53.72288918495178,61,54.03808617591858,61,54.370972871780396,61,54.688374519348145,61,55.1134512424469,61,55.51790189743042,61,55.95233631134033,61,56.26295328140259,61,56.68504047393799,61,57.10938572883606,61,57.440383434295654,61,57.77244210243225,61,58.04851746559143,61,58.4671106338501,61,58.79868769645691,61,59.11692953109741,61,59.541722774505615,61,59.85265922546387,61,60.28182315826416,61,60.67825627326965,61,61.098681926727295,61,61.50654172897339,61,61.838024377822876,61,62.15689396858215,61,62.48646569252014,61,62.88971519470215,61,63.202834606170654,61,63.624743700027466,61,64.0609679222107,61,64.48310589790344,61,64.9112434387207,61,65.34131121635437,61,65.75634479522705,61,66.18287253379822,61,66.48458647727966,61,66.88732171058655,61,67.30560898780823,61,67.72808933258057,61,68.14964628219604,61,68.57363963127136,61,68.99131369590759,61,69.27140283584595,61,69.60078716278076,61,69.91224241256714,61,70.21385264396667,61,70.52742171287537,61,70.85790920257568,61,71.17970490455627,61,71.58267569541931,61,72.00822758674622,61,72.42375922203064,61,72.83795213699341,61,73.2617404460907,61,73.68609237670898,61,74.09033393859863,61,74.43058466911316,61,74.83546924591064,61,75.1654782295227,61,75.58375525474548,61,76.00729560852051,61,76.29005217552185,61,76.60145568847656,61,76.91349267959595,61,77.2247724533081,61,77.53645944595337,61,77.96304726600647,61,78.38365602493286,61,78.80802655220032,61,79.13455510139465,61,79.55543994903564,61,79.9513943195343,61,80.35873866081238,61,80.7549934387207,61,81.17877960205078,61,81.45301699638367,61,81.86659646034241,61,82.26394414901733,61,82.56694722175598,61,82.84658813476562,61,83.15990328788757,61,83.58264636993408,61,83.87232279777527,61,84.28988480567932,61,84.62029123306274,61,84.89247488975525,61,85.31332921981812,61,85.58687424659729,61,86.00792264938354,61,86.41303825378418,61,86.74108552932739,61,87.14366054534912,61,87.56685733795166,61,87.97035622596741,61,88.38718748092651,61,88.69864797592163,61,88.97292232513428,61,89.39204359054565,61,89.79246830940247,61,90.09733462333679,61,90.37160658836365,61,90.78419399261475,61,91.1082067489624,61,91.43885016441345,61,91.75240683555603,61,92.14246463775635,61,92.54443502426147,61,92.85736536979675,61,93.26090860366821,61,93.56749200820923,61,93.97793960571289,61,94.29106855392456,61,94.68756556510925,61,95.09611058235168,61,95.51415681838989,61,95.82583665847778,61,96.13483047485352,61,96.43791627883911,61,96.7492082118988,61,97.06199884414673,61,97.37322759628296,61,97.7978162765503,61,98.19979095458984,61,98.59929299354553,61,98.99201083183289,61,99.41692805290222,61,99.72610926628113,61,100.12966704368591,61,100.45179033279419,61,100.87297534942627,61,101.18631434440613,61,101.60912895202637,61,102.00887680053711,61,102.43597626686096,61,102.76391339302063,61,103.10059642791748,61,103.49717569351196,61,103.81955146789551,61,104.22301006317139,61,104.53537511825562,61,104.95932602882385,61,105.2546534538269,61,105.5626015663147,61,105.98380637168884,61,106.30545282363892,61,106.71089506149292,61,107.1354911327362,61,107.54284358024597,61,107.85554909706116,61,108.27671217918396,61,108.6803662776947,61,108.99085855484009,61,109.39266228675842,61,109.79544234275818,61,110.11103630065918,61,110.53676247596741,61,110.86093616485596,61,111.28425884246826,61,111.71039652824402,61,112.12824082374573,61,112.55222129821777,61,112.98295068740845,61,113.39260268211365,61,113.79271745681763,61,114.07771039009094,61,114.47419023513794,61,114.89776396751404,61,115.21022343635559,61,115.48947787284851,61,115.90642857551575,61,116.30887055397034,61,116.73437023162842,61,117.01837968826294,61,117.33112788200378,61,117.73428130149841,61,118.15548801422119,61,118.58017373085022,61,118.86183857917786,61,119.13633942604065,61,119.5531120300293,61,119.86734747886658,61,120.28668284416199,61,120.70790886878967,61,121.13494729995728,61,121.41424942016602,61,121.82929348945618,61,122.26019191741943,61,122.68222665786743,61,123.10400223731995,61,123.41610455513,61,123.82052206993103,61,124.15211296081543,61,124.56705117225647,61,124.84685468673706,61,125.16455340385437,61,125.58842587471008,61,125.9038336277008,61,126.33734512329102,61,126.74764442443848,61,127.17471408843994,61,127.49124121665955,61,127.9149124622345,61,128.24672079086304,61,128.56237888336182,61,128.84070682525635,61,129.1172742843628,61,129.43204498291016,61,129.7512435913086,61,130.17069149017334,61,130.58917570114136,61,130.9222276210785,61,131.2396538257599,61,131.65228605270386,61,131.93356943130493,61,132.24856805801392,61,132.52944087982178,61,132.84709572792053,61,133.12757015228271,61,133.45728969573975,61,133.78966808319092,61,134.21189045906067,61,134.61374735832214,61,135.0293571949005,61,135.35977149009705,61,135.6368408203125,61,135.9562966823578,61,136.36789417266846,61,136.76714944839478,61,137.1851019859314,61,137.50048637390137,61,137.8127782344818,61,138.23823881149292,61,138.51967811584473,61,138.93392753601074,61,139.26619005203247,61,139.66394114494324,61,139.97521901130676,61,140.3903934955597,61,140.7067413330078,61,141.121732711792,61,141.53925848007202,61,141.85849738121033,61,142.1712429523468,61,142.57208776474,61,142.88420128822327,61,143.1977550983429,61,143.59788966178894,61,144.00350165367126,61,144.42257857322693,61,144.75438714027405,61,145.06681180000305,61,145.5004379749298,61,145.92324495315552,61,146.23288655281067,61,146.5134792327881,61,146.94369673728943,61,147.22066450119019,61,147.6406910419464,61,148.06517624855042,61,148.37634420394897,61,148.7910189628601,61,149.20731616020203,61,149.61290168762207,61,149.9253318309784,61,150.236882686615,61,150.57053327560425,61,150.88254141807556,61,151.2998766899109,61,151.708238363266,61,152.1092746257782,61,152.42054510116577,61,152.8381359577179,61,153.1171591281891,61,153.44551253318787,61,153.72229075431824,61,154.14177918434143,61,154.45703840255737,61,154.77212262153625,61,155.0856900215149,61,155.36131739616394,61,155.67510390281677,61,156.0866196155548,61,156.38194608688354,61,156.79744815826416,61,157.07560753822327,61,157.3999490737915,61,157.71233654022217,61,158.0240454673767,61,158.44911885261536,61,158.88046073913574,61,159.15751886367798,61,159.47165083885193,61,159.8798418045044,61,160.2346031665802,61,160.6409239768982,61,160.95791864395142,61,161.36213064193726,61,161.6765651702881,61,161.97120261192322,61,162.2715573310852,61,162.68547344207764,61,163.0966670513153,61,163.41479778289795,61,163.8370819091797,61,164.24255633354187,61,164.65260100364685,61,165.05496430397034,61,165.3863971233368,61,165.7184865474701,61,166.0219714641571,61,166.3421130180359,61,166.76171469688416,61,167.09376406669617,61,167.41736721992493,61,167.73324751853943,61,168.15714287757874,61,168.56797313690186,61,168.89837861061096,61,169.32277274131775,61,169.72574043273926,61,170.14457058906555,61,170.56742405891418,61,170.88216257095337,61,171.2075457572937,61,171.49074268341064,61,171.8952329158783,61,172.30100321769714,61,172.61411094665527,61,173.0238127708435,61,173.4364812374115,61,173.7179024219513,61,174.04813694953918,61,174.4546296596527,61,174.8737576007843,61,175.15612840652466,61,175.4317271709442,61,175.74698495864868,61,176.1633322238922,61,176.47652173042297,61,176.8044183254242,61,177.11749744415283,61,177.53598546981812,61,177.8497018814087,61,178.26757669448853,61,178.59581518173218,61,178.89586114883423,61,179.2081115245819,61,179.52189874649048,61,179.94508719444275,61,180.27443313598633,61,180.7087426185608,61,181.0390453338623,61,181.37139010429382,61,181.70331978797913,61,182.1235475540161,61,182.45774841308594,61,182.86337304115295,61,183.27677583694458,61,183.68427085876465,61,184.10216689109802,61,184.44229245185852,61,184.8622899055481,61,185.26667380332947,61,185.5959358215332,61,185.91486358642578,61,186.19478964805603,61,186.50798320770264,61,186.8234989643097,61,187.1315770149231,61,187.55658674240112,61,187.98058485984802,61,188.40238666534424,61,188.69331860542297,61,188.99648904800415,61,189.32840943336487,61,189.6606628894806,61,190.06454253196716,61,190.48841667175293,61,190.9070725440979,61,191.21958804130554,61,191.63902020454407,61,191.93696784973145,61,192.2404341697693,61,192.65865230560303,61,193.0814173221588,61,193.48723459243774,61,193.76475167274475,61,194.1717574596405,61,194.5705578327179,61,194.85039353370667,61,195.16262102127075,61,195.56725573539734,61,195.896648645401,61,196.29996299743652,61,196.61261081695557,61,196.94415402412415,61,197.35317468643188,61,197.68538308143616,61,198.09979057312012,61,198.41397786140442,61,198.72367668151855,61,199.1461260318756,61,199.56183004379272,61,199.89263272285461,61,200.20707964897156,61,200.62820672988892,61,201.04764246940613,61,201.45535683631897,61,201.77333164215088,61,202.176415681839,61,202.59957695007324,61,202.93201541900635,61,203.2472059726715,61,203.6761085987091,61,203.97605299949646,61,204.41447281837463,61,204.69031643867493,61,205.00235557556152,61,205.27720737457275,61,205.60653805732727,61,205.93864226341248,61,206.3570909500122,61,206.67191815376282,61,206.97558403015137,61,207.39633226394653,61,207.81270575523376,61,208.22761034965515,61,208.50830149650574,61,208.82453775405884,61,209.24815440177917,61,209.66842675209045,61,209.9843831062317,61,210.39784455299377,61,210.71116495132446,61,211.028874874115,61,211.3398997783661,61,211.75895953178406,61,212.15473747253418,61,212.4905445575714,61,212.82126379013062,61,213.15249180793762,61,213.57680702209473,61,214.00885701179504,61,214.42208623886108,61,214.83261823654175,61,215.16547966003418,61,215.44690084457397,61,215.84904837608337,61,216.16189694404602,61,216.5969204902649,61,216.93202543258667,61,217.34125781059265,61,217.66670107841492,61,218.07343530654907,61,218.39900255203247,61,218.80656242370605,61,219.0937168598175,61,219.49954676628113,61,219.91382694244385,61,220.22677397727966,61,220.50026726722717,61,220.8278775215149,61,221.2283787727356,61,221.64908862113953,61,221.96360540390015,61,222.27379441261292,61,222.58882188796997,61,222.98853850364685,61,223.4175567626953,61,223.83186554908752,61,224.1459014415741,61,224.42918920516968,61,224.83031010627747,61,225.14941430091858,61,225.46312379837036,61,225.7747654914856,61,226.1066906452179,61,226.5065999031067,61,226.82072067260742,61,227.1326196193695,61,227.5358657836914,61,227.95753407478333,61,228.2775547504425,61,228.5909833908081,61,228.99375009536743,61,229.40080952644348,61,229.82903575897217,61,230.2648298740387,61,230.57696557044983,61,230.9959192276001,61,231.4134659767151,61,231.82235550880432,61,232.15367436408997,61,232.56007885932922,61,232.84009647369385,61,233.26129984855652,61,233.57313084602356,61,233.99282789230347,61,234.3077790737152,61,234.71427702903748,61,235.04138588905334,61,235.32377076148987,61,235.740642786026,61,236.06614232063293,61,236.47218322753906,61,236.8873951435089,61,237.16741061210632,61,237.48486137390137,61,237.88755106925964,61,238.19834089279175,61,238.52755999565125,61,238.84246182441711,61,239.1541829109192,61,239.48794674873352,61,239.80002808570862,61,240.21665239334106,61,240.6355106830597,61,241.0558376312256,61,241.33127617835999,61,241.64439344406128,61,241.9607334136963,61,242.2753005027771,61,242.67572569847107,61,243.0790798664093,61,243.4101758003235,61,243.709290266037,61,244.10235619544983,61,244.52619671821594,61,244.9335970878601,61,245.35167121887207,61,245.68399834632874,61,246.01738905906677,61,246.4288194179535,61,246.74060559272766,61,247.05132484436035,61,247.4638307094574,61,247.88487601280212,61,248.31170225143433,61,248.64348483085632,61,248.96837091445923,61,249.285635471344,61,249.68930554389954,61,250.09032154083252,61,250.50968837738037,61,250.92967176437378,61,251.24600481987,61,251.5774040222168,61,251.91090559959412,61,252.2213499546051,61,252.63469624519348,61,253.04323720932007,61,253.35787105560303,61,253.78460311889648,61,254.2072172164917,61,254.6321427822113,61,254.94548988342285,61,255.37242770195007,61,255.7946343421936,61,256.1256814002991,61,256.54137992858887,61,256.8599452972412,61,257.140255689621,61,257.45200753211975,61,257.86397671699524,61,258.28255796432495,61,258.68322825431824,61,259.005811214447,61,259.280419588089,61,259.70687556266785,61,259.98962140083313,61,260.32122564315796,61,260.65214562416077,61,261.07612705230713,61,261.49178314208984,61,261.92287731170654,61,262.3323173522949,61,262.75631284713745,61,263.17929244041443,61,263.49927163124084,61,263.9019045829773,61,264.21251010894775,61,264.5269384384155,61,264.9528467655182,61,265.3505132198334,61,265.6276524066925,61,266.0478699207306,61,266.4752104282379,61,266.78533911705017,61,267.10004353523254,61,267.5037622451782,61,267.8212037086487,61,268.14629197120667,61,268.57016921043396,61,268.90238070487976,61,269.17836356163025,61,269.5749464035034,61,269.88566184043884,61,270.2889196872711,61,270.7054440975189,61,271.10467505455017,61,271.38305282592773,61,271.6975440979004,61,272.1087312698364,61,272.42146468162537,61,272.8562390804291,61,273.1693465709686,61,273.59915494918823,61,274.0250172615051,61,274.4433217048645,61,274.7566225528717,61,275.1589162349701,61,275.4422695636749,61,275.7515380382538,61,276.0846469402313,61,276.3967373371124,61,276.7293932437897,61,277.03888416290283,61,277.3571307659149,61,277.68913173675537,61,277.97031807899475,61,278.29804968833923,61,278.7034652233124,61,279.02119755744934,61,279.30160546302795,61,279.7192077636719,61,280.00045800209045,61,280.282461643219,61,280.56394362449646,61,280.96292424201965,61,281.2955276966095,61,281.6116189956665,61,282.0195426940918,61,282.331139087677,61,282.6440534591675,61,283.0459861755371,61,283.44775319099426,61,283.8542175292969,61,284.139527797699,61,284.55226826667786,61,284.8324317932129,61,285.25755739212036,61,285.67406964302063,61,286.096075296402,61,286.5063827037811,61,286.838907957077,61,287.2644827365875,61,287.68341588974,61,287.9974250793457,61,288.42111921310425,61,288.83854579925537,61,289.26148891448975,61,289.68207931518555,61,289.9999406337738,61,290.32662081718445,61,290.75445532798767,61,291.06521010398865,61,291.4949040412903,61,291.91768741607666,61,292.25063467025757,61,292.56548953056335,61,292.974636554718,61,293.2871661186218,61,293.7098271846771,61,294.1245687007904,61,294.5433967113495,61,294.9644570350647,61,295.27829909324646,61,295.58841943740845,61,295.9014494419098,61,296.2018301486969,61,296.6197910308838,61,296.8996889591217,61,297.2284605503082,61,297.5399839878082,61,297.81373620033264,61,298.22053241729736,61,298.53647232055664,61,298.8680922985077,61,299.18121123313904,61,299.5131244659424,61,299.8298556804657,61,300.01709151268005
2,random graphs/big_layer/r1.5k12n8/graph2.lgbin,422232,291.03375267982483,39,109,0,40,0.3170480728149414,39,0.8404316902160645,39,1.1489837169647217,39,1.669513463973999,39,1.9743235111236572,39,2.5064585208892822,39,2.8198463916778564,39,3.347038745880127,39,3.6543283462524414,39,4.181096076965332,39,4.536118745803833,39,4.841601848602295,39,5.365373849868774,39,5.662452459335327,39,5.969604253768921,39,6.499181032180786,39,7.025709867477417,39,7.55524206161499,39,8.073285818099976,39,8.410439252853394,39,8.723240852355957,39,9.135814428329468,39,9.64725112915039,39,9.949725866317749,39,10.348711252212524,39,10.869131803512573,39,11.178053379058838,39,11.475767374038696,39,11.781905174255371,39,12.213157892227173,39,12.519224882125854,39,13.034010410308838,39,13.34019136428833,39,13.64111065864563,39,14.15385127067566,39,14.683972358703613,39,15.091318845748901,39,15.619236707687378,39,15.909471035003662,39,16.248311042785645,39,16.542880058288574,39,17.07000422477722,39,17.58952021598816,39,17.89732599258423,39,18.413753747940063,39,18.939450979232788,39,19.24671173095703,39,19.554896354675293,39,20.08740544319153,39,20.617271184921265,39,21.14577579498291,39,21.672022342681885,39,22.00595188140869,39,22.31344747543335,39,22.616429328918457,39,22.916566610336304,39,23.445230960845947,39,23.975859880447388,39,24.28239870071411,39,24.80635118484497,39,25.33427095413208,39,25.86209988594055,39,26.164525747299194,39,26.68909764289856,39,26.988418102264404,39,27.321269273757935,39,27.85121774673462,39,28.333874464035034,39,28.627484798431396,39,29.151451349258423,39,29.442850828170776,39,29.970606803894043,39,30.499542236328125,39,30.802815914154053,39,31.115568161010742,39,31.417473554611206,39,31.722546577453613,39,32.02092623710632,39,32.36641716957092,39,32.890018463134766,39,33.41345000267029,39,33.93900012969971,39,34.24394750595093,39,34.589959144592285,39,35.11328172683716,39,35.6433322429657,39,35.93750882148743,39,36.47452926635742,39,36.99309539794922,39,37.5209698677063,39,37.925811767578125,39,38.25600290298462,39,38.78735899925232,39,39.092318534851074,39,39.607367515563965,39,40.12686824798584,39,40.42453098297119,39,40.72908401489258,39,41.029402017593384,39,41.56253695487976,39,42.082024574279785,39,42.427117347717285,39,42.735979080200195,39,43.25951862335205,39,43.798805236816406,39,44.145291566848755,39,44.45515036582947,39,44.753589391708374,39,45.2818717956543,39,45.807682037353516,39,46.32831597328186,39,46.63597893714905,39,47.15776562690735,39,47.68513369560242,39,48.20350456237793,39,48.55076885223389,39,48.85905337333679,39,49.21273732185364,39,49.74563121795654,39,50.226011753082275,39,50.525798320770264,39,51.04446887969971,39,51.3429741859436,39,51.85887837409973,39,52.15611410140991,39,52.46757698059082,39,52.87410235404968,39,53.40094041824341,39,53.69770789146423,39,54.22440505027771,39,54.522907972335815,39,54.82124733924866,39,55.2528932094574,39,55.54888582229614,39,56.080872535705566,39,56.51312017440796,39,56.805864572525024,39,57.11459422111511,39,57.415905714035034,39,57.949363708496094,39,58.245301723480225,39,58.544307708740234,39,58.84492516517639,39,59.19103145599365,39,59.50295329093933,39,59.91425442695618,39,60.24727773666382,39,60.77145195007324,39,61.31578063964844,39,61.83848857879639,39,62.13040089607239,39,62.65402364730835,39,63.064719676971436,39,63.36212611198425,39,63.88843750953674,39,64.18755602836609,39,64.71337461471558,39,65.12419843673706,39,65.64230608940125,39,66.17082452774048,39,66.47061824798584,39,66.7780237197876,39,67.08233499526978,39,67.3906397819519,39,67.91735243797302,39,68.45055532455444,39,68.98333930969238,39,69.52043771743774,39,69.82194781303406,39,70.35649466514587,39,70.65492868423462,39,70.95948886871338,39,71.30007672309875,39,71.8217921257019,39,72.34754586219788,39,72.63784098625183,39,73.1709656715393,39,73.70398736000061,39,74.2375328540802,39,74.76457476615906,39,75.29515194892883,39,75.8265814781189,39,76.35949468612671,39,76.65823650360107,39,76.99299669265747,39,77.5269627571106,39,78.04985237121582,39,78.35247611999512,39,78.653480052948,39,79.18735647201538,39,79.48821330070496,39,80.01214218139648,39,80.31331586837769,39,80.85119009017944,39,81.37581777572632,39,81.90600085258484,39,82.24526834487915,39,82.55789518356323,39,83.07455778121948,39,83.60590314865112,39,84.13018918037415,39,84.42997479438782,39,84.95547270774841,39,85.4817066192627,39,85.78282117843628,39,86.0880024433136,39,86.38879370689392,39,86.91979551315308,39,87.2232313156128,39,87.52353286743164,39,88.0524537563324,39,88.34808039665222,39,88.86654329299927,39,89.39718437194824,39,89.93452763557434,39,90.45388698577881,39,90.7559425830841,39,91.29070448875427,39,91.5978353023529,39,92.12159824371338,39,92.6458489894867,39,93.05902814865112,39,93.35822439193726,39,93.8975031375885,39,94.24065041542053,39,94.54194211959839,39,95.08489942550659,39,95.6128351688385,39,95.90749883651733,39,96.43581295013428,39,96.95605778694153,39,97.47460412979126,39,97.99290084838867,39,98.51815724372864,39,98.81197094917297,39,99.29435729980469,39,99.6326367855072,39,99.98437905311584,39,100.29185271263123,39,100.58185720443726,39,101.10462021827698,39,101.62725329399109,39,102.1607277393341,39,102.69094777107239,39,103.21701765060425,39,103.50848054885864,39,103.82079768180847,39,104.35320830345154,39,104.88139128684998,39,105.17654705047607,39,105.69570302963257,39,106.21882629394531,39,106.51598286628723,39,106.8086428642273,39,107.15256762504578,39,107.68776965141296,39,107.98417496681213,39,108.51201796531677,39,108.80874443054199,39,109.33360528945923,39,109.85683107376099,39,110.38329672813416,39,110.90974807739258,39,111.4216079711914,39,111.71385908126831,39,112.23311996459961,39,112.52335858345032,39,112.81489253044128,39,113.2076346874237,39,113.72245979309082,39,114.23611855506897,39,114.53231167793274,39,114.83007335662842,39,115.13424611091614,39,115.6593165397644,39,116.0617344379425,39,116.36011147499084,39,116.65253639221191,39,116.99011421203613,39,117.287766456604,39,117.57840824127197,39,117.88037252426147,39,118.16707420349121,39,118.6875250339508,39,118.9852945804596,39,119.28990340232849,39,119.80708956718445,39,120.14356088638306,39,120.67028045654297,39,120.96373128890991,39,121.25648641586304,39,121.77574515342712,39,122.29631519317627,39,122.80495572090149,39,123.10306525230408,39,123.40712523460388,39,123.749587059021,39,124.09213161468506,39,124.38726735115051,39,124.91300940513611,39,125.43049502372742,39,125.72530961036682,39,126.20558404922485,39,126.49719953536987,39,126.78801131248474,39,127.08537244796753,39,127.37905621528625,39,127.67649483680725,39,128.1888439655304,39,128.49495267868042,39,128.82563710212708,39,129.36010646820068,39,129.6644904613495,39,130.18698859214783,39,130.48539018630981,39,131.0196042060852,39,131.36385321617126,39,131.69555592536926,39,132.02902579307556,39,132.43760323524475,39,132.7829568386078,39,133.30744910240173,39,133.8316125869751,39,134.35759162902832,39,134.8787841796875,39,135.2258276939392,39,135.74919152259827,39,136.27288341522217,39,136.7859082221985,39,137.30915665626526,39,137.616765499115,39,138.14395689964294,39,138.4405598640442,39,138.74539995193481,39,139.25990557670593,39,139.55130338668823,39,140.07187795639038,39,140.40358090400696,39,140.92562866210938,39,141.32586693763733,39,141.85604977607727,39,142.15358448028564,39,142.68727159500122,39,142.98645997047424,39,143.29366874694824,39,143.60364031791687,39,143.91758370399475,39,144.22857284545898,39,144.52499675750732,39,144.834242105484,39,145.36763620376587,39,145.89032006263733,39,146.1867275238037,39,146.71250438690186,39,147.23861932754517,39,147.76817870140076,39,148.28528571128845,39,148.81258368492126,39,149.342791557312,39,149.8636450767517,39,150.3884928226471,39,150.68258333206177,39,150.98627972602844,39,151.31864380836487,39,151.61686205863953,39,152.13663864135742,39,152.67417335510254,39,153.20265984535217,39,153.51117753982544,39,154.04056119918823,39,154.56839966773987,39,154.90671849250793,39,155.20866346359253,39,155.5562708377838,39,156.08434963226318,39,156.3802947998047,39,156.91194605827332,39,157.21043419837952,39,157.5142321586609,39,158.04690718650818,39,158.57677125930786,39,158.88331246376038,39,159.40046644210815,39,159.93255758285522,39,160.273339509964,39,160.5728087425232,39,160.87457036972046,39,161.40562653541565,39,161.7087860107422,39,162.14183402061462,39,162.44351887702942,39,162.74120259284973,39,163.04537892341614,39,163.34678411483765,39,163.6534333229065,39,164.1872432231903,39,164.52439284324646,39,164.8738570213318,39,165.1818926334381,39,165.48057341575623,39,165.77424359321594,39,166.18925738334656,39,166.5177412033081,39,166.81762766838074,39,167.1221797466278,39,167.60096549987793,39,168.07380318641663,39,168.6135368347168,39,168.9210124015808,39,169.44832491874695,39,169.78204107284546,39,170.0915551185608,39,170.61303186416626,39,170.91434407234192,39,171.21791553497314,39,171.51986813545227,39,172.05108332633972,39,172.3428933620453,39,172.86809062957764,39,173.16836667060852,39,173.46404266357422,39,173.98881816864014,39,174.51943349838257,39,174.91713309288025,39,175.21759843826294,39,175.7475094795227,39,176.26596570014954,39,176.5678791999817,39,176.87242436408997,39,177.18337678909302,39,177.71785473823547,39,178.0196397304535,39,178.54236316680908,39,178.8385169506073,39,179.3679530620575,39,179.66611289978027,39,179.97636675834656,39,180.27792692184448,39,180.68507623672485,39,180.9951686859131,39,181.51668071746826,39,182.03421139717102,39,182.32756161689758,39,182.63441157341003,39,183.15605783462524,39,183.68723368644714,39,184.2075595855713,39,184.7463836669922,39,185.26498651504517,39,185.60889387130737,39,186.12880277633667,39,186.66061329841614,39,187.0003252029419,39,187.3028416633606,39,187.60316729545593,39,188.01457810401917,39,188.53541588783264,39,188.829425573349,39,189.17149472236633,39,189.4656491279602,39,189.99731826782227,39,190.5220685005188,39,191.04689621925354,39,191.35381436347961,39,191.65484380722046,39,192.19068598747253,39,192.48954558372498,39,192.90664386749268,39,193.2129168510437,39,193.6295566558838,39,193.93855690956116,39,194.25412011146545,39,194.5526442527771,39,194.9520525932312,39,195.28585767745972,39,195.59015560150146,39,196.12714743614197,39,196.65476536750793,39,196.95745587348938,39,197.47496843338013,39,197.9937388896942,39,198.5214397907257,39,199.00427198410034,39,199.5177183151245,39,199.81380701065063,39,200.35156631469727,39,200.65003943443298,39,201.17611169815063,39,201.58605909347534,39,201.8792645931244,39,202.1779043674469,39,202.47721600532532,39,203.00473642349243,39,203.3051517009735,39,203.6057677268982,39,203.90901398658752,39,204.20909333229065,39,204.7386212348938,39,205.27010560035706,39,205.60673809051514,39,205.9068672657013,39,206.43431687355042,39,206.9567186832428,39,207.25720930099487,39,207.7819540500641,39,208.3054919242859,39,208.6174795627594,39,209.04053783416748,39,209.57213759422302,39,210.09869170188904,39,210.51149773597717,39,210.8114242553711,39,211.2259120941162,39,211.75053191184998,39,212.10391783714294,39,212.512930393219,39,212.9214470386505,39,213.22396445274353,39,213.76167941093445,39,214.2917890548706,39,214.5867052078247,39,214.89543104171753,39,215.41274666786194,39,215.71193170547485,39,216.24245262145996,39,216.76865792274475,39,217.30126285552979,39,217.59820699691772,39,218.12137866020203,39,218.64546608924866,39,219.17845606803894,39,219.71119594573975,39,220.01208472251892,39,220.31921982765198,39,220.85395765304565,39,221.38172364234924,39,221.81371784210205,39,222.10764956474304,39,222.43971967697144,39,222.73844623565674,39,223.07297897338867,39,223.60622930526733,39,224.13825058937073,39,224.6613039970398,39,225.18899011611938,39,225.7114999294281,39,226.0205225944519,39,226.54586243629456,39,226.85375905036926,39,227.15402555465698,39,227.56956505775452,39,227.8682792186737,39,228.17342042922974,39,228.698650598526,39,228.99736857414246,39,229.52263689041138,39,229.8658721446991,39,230.17641735076904,39,230.48442959785461,39,231.02223181724548,39,231.31923151016235,39,231.85454487800598,39,232.15251398086548,39,232.68227529525757,39,233.21245622634888,39,233.7482168674469,39,234.27098298072815,39,234.5694169998169,39,234.8724329471588,39,235.35437893867493,39,235.65542578697205,39,236.17996764183044,39,236.5217089653015,39,236.82478260993958,39,237.30288100242615,39,237.82295632362366,39,238.1204319000244,39,238.43119382858276,39,238.73210787773132,39,239.06958556175232,39,239.59713077545166,39,239.89836406707764,39,240.41195106506348,39,240.93776655197144,39,241.47301173210144,39,241.98413348197937,39,242.5098578929901,39,243.03731536865234,39,243.56616115570068,39,243.8653063774109,39,244.1639003753662,39,244.59890270233154,39,245.11666870117188,39,245.41259717941284,39,245.71402430534363,39,246.2519726753235,39,246.79578018188477,39,247.09320783615112,39,247.63082790374756,39,248.03835082054138,39,248.35120344161987,39,248.8852882385254,39,249.22477984428406,39,249.53125095367432,39,250.05909776687622,39,250.35491824150085,39,250.65396308898926,39,250.9575707912445,39,251.47981643676758,39,252.01827383041382,39,252.31386876106262,39,252.61705374717712,39,252.9553940296173,39,253.3026638031006,39,253.6035795211792,39,253.9039590358734,39,254.20358395576477,39,254.5042417049408,39,254.83891582489014,39,255.13857769966125,39,255.66195797920227,39,255.9578001499176,39,256.478924036026,39,256.781218290329,39,257.30958127975464,39,257.6046347618103,39,257.9054651260376,39,258.20784974098206,39,258.7399809360504,39,259.26098561286926,39,259.5985474586487,39,260.1285355091095,39,260.43559408187866,39,260.73277378082275,39,261.06671357154846,39,261.36566066741943,39,261.885892868042,39,262.41205954551697,39,262.9456720352173,39,263.4761073589325,39,263.78227400779724,39,264.30655908584595,39,264.60330867767334,39,265.1262586116791,39,265.657297372818,39,266.18908977508545,39,266.7183995246887,39,267.065878868103,39,267.5952970981598,39,268.1210768222809,39,268.6451518535614,39,268.9882187843323,39,269.50944232940674,39,270.0397455692291,39,270.3393352031708,39,270.68851685523987,39,271.2058846950531,39,271.7429749965668,39,272.0482358932495,39,272.48554730415344,39,273.0102925300598,39,273.30859875679016,39,273.84439063072205,39,274.18318605422974,39,274.4783585071564,39,274.7834806442261,39,275.31968331336975,39,275.83841848373413,39,276.37595653533936,39,276.7185938358307,39,277.02927136421204,39,277.54758477211,39,277.8539996147156,39,278.16867542266846,39,278.69968581199646,39,279.2201750278473,39,279.6247079372406,39,280.16336131095886,39,280.47017669677734,39,281.0079686641693,39,281.5317897796631,39,282.05292296409607,39,282.34145283699036,39,282.8775866031647,39,283.41579818725586,39,283.7229027748108,39,284.24539589881897,39,284.77489161491394,39,285.1218538284302,39,285.6392695903778,39,286.16287183761597,39,286.6830508708954,39,287.22046542167664,39,287.73825216293335,39,288.039977312088,39,288.3465270996094,39,288.86929273605347,39,289.3872399330139,39,289.696364402771,39,290.22806310653687,39,290.52106404304504,39,291.04525685310364,39,291.3447895050049,39,291.8749439716339,39,292.1777126789093,39,292.70971727371216,39,293.2422707080841,39,293.5438106060028,39,293.84675693511963,39,294.14791321754456,39,294.677127122879,39,295.2074420452118,39,295.50559663772583,39,296.0251965522766,39,296.5377652645111,39,296.87836813926697,39,297.1904468536377,39,297.72186303138733,39,298.2373991012573,39,298.75702238082886,39,299.28675389289856,39,299.5906753540039,39,300.0271306037903
3,random graphs/big_layer/r1.5k12n8/graph3.lgbin,422232,294.1052916049957,65,146,0,82,0.43039751052856445,65,1.1350147724151611,65,1.9023911952972412,65,2.366008996963501,65,3.1310887336730957,65,3.5924816131591797,65,4.3598716259002686,65,4.8178465366363525,65,5.582246780395508,65,6.044517278671265,65,6.815213680267334,65,7.273238658905029,65,7.726719379425049,65,8.19502329826355,65,8.655723810195923,65,9.191879034042358,65,9.65245509147644,65,10.000110864639282,65,10.46198844909668,65,10.813042163848877,65,11.3398118019104,65,11.803665399551392,65,12.567687511444092,65,13.030975580215454,65,13.795626401901245,65,14.258474826812744,65,14.719184875488281,65,15.185572624206543,65,15.944238662719727,65,16.358323097229004,65,16.813379764556885,65,17.318721532821655,65,17.82133960723877,65,18.3561794757843,65,19.11846423149109,65,19.574469566345215,65,20.342959880828857,65,20.798856735229492,65,21.214038133621216,65,21.97357177734375,65,22.433680295944214,65,22.75741147994995,65,23.51981282234192,65,24.284948587417603,65,24.739660024642944,65,25.192375659942627,65,25.52818274497986,65,26.287811040878296,65,27.05084538459778,65,27.518545866012573,65,27.982292890548706,65,28.74464702606201,65,29.507428884506226,65,29.853994369506836,65,30.328335762023926,65,31.095483779907227,65,31.85962700843811,65,32.628162145614624,65,33.084195613861084,65,33.85446834564209,65,34.62956786155701,65,35.09364080429077,65,35.856874227523804,65,36.62239599227905,65,37.38734579086304,65,38.14818024635315,65,38.61299395561218,65,38.97620415687561,65,39.73982262611389,65,40.501158714294434,65,41.26940107345581,65,42.03003454208374,65,42.79533553123474,65,43.56057095527649,65,44.32413411140442,65,45.08953094482422,65,45.437936782836914,65,45.905139446258545,65,46.67127227783203,65,47.1343150138855,65,47.89793014526367,65,48.36071419715881,65,49.12198805809021,65,49.88907337188721,65,50.64240741729736,65,51.40852880477905,65,52.17077827453613,65,52.933207273483276,65,53.400907039642334,65,53.86226797103882,65,54.188472032547,65,54.65633773803711,65,55.1169867515564,65,55.4601149559021,65,56.22582197189331,65,56.68913197517395,65,57.4657416343689,65,58.22797346115112,65,58.68510603904724,65,59.444573163986206,65,59.90736961364746,65,60.67227029800415,65,61.43685245513916,65,61.77997875213623,65,62.23672127723694,65,62.70286560058594,65,63.10888910293579,65,63.88080930709839,65,64.64204835891724,65,64.97806024551392,65,65.74118757247925,65,66.19430041313171,65,66.96062016487122,65,67.72431445121765,65,68.18402910232544,65,68.65142560005188,65,69.11109948158264,65,69.52438640594482,65,69.98363471031189,65,70.44859027862549,65,71.21040201187134,65,71.66578841209412,65,72.13065314292908,65,72.89392447471619,65,73.65921711921692,65,74.4198009967804,65,74.8747968673706,65,75.33010053634644,65,76.08942651748657,65,76.85615730285645,65,77.31951522827148,65,77.78580904006958,65,78.24486351013184,65,78.71129059791565,65,79.04254817962646,65,79.81317377090454,65,80.2703766822815,65,81.0491418838501,65,81.39853048324585,65,81.85481548309326,65,82.17818570137024,65,82.64156126976013,65,83.40636658668518,65,84.17082023620605,65,84.63418292999268,65,84.95564913749695,65,85.71625113487244,65,86.48373436927795,65,87.23584079742432,65,88.00374436378479,65,88.34893918037415,65,89.10729432106018,65,89.56057643890381,65,90.3268973827362,65,91.08871054649353,65,91.553551197052,65,92.31649947166443,65,92.66405296325684,65,93.43270444869995,65,93.8886239528656,65,94.23744201660156,65,94.58266162872314,65,95.0452709197998,65,95.50744080543518,65,95.97105097770691,65,96.43531131744385,65,97.19529414176941,65,97.96193099021912,65,98.33204555511475,65,98.78705716133118,65,99.14040899276733,65,99.9009313583374,65,100.65665864944458,65,101.00242376327515,65,101.35139966011047,65,101.81159687042236,65,102.26902270317078,65,103.034010887146,65,103.80317640304565,65,104.14978098869324,65,104.60601949691772,65,105.06399393081665,65,105.47530770301819,65,106.24134469032288,65,106.69194912910461,65,107.4568088054657,65,107.91850638389587,65,108.6805944442749,65,109.43852233886719,65,109.97242045402527,65,110.73754549026489,65,111.19780135154724,65,111.96551656723022,65,112.42360544204712,65,112.8796923160553,65,113.6409022808075,65,114.09911751747131,65,114.42237901687622,65,115.18551540374756,65,115.64717054367065,65,116.4094626903534,65,117.17406249046326,65,117.92694044113159,65,118.69316387176514,65,119.15827798843384,65,119.5179193019867,65,120.01050972938538,65,120.77883982658386,65,121.53899931907654,65,121.99749612808228,65,122.76456022262573,65,123.53382396697998,65,124.29653000831604,65,125.05183935165405,65,125.50935697555542,65,126.27662992477417,65,126.81964492797852,65,127.27485489845276,65,127.73592352867126,65,128.2026171684265,65,128.66437983512878,65,129.42686796188354,65,130.17827367782593,65,130.93684148788452,65,131.39444947242737,65,131.85149788856506,65,132.2656900882721,65,133.03118181228638,65,133.4840009212494,65,133.93603801727295,65,134.69179797172546,65,135.45253205299377,65,135.90893626213074,65,136.6674542427063,65,137.4226062297821,65,137.77175998687744,65,138.52990770339966,65,138.98375368118286,65,139.50691866874695,65,139.84244894981384,65,140.60221886634827,65,140.9349136352539,65,141.39700746536255,65,142.150621175766,65,142.59968042373657,65,143.0591857433319,65,143.5212812423706,65,144.26089715957642,65,145.00613379478455,65,145.33291745185852,65,146.08328557014465,65,146.83411288261414,65,147.57146072387695,65,148.3178858757019,65,148.7673921585083,65,149.2154517173767,65,149.67860674858093,65,150.4295735359192,65,150.88472032546997,65,151.63534116744995,65,152.38359689712524,65,152.8394901752472,65,153.28533744812012,65,154.03327322006226,65,154.3945255279541,65,154.84931683540344,65,155.2954797744751,65,156.04039692878723,65,156.78960585594177,65,157.54041743278503,65,157.99249505996704,65,158.30968832969666,65,159.05897307395935,65,159.8102674484253,65,160.26699829101562,65,160.72564220428467,65,161.18626642227173,65,161.6458661556244,65,162.40977001190186,65,163.1618435382843,65,163.69259643554688,65,164.150208234787,65,164.60546207427979,65,165.35600018501282,65,166.11007046699524,65,166.56876587867737,65,167.32884907722473,65,168.089453458786,65,168.54478216171265,65,169.30593943595886,65,169.64904522895813,65,170.4184010028839,65,171.17365765571594,65,171.9258804321289,65,172.69137454032898,65,173.4448173046112,65,174.20081758499146,65,174.66484332084656,65,175.4159336090088,65,175.88108348846436,65,176.63280057907104,65,177.3867199420929,65,177.83998465538025,65,178.59403228759766,65,179.0472002029419,65,179.36303520202637,65,180.1119658946991,65,180.86610913276672,65,181.22576189041138,65,181.56721472740173,65,181.9355230331421,65,182.69741892814636,65,183.45106744766235,65,183.9075493812561,65,184.36929559707642,65,184.83326387405396,65,185.29308247566223,65,185.76132774353027,65,186.2163805961609,65,186.98544478416443,65,187.4457585811615,65,187.90960550308228,65,188.25744891166687,65,188.71742844581604,65,189.47746968269348,65,190.2301549911499,65,190.7344183921814,65,191.0835313796997,65,191.53588819503784,65,192.30430126190186,65,193.05873250961304,65,193.4751262664795,65,193.9359302520752,65,194.69977974891663,65,195.23209524154663,65,195.6953830718994,65,196.1558928489685,65,196.62238883972168,65,197.08413171768188,65,197.54498553276062,65,197.91168999671936,65,198.67259097099304,65,199.43687343597412,65,199.9048638343811,65,200.36134362220764,65,201.12927055358887,65,201.888765335083,65,202.3435037136078,65,202.7996859550476,65,203.259131193161,65,203.59444642066956,65,204.13249278068542,65,204.54726266860962,65,205.31344723701477,65,206.07840371131897,65,206.83966159820557,65,207.60640406608582,65,208.37000489234924,65,209.13539171218872,65,209.58615946769714,65,210.34237718582153,65,211.09638905525208,65,211.55579495429993,65,212.0144739151001,65,212.47579741477966,65,213.23678374290466,65,213.7037651538849,65,214.47476077079773,65,214.9307041168213,65,215.41986989974976,65,216.18570113182068,65,216.94811010360718,65,217.41458678245544,65,218.1785135269165,65,218.63642692565918,65,219.10241317749023,65,219.56541967391968,65,220.32622909545898,65,221.08979988098145,65,221.8467996120453,65,222.61391043663025,65,222.96013712882996,65,223.71745610237122,65,224.06689047813416,65,224.52762508392334,65,225.29313373565674,65,225.71203112602234,65,226.17672634124756,65,226.93560695648193,65,227.70429062843323,65,228.16301846504211,65,228.92837834358215,65,229.38454866409302,65,229.8465859889984,65,230.61237215995789,65,231.07335329055786,65,231.5375850200653,65,232.00187587738037,65,232.53826928138733,65,232.94480204582214,65,233.40852046012878,65,234.1729781627655,65,234.9308135509491,65,235.6889271736145,65,236.1288104057312,65,236.90069341659546,65,237.36386585235596,65,238.1231017112732,65,238.87800931930542,65,239.64072489738464,65,240.39743566513062,65,241.15026235580444,65,241.90988492965698,65,242.67007899284363,65,243.43557691574097,65,243.89039540290833,65,244.3481628894806,65,244.8052909374237,65,245.58050417900085,65,245.94869923591614,65,246.71830320358276,65,247.482403755188,65,248.2480046749115,65,249.00768327713013,65,249.76985263824463,65,250.24218583106995,65,251.010351896286,65,251.37442135810852,65,251.84150314331055,65,252.60201811790466,65,253.3657648563385,65,253.8310670852661,65,254.29301810264587,65,255.05383372306824,65,255.40345525741577,65,255.86121892929077,65,256.6256194114685,65,257.3886549472809,65,258.1540184020996,65,258.91552352905273,65,259.6805810928345,65,260.43682193756104,65,261.19748997688293,65,261.95633840560913,65,262.7166666984558,65,263.48605728149414,65,264.24827122688293,65,264.58298444747925,65,265.04761028289795,65,265.8102207183838,65,266.26959896087646,65,267.0358793735504,65,267.3773994445801,65,268.1404411792755,65,268.5973918437958,65,268.9593029022217,65,269.41872358322144,65,269.88473677635193,65,270.2215938568115,65,270.9806110858917,65,271.74187326431274,65,272.27360582351685,65,273.0326449871063,65,273.4961335659027,65,273.94984245300293,65,274.700811624527,65,275.0430042743683,65,275.7981903553009,65,276.5562868118286,65,277.0156831741333,65,277.78072714805603,65,278.5336871147156,65,278.9568221569061,65,279.7170112133026,65,280.24523878097534,65,280.70538425445557,65,281.0325393676758,65,281.79500222206116,65,282.2466380596161,65,282.7089467048645,65,283.1704170703888,65,283.93746638298035,65,284.69732213020325,65,285.4662461280823,65,285.91833901405334,65,286.6819372177124,65,287.4464030265808,65,287.9120376110077,65,288.2495057582855,65,289.01457834243774,65,289.7766251564026,65,290.2340922355652,65,290.9970304965973,65,291.76376605033875,65,292.2244737148285,65,292.68588948249817,65,293.14844846725464,65,293.48963356018066,65,294.25887298583984,65,294.7130374908447,65,295.17029905319214,65,295.63711404800415,65,296.0990266799927,65,296.42304968833923,65,297.1817579269409,65,297.9358220100403,65,298.69190669059753,65,299.15341114997864,65,299.61126136779785,65,300.02536630630493
4,random graphs/big_layer/r1.5k12n8/graph4.lgbin,422232,284.070095539093,64,147,0,84,0.355975866317749,66,0.9489836692810059,66,1.2167956829071045,66,1.7563300132751465,66,2.0292062759399414,66,2.570176839828491,66,2.847200870513916,66,3.3819124698638916,66,3.6526267528533936,66,4.17866849899292,66,4.443339586257935,66,4.974213361740112,66,5.518838167190552,64,5.965210199356079,64,6.214355707168579,64,6.461623191833496,64,6.653979778289795,64,6.907682657241821,64,7.157374620437622,64,7.417374610900879,64,7.671209812164307,64,7.922518014907837,64,8.172342300415039,64,8.537203073501587,64,8.852128028869629,64,9.044026613235474,64,9.301373720169067,64,9.55023980140686,64,9.73740816116333,64,9.99586272239685,64,10.246431589126587,64,10.49745488166809,64,10.747798919677734,64,10.937380313873291,64,11.187364101409912,64,11.43493390083313,64,11.630944728851318,64,11.885465621948242,64,12.136411428451538,64,12.552728652954102,64,12.8025803565979,64,12.999635934829712,64,13.19209623336792,64,13.37843132019043,64,13.565179347991943,64,13.819397926330566,64,14.222973108291626,64,14.48001480102539,64,14.673491716384888,64,15.082661151885986,64,15.33451509475708,64,15.586711645126343,64,15.77869176864624,64,16.029287815093994,64,16.292644500732422,64,16.543744802474976,64,16.79454803466797,64,17.04581570625305,64,17.24047064781189,64,17.499226808547974,64,17.69030213356018,64,17.938429594039917,64,18.190386295318604,64,18.380391359329224,64,18.569406270980835,64,18.855140686035156,64,19.045995950698853,64,19.233868837356567,64,19.51995587348938,64,19.772512197494507,64,20.15568780899048,64,20.407010793685913,64,20.656829357147217,64,20.969261169433594,64,21.162165880203247,64,21.35568356513977,64,21.61072087287903,64,22.02797555923462,64,22.278560876846313,64,22.579055786132812,64,22.89124083518982,64,23.086553812026978,64,23.27082657814026,64,23.55940532684326,64,23.750404834747314,64,23.947320461273193,64,24.201171875,64,24.60912036895752,64,24.795912981033325,64,24.989362955093384,64,25.184223175048828,64,25.379777193069458,64,25.638333082199097,64,25.88660979270935,64,26.07597851753235,64,26.26556944847107,64,26.522514581680298,64,26.934982538223267,64,27.3481707572937,64,27.598652601242065,64,27.79782748222351,64,27.987423181533813,64,28.2421133518219,64,28.610206127166748,64,28.80000138282776,64,29.222018480300903,64,29.47818350791931,64,29.670854330062866,64,29.868341207504272,64,30.055570363998413,64,30.3139967918396,64,30.56650948524475,64,30.823850393295288,64,31.07886052131653,64,31.328044891357422,64,31.579925060272217,64,31.769063234329224,64,32.158170223236084,64,32.46294903755188,64,32.65855860710144,64,32.91721177101135,64,33.164775371551514,64,33.41310691833496,64,33.6105797290802,64,34.022016763687134,64,34.438576221466064,64,34.6885712146759,64,34.87473750114441,64,35.13290596008301,64,35.38364863395691,64,35.63266706466675,64,35.88461661338806,64,36.13928151130676,64,36.389421701431274,64,36.6413094997406,64,36.83303165435791,64,37.09126091003418,64,37.28480792045593,64,37.483163595199585,64,37.74860072135925,64,37.93651533126831,64,38.19095015525818,64,38.45240354537964,64,38.704899072647095,64,38.953078746795654,64,39.14652156829834,64,39.33560371398926,64,39.58595371246338,64,40.00039982795715,64,40.18670582771301,64,40.4477915763855,64,40.64493107795715,64,40.83840727806091,64,41.134350299835205,64,41.32428050041199,64,41.58091354370117,64,41.83096146583557,64,42.24458312988281,64,42.49406409263611,64,42.74582099914551,64,42.996405601501465,64,43.19007396697998,64,43.38912296295166,64,43.64168310165405,64,43.93064641952515,64,44.18362236022949,64,44.38005042076111,64,44.63713455200195,64,44.888227462768555,64,45.29617190361023,64,45.49067687988281,64,45.74330401420593,64,45.93679404258728,64,46.1333212852478,64,46.38038730621338,64,46.62942934036255,64,47.03588247299194,64,47.227940797805786,64,47.484967947006226,64,47.77324175834656,64,48.02429533004761,64,48.27788162231445,64,48.528461933135986,64,48.77871561050415,64,49.03179597854614,64,49.2833936214447,64,49.53599524497986,64,49.73621320724487,64,49.93751049041748,64,50.133326292037964,64,50.44550347328186,64,50.64596915245056,64,50.93285083770752,64,51.184828996658325,64,51.435524702072144,64,51.623944997787476,64,51.81576156616211,64,52.0066819190979,64,52.26306700706482,64,52.449771881103516,64,52.63978147506714,64,52.835514307022095,64,53.0867395401001,64,53.27398228645325,64,53.46563529968262,64,53.732192516326904,64,54.13888454437256,64,54.557034969329834,64,54.806106090545654,64,55.22321963310242,64,55.47207713127136,64,55.669365644454956,64,55.864338636398315,64,56.059001207351685,64,56.313793420791626,64,56.567203998565674,64,56.81756043434143,64,57.07058072090149,64,57.48172688484192,64,57.73300909996033,64,57.98870921134949,64,58.27117133140564,64,58.469614028930664,64,58.73068118095398,64,59.04193449020386,64,59.29517936706543,64,59.54526424407959,64,59.74997282028198,64,60.00537061691284,64,60.42396569252014,64,60.621259689331055,64,60.87389850616455,64,61.286930561065674,64,61.48441743850708,64,61.73624873161316,64,61.92437171936035,64,62.181010246276855,64,62.557628870010376,64,62.94836354255676,64,63.208536863327026,64,63.45828890800476,64,63.64694428443909,64,64.06093001365662,64,64.31032180786133,64,64.50023412704468,64,64.80826425552368,64,64.99666714668274,64,65.18917417526245,64,65.38598227500916,64,65.57605743408203,64,65.83077645301819,64,66.024329662323,64,66.43484473228455,64,66.622713804245,64,66.88098382949829,64,67.0681083202362,64,67.32153725624084,64,67.57524347305298,64,67.76512169837952,64,67.95106649398804,64,68.14748001098633,64,68.34527349472046,64,68.59603238105774,64,68.85057330131531,64,69.04351329803467,64,69.30085444450378,64,69.5529158115387,64,69.80523943901062,64,69.99349093437195,64,70.18874478340149,64,70.60077691078186,64,70.78799557685852,64,71.19802069664001,64,71.48470187187195,64,71.67368507385254,64,71.86362957954407,64,72.05999755859375,64,72.46810364723206,64,72.7199432849884,64,72.91023921966553,64,73.0996961593628,64,73.29431056976318,64,73.54683113098145,64,73.79865598678589,64,74.05215525627136,64,74.30101609230042,64,74.55470991134644,64,74.87615585327148,64,75.12947201728821,64,75.32447171211243,64,75.58257699012756,64,75.83199143409729,64,76.08270859718323,64,76.33343863487244,64,76.58303689956665,64,76.87309670448303,64,77.06513214111328,64,77.31709456443787,64,77.62948942184448,64,77.83175325393677,64,78.08388066291809,64,78.33472657203674,64,78.58507895469666,64,78.9001111984253,64,79.16094064712524,64,79.3549211025238,64,79.55567574501038,64,79.81374311447144,64,80.06519269943237,64,80.25814652442932,64,80.44952082633972,64,80.85937309265137,64,81.04759788513184,64,81.30573177337646,64,81.49489140510559,64,81.69151306152344,64,81.88718175888062,64,82.30473780632019,64,82.55191421508789,64,82.8037497997284,64,82.99009132385254,64,83.2444863319397,64,83.43154215812683,64,83.68783974647522,64,83.97740006446838,64,84.2281665802002,64,84.54331493377686,64,84.80637645721436,64,85.06460738182068,64,85.31524419784546,64,85.57031965255737,64,85.82123899459839,64,86.08003664016724,64,86.33095908164978,64,86.65656805038452,64,86.84769892692566,64,87.10781455039978,64,87.35712766647339,64,87.6707055568695,64,87.92229104042053,64,88.23656129837036,64,88.64879155158997,64,88.84640550613403,64,89.09529900550842,64,89.28080677986145,64,89.53185629844666,64,89.8205029964447,64,90.23279976844788,64,90.48604416847229,64,90.73722696304321,64,90.99003577232361,64,91.18971705436707,64,91.38812375068665,64,91.68551564216614,64,91.88247537612915,64,92.07277321815491,64,92.262948513031,64,92.51979923248291,64,92.70890593528748,64,92.89927005767822,64,93.0892026424408,64,93.50313448905945,64,93.91380214691162,64,94.10470867156982,64,94.29481863975525,64,94.55364990234375,64,94.73968076705933,64,94.99065351486206,64,95.18708038330078,64,95.43638372421265,64,95.62167978286743,64,95.87822484970093,64,96.29312992095947,64,96.48547101020813,64,96.7407455444336,64,96.93664383888245,64,97.13305830955505,64,97.54688334465027,64,97.79874038696289,64,98.21355676651001,64,98.46210312843323,64,98.6507875919342,64,98.91044092178345,64,99.17006087303162,64,99.3674430847168,64,99.61790180206299,64,99.87076258659363,64,100.05776119232178,64,100.3176941871643,64,100.5733413696289,64,100.98687720298767,64,101.3007185459137,64,101.4965033531189,64,101.91314506530762,64,102.16387701034546,64,102.45393228530884,64,102.71143507957458,64,102.97119212150574,64,103.28316450119019,64,103.69853615760803,64,103.89614367485046,64,104.08768796920776,64,104.34107112884521,64,104.52858304977417,64,104.77967596054077,64,104.96785187721252,64,105.37767553329468,64,105.63441371917725,64,105.8846538066864,64,106.07175779342651,64,106.25869560241699,64,106.51153898239136,64,106.69796872138977,64,106.9524757862091,64,107.14055490493774,64,107.33581948280334,64,107.74580717086792,64,107.99828600883484,64,108.41490387916565,64,108.66388463973999,64,108.85609173774719,64,109.26169037818909,64,109.45448398590088,64,109.64497232437134,64,109.90306544303894,64,110.16206049919128,64,110.41372084617615,64,110.6001501083374,64,110.85959982872009,64,111.11696577072144,64,111.30308556556702,64,111.60728931427002,64,111.79916143417358,64,111.99378848075867,64,112.2552740573883,64,112.44733619689941,64,112.69949793815613,64,112.8970239162445,64,113.14704966545105,64,113.40082120895386,64,113.64958953857422,64,113.89616417884827,64,114.1447103023529,64,114.51856517791748,64,114.71271085739136,64,114.97163486480713,64,115.16891288757324,64,115.42199563980103,64,115.67559742927551,64,116.04528141021729,64,116.29456090927124,64,116.54181742668152,64,116.82879400253296,64,117.08462381362915,64,117.28327178955078,64,117.53478026390076,64,117.78729224205017,64,118.03859162330627,64,118.23209261894226,64,118.49496626853943,64,118.68138289451599,64,118.94486784934998,64,119.20300531387329,64,119.45633029937744,64,119.6436939239502,64,119.90155339241028,64,120.14610075950623,64,120.3367567062378,64,120.5941641330719,64,120.84431266784668,64,121.09555912017822,64,121.34796977043152,64,121.60930156707764,64,121.86062002182007,64,122.11278796195984,64,122.30612921714783,64,122.50592112541199,64,122.76859211921692,64,123.02638006210327,64,123.21915984153748,64,123.6283962726593,64,123.82257628440857,64,124.13435125350952,64,124.38641858100891,64,124.81636238098145,64,125.1261694431305,64,125.31521201133728,64,125.57258462905884,64,125.98644924163818,64,126.17965602874756,64,126.37126636505127,64,126.62808537483215,64,126.87754011154175,64,127.12403440475464,64,127.37359142303467,64,127.68376994132996,64,127.93696618080139,64,128.24650144577026,64,128.43634343147278,64,128.85448694229126,64,129.10340881347656,64,129.35476064682007,64,129.78008675575256,64,129.97806644439697,64,130.17032933235168,64,130.4331920146942,64,130.62765526771545,64,130.8193850517273,64,131.20100259780884,64,131.3930206298828,64,131.6495144367218,64,132.01690125465393,64,132.26980900764465,64,132.58334040641785,64,132.89380717277527,64,133.15832328796387,64,133.34751439094543,64,133.5348780155182,64,133.79068279266357,64,134.03918147087097,64,134.23058342933655,64,134.42357921600342,64,134.6742708683014,64,134.92956376075745,64,135.356360912323,64,135.7719178199768,64,136.18294596672058,64,136.43437504768372,64,136.62312579154968,64,136.88228917121887,64,137.13190364837646,64,137.54157781600952,64,137.79324793815613,64,138.04665303230286,64,138.3291597366333,64,138.75263166427612,64,139.06224608421326,64,139.25374388694763,64,139.5137174129486,64,139.71110033988953,64,139.90188264846802,64,140.09903526306152,64,140.29302144050598,64,140.48815393447876,64,140.68216800689697,64,141.0910201072693,64,141.34247851371765,64,141.59852004051208,64,141.79245376586914,64,141.98228788375854,64,142.2324378490448,64,142.42815279960632,64,142.6130907535553,64,142.87824702262878,64,143.1344974040985,64,143.54424595832825,64,143.7999758720398,64,144.04911756515503,64,144.23896765708923,64,144.43045258522034,64,144.67521595954895,64,144.87292432785034,64,145.06732296943665,64,145.31665968894958,64,145.56348490715027,64,145.8105833530426,64,146.1211233139038,64,146.3728220462799,64,146.6226682662964,64,146.81281852722168,64,147.06859731674194,64,147.4754559993744,64,147.7345883846283,64,148.15048456192017,64,148.3469467163086,64,148.61092400550842,64,148.8695809841156,64,149.18320870399475,64,149.60591053962708,64,149.8554756641388,64,150.10413694381714,64,150.2932324409485,64,150.48471117019653,64,150.6680064201355,64,150.85865592956543,64,151.06062006950378,64,151.25382828712463,64,151.6793999671936,64,151.93622159957886,64,152.26207447052002,64,152.5199043750763,64,152.7076816558838,64,152.96606588363647,64,153.21591639518738,64,153.40350437164307,64,153.65403723716736,64,153.90779733657837,64,154.1003613471985,64,154.3514907360077,64,154.7671835422516,64,154.95371007919312,64,155.3648145198822,64,155.553062915802,64,155.74306988716125,64,156.0007860660553,64,156.2515094280243,64,156.66584396362305,64,156.9163875579834,64,157.16738033294678,64,157.45586276054382,64,157.70968461036682,64,157.89720845222473,64,158.08915519714355,64,158.28443503379822,64,158.53565859794617,64,158.78336429595947,64,159.037442445755,64,159.45483541488647,64,159.70312929153442,64,159.95211124420166,64,160.14481568336487,64,160.33300137519836,64,160.58676671981812,64,160.7805655002594,64,161.02833342552185,64,161.27985858917236,64,161.47305393218994,64,161.66995239257812,64,161.86629796028137,64,162.11463856697083,64,162.36375331878662,64,162.66771936416626,64,162.98079919815063,64,163.23094177246094,64,163.4815535545349,64,163.90113878250122,64,164.14975357055664,64,164.34599018096924,64,164.54004192352295,64,164.79231548309326,64,164.98002004623413,64,165.3817641735077,64,165.6284956932068,64,165.81966757774353,64,166.19298768043518,64,166.4402687549591,64,166.62735247612,64,166.8128137588501,64,167.00622749328613,64,167.28886246681213,64,167.48719429969788,64,167.73653507232666,64,167.98869442939758,64,168.23864674568176,64,168.42655634880066,64,168.6728115081787,64,168.8596031665802,64,169.2728374004364,64,169.46709489822388,64,169.65607619285583,64,169.90214943885803,64,170.09214425086975,64,170.27970123291016,64,170.46377086639404,64,170.65187287330627,64,171.06221747398376,64,171.30641627311707,64,171.72126483917236,64,171.90697574615479,64,172.28861021995544,64,172.53572010993958,64,172.72174501419067,64,172.9683895111084,64,173.16079711914062,64,173.34673619270325,64,173.72675442695618,64,173.97481393814087,64,174.16167283058167,64,174.40918374061584,64,174.60498690605164,64,174.8614981174469,64,175.05881071090698,64,175.47873783111572,64,175.72388648986816,64,175.9753360748291,64,176.2200207710266,64,176.4665925502777,64,176.65534782409668,64,176.90250182151794,64,177.14938592910767,64,177.40307593345642,64,177.5962405204773,64,177.846444606781,64,178.0379102230072,64,178.2881462574005,64,178.53929090499878,64,178.7839012145996,64,179.03235507011414,64,179.22598791122437,64,179.4289529323578,64,179.67803144454956,64,179.92849802970886,64,180.34105825424194,64,180.75166702270508,64,180.9973692893982,64,181.24474477767944,64,181.55992698669434,64,181.75614953041077,64,182.01247310638428,64,182.19901633262634,64,182.44493412971497,64,182.72985529899597,64,182.91481184959412,64,183.10284686088562,64,183.3493936061859,64,183.53500270843506,64,183.95894241333008,64,184.20516061782837,64,184.45429134368896,64,184.64569997787476,64,184.833176612854,64,185.08936190605164,64,185.2813422679901,64,185.69126272201538,64,185.9436981678009,64,186.1415672302246,64,186.39143323898315,64,186.69587182998657,64,187.00110793113708,64,187.41556692123413,64,187.66189193725586,64,187.9143877029419,64,188.3263454437256,64,188.51197576522827,64,188.9153072834015,64,189.15846729278564,64,189.40378499031067,64,189.8179109096527,64,190.06575393676758,64,190.3155734539032,64,190.63680243492126,64,190.8230471611023,64,191.07028889656067,64,191.31668257713318,64,191.51188468933105,64,191.92541337013245,64,192.17931866645813,64,192.42771196365356,64,192.6203670501709,64,192.8140869140625,64,193.06550765037537,64,193.25702452659607,64,193.54181385040283,64,193.95736408233643,64,194.37579488754272,64,194.5609803199768,64,194.81456112861633,64,195.06461882591248,64,195.47928380966187,64,195.7269504070282,64,195.98004937171936,64,196.23230934143066,64,196.4840602874756,64,196.73461985588074,64,197.14593315124512,64,197.33876013755798,64,197.53063297271729,64,197.72243976593018,64,197.97084879875183,64,198.22335052490234,64,198.41072249412537,64,198.66712594032288,64,198.91738176345825,64,199.16890954971313,64,199.42261719703674,64,199.6730101108551,64,199.92245388031006,64,200.1747100353241,64,200.45909881591797,64,200.65329098701477,64,200.9123182296753,64,201.16052913665771,64,201.41062259674072,64,201.66201519966125,64,202.0747139453888,64,202.3273549079895,64,202.57958149909973,64,202.77221179008484,64,202.9704246520996,64,203.22394037246704,64,203.48502206802368,64,203.7353072166443,64,204.04841375350952,64,204.3082709312439,64,204.56063079833984,64,204.8734221458435,64,205.12389135360718,64,205.31251692771912,64,205.50263357162476,64,205.78765559196472,64,206.09997606277466,64,206.3937451839447,64,206.65666031837463,64,206.90462231636047,64,207.1557846069336,64,207.40622806549072,64,207.59516644477844,64,208.01190972328186,64,208.2035677433014,64,208.39086031913757,64,208.80431604385376,64,209.05771040916443,64,209.25004196166992,64,209.43618083000183,64,209.69088315963745,64,209.94384622573853,64,210.13878083229065,64,210.39958930015564,64,210.65027284622192,64,210.90766215324402,64,211.09755063056946,64,211.3483533859253,64,211.543475151062,64,211.79272508621216,64,211.9806845188141,64,212.2649154663086,64,212.51772117614746,64,212.76857781410217,64,212.9558310508728,64,213.37445330619812,64,213.5705442428589,64,213.8278317451477,64,214.01678586006165,64,214.2152886390686,64,214.63053011894226,64,214.88227009773254,64,215.07601046562195,64,215.2712206840515,64,215.46528029441833,64,215.65136551856995,64,215.83663654327393,64,216.09110236167908,64,216.341655254364,64,216.71439957618713,64,216.96350193023682,64,217.27506828308105,64,217.46864700317383,64,217.6603491306305,64,218.07266449928284,64,218.32031989097595,64,218.60316014289856,64,218.8567636013031,64,219.2375452518463,64,219.48884296417236,64,219.7798867225647,64,220.07805585861206,64,220.33305549621582,64,220.5825355052948,64,220.83673238754272,64,221.0862045288086,64,221.28046488761902,64,221.53105473518372,64,221.78229594230652,64,222.03068256378174,64,222.28125667572021,64,222.59103417396545,64,222.79063630104065,64,223.0912766456604,64,223.34237027168274,64,223.59471106529236,64,223.84444999694824,64,224.0952548980713,64,224.34710955619812,64,224.7574634552002,64,224.95010137557983,64,225.2000331878662,64,225.6147084236145,64,225.80224609375,64,226.0618667602539,64,226.2869553565979,64,226.48135566711426,64,226.7317292690277,64,226.91816973686218,64,227.16653656959534,64,227.4144446849823,64,227.60757207870483,64,227.85786652565002,64,228.23056316375732,64,228.6476821899414,64,228.9035918712616,64,229.0919315814972,64,229.28272676467896,64,229.60766530036926,64,229.85729908943176,64,230.04675030708313,64,230.4648585319519,64,230.66164636611938,64,230.91466546058655,64,231.1017963886261,64,231.29833793640137,64,231.49212265014648,64,231.74257373809814,64,231.99462270736694,64,232.19157075881958,64,232.38686609268188,64,232.79458141326904,64,233.05092239379883,64,233.24688959121704,64,233.66268801689148,64,233.85611772537231,64,234.04384231567383,64,234.23154759407043,64,234.4898340702057,64,234.738365650177,64,235.15534710884094,64,235.46153044700623,64,235.65751242637634,64,235.9139838218689,64,236.10092210769653,64,236.36197233200073,64,236.6091058254242,64,236.7990641593933,64,237.18705582618713,64,237.38467645645142,64,237.64995861053467,64,237.9001030921936,64,238.31393480300903,64,238.56974458694458,64,238.75967955589294,64,239.08810687065125,64,239.47297024726868,64,239.66663885116577,64,239.92130756378174,64,240.17140674591064,64,240.42321920394897,64,240.61381936073303,64,240.86547803878784,64,241.05911588668823,64,241.31069588661194,64,241.57403326034546,64,241.8231189250946,64,242.07345581054688,64,242.3241949081421,64,242.576669216156,64,242.7709765434265,64,242.9660999774933,64,243.15697360038757,64,243.40977430343628,64,243.65938520431519,64,243.85616374015808,64,244.04264163970947,64,244.23671102523804,64,244.4254367351532,64,244.69122672080994,64,244.87868309020996,64,245.14232563972473,64,245.33509993553162,64,245.59582018852234,64,245.84643054008484,64,246.09453010559082,64,246.34738850593567,64,246.53480291366577,64,246.79216241836548,64,247.1904604434967,64,247.60503554344177,64,247.85740303993225,64,248.1204481124878,64,248.44409108161926,64,248.6318998336792,64,248.89536356925964,64,249.14390397071838,64,249.3957118988037,64,249.58431196212769,64,249.8413028717041,64,250.03836512565613,64,250.29203152656555,64,250.544086933136,64,250.83530378341675,64,251.26119470596313,64,251.67683792114258,64,252.0660240650177,64,252.25959825515747,64,252.67422533035278,64,252.92763900756836,64,253.17877864837646,64,253.3706681728363,64,253.56750011444092,64,253.85099077224731,64,254.1631121635437,64,254.58136343955994,64,254.97466135025024,64,255.3960599899292,64,255.5882966518402,64,255.8751242160797,64,256.12917613983154,64,256.41593647003174,64,256.6037130355835,64,256.795134305954,64,256.99144744873047,64,257.1894814968109,64,257.44198536872864,64,257.6952967643738,64,257.9442880153656,64,258.1972322463989,64,258.45028471946716,64,258.6989736557007,64,259.11048436164856,64,259.36693954467773,64,259.6172182559967,64,259.86647152900696,64,260.0538396835327,64,260.3102171421051,64,260.5948278903961,64,260.8585994243622,64,261.0536253452301,64,261.24315214157104,64,261.49909830093384,64,261.69655752182007,64,261.8857538700104,64,262.14422249794006,64,262.3911643028259,64,262.580703496933,64,262.88412594795227,64,263.133131980896,64,263.32409858703613,64,263.50998640060425,64,263.77060985565186,64,264.0209000110626,64,264.27153396606445,64,264.46796560287476,64,264.7253727912903,64,265.1397964954376,64,265.3915591239929,64,265.58854627609253,64,265.8804602622986,64,266.07362365722656,64,266.32581639289856,64,266.6535544395447,64,266.9019160270691,64,267.1520998477936,64,267.40421772003174,64,267.6541931629181,64,267.85241985321045,64,268.04672384262085,64,268.2423515319824,64,268.66273045539856,64,268.9125130176544,64,269.1634085178375,64,269.5706629753113,64,269.823180437088,64,270.0703275203705,64,270.330162525177,64,270.5792317390442,64,270.77882409095764,64,271.0308530330658,64,271.43728017807007,64,271.63223814964294,64,271.8180603981018,64,272.22902154922485,64,272.5444073677063,64,272.74258637428284,64,272.9285430908203,64,273.1775414943695,64,273.37406182289124,64,273.6211211681366,64,273.8688418865204,64,274.11937141418457,64,274.4104070663452,64,274.8247780799866,64,275.01738476753235,64,275.21022748947144,64,275.3967595100403,64,275.6496078968048,64,276.06486654281616,64,276.4736907482147,64,276.6672410964966,64,276.86582803726196,64,277.0550935268402,64,277.2462456226349,64,277.4421474933624,64,277.6343684196472,64,278.0519802570343,64,278.30514192581177,64,278.55813550949097,64,278.7526729106903,64,278.9513649940491,64,279.3624110221863,64,279.55712032318115,64,279.8214485645294,64,280.0755627155304,64,280.27571868896484,64,280.52922010421753,64,280.77978110313416,64,281.029993057251,64,281.2834484577179,64,281.60235595703125,64,281.7924292087555,64,282.10313725471497,64,282.2987208366394,64,282.5489811897278,64,282.8024389743805,64,283.0536651611328,64,283.2410159111023,64,283.43227314949036,64,283.68622040748596,64,283.9388723373413,64,284.15600633621216,64,284.3526945114136,64,284.5515248775482,64,284.830828666687,64,285.11190962791443,64,285.3097081184387,64,285.5035881996155,64,285.7545657157898,64,286.15967297554016,64,286.3498423099518,64,286.54273867607117,64,286.7321629524231,64,286.9292359352112,64,287.18684673309326,64,287.43786358833313,64,287.722074508667,64,287.97233605384827,64,288.2220506668091,64,288.47509241104126,64,288.7269413471222,64,289.0525133609772,64,289.3033835887909,64,289.4978268146515,64,289.7509751319885,64,290.03844237327576,64,290.290424823761,64,290.54711651802063,64,290.8002920150757,64,290.9945442676544,64,291.24440741539,64,291.43021535873413,64,291.71684217453003,64,291.9064486026764,64,292.09407472610474,64,292.50130701065063,64,292.69842314720154,64,292.9519498348236,64,293.20459175109863,64,293.39780712127686,64,293.59552693367004,64,293.8519811630249,64,294.0984137058258,64,294.5121030807495,64,294.7003812789917,64,294.98199343681335,64,295.23845386505127,64,295.64831018447876,64,295.8358623981476,64,296.0926434993744,64,296.3432755470276,64,296.60610604286194,64,296.9772548675537,64,297.1744601726532,64,297.3648567199707,64,297.5590748786926,64,297.81213212013245,64,297.9992866516113,64,298.25728392601013,64,298.50770807266235,64,298.7003951072693,64,298.89504623413086,64,299.0858783721924,64,299.2823574542999,64,299.4802620410919,64,299.7330400943756,64,299.9209234714508,64,300.01876187324524
0,random graphs/big_layer/r1.5k12n8/graph0.lgbin,844460,285.82066345214844,44,170,0,60,0.33203935623168945,44,0.6773221492767334,44,1.0152587890625,44,1.3028419017791748,44,1.5880732536315918,44,1.9241740703582764,44,2.200092315673828,44,2.5468482971191406,44,2.82432222366333,44,3.1549980640411377,44,3.4389569759368896,44,3.7694060802459717,44,4.048769235610962,44,4.37910795211792,44,4.659862041473389,44,4.983015775680542,44,5.316737174987793,44,5.661236524581909,44,6.000254154205322,44,6.339466094970703,44,6.619508266448975,44,6.898700475692749,44,7.168262958526611,44,7.505499839782715,44,7.834943532943726,44,8.172547817230225,44,8.451804161071777,44,8.766832828521729,44,9.046026706695557,44,9.33494782447815,44,9.617175340652466,44,9.954062461853027,44,10.299018621444702,44,10.565512895584106,44,10.880938053131104,44,11.164480686187744,44,11.439363241195679,44,11.74707818031311,44,12.090167045593262,44,12.399259805679321,44,12.718167304992676,44,13.051579236984253,44,13.33016562461853,44,13.60362458229065,44,13.951577186584473,44,14.293680906295776,44,14.612717390060425,44,14.957751750946045,44,15.241490125656128,44,15.579651832580566,44,15.916845560073853,44,16.194578170776367,44,16.515204429626465,44,16.849562883377075,44,17.128137350082397,44,17.405097484588623,44,17.753562688827515,44,18.032235145568848,44,18.30712056159973,44,18.580559015274048,44,18.918549060821533,44,19.204167366027832,44,19.546946048736572,44,19.817829608917236,44,20.097638607025146,44,20.38767671585083,44,20.667457342147827,44,21.006510019302368,44,21.33157467842102,44,21.664849042892456,44,21.945392370224,44,22.282007932662964,44,22.62874436378479,44,22.964482069015503,44,23.314854383468628,44,23.592802047729492,44,23.927305459976196,44,24.259897470474243,44,24.54081082344055,44,24.80830144882202,44,25.15751576423645,44,25.523699283599854,44,25.80810856819153,44,26.092775583267212,44,26.36990189552307,44,26.661157608032227,44,26.944101095199585,44,27.233673572540283,44,27.525343656539917,44,27.86460828781128,44,28.14389204978943,44,28.422466278076172,44,28.759138345718384,44,29.037375926971436,44,29.36987829208374,44,29.703899383544922,44,30.03487539291382,44,30.31912064552307,44,30.59814167022705,44,30.8797345161438,44,31.223485469818115,44,31.557218074798584,44,31.896450757980347,44,32.184314489364624,44,32.517836570739746,44,32.79418730735779,44,33.12778329849243,44,33.45477318763733,44,33.78826904296875,44,34.11777901649475,44,34.45274877548218,44,34.78690314292908,44,35.064979791641235,44,35.34719467163086,44,35.68160152435303,44,36.015602350234985,44,36.2916796207428,44,36.57494592666626,44,36.91435933113098,44,37.190181493759155,44,37.5207245349884,44,37.79921054840088,44,38.13207173347473,44,38.46605038642883,44,38.729191303253174,44,39.00181818008423,44,39.27889060974121,44,39.60216522216797,44,39.889421463012695,44,40.21209764480591,44,40.49359583854675,44,40.85653758049011,44,41.189810037612915,44,41.463226318359375,44,41.74353575706482,44,42.07582497596741,44,42.3567636013031,44,42.69808530807495,44,43.04586911201477,44,43.38831377029419,44,43.71973919868469,44,44.00108623504639,44,44.32023596763611,44,44.59434962272644,44,44.935548305511475,44,45.21406435966492,44,45.501402854919434,44,45.7769296169281,44,46.050554275512695,44,46.381481409072876,44,46.66925096511841,44,46.996546030044556,44,47.334187269210815,44,47.659892082214355,44,47.985517263412476,44,48.2663459777832,44,48.53129243850708,44,48.86145520210266,44,49.14564800262451,44,49.48170733451843,44,49.81312012672424,44,50.158217668533325,44,50.48357844352722,44,50.81952619552612,44,51.09581732749939,44,51.43010425567627,44,51.77718782424927,44,52.053908348083496,44,52.38911485671997,44,52.662378549575806,44,52.994773387908936,44,53.33830380439758,44,53.617931842803955,44,53.96591877937317,44,54.303799629211426,44,54.64399003982544,44,54.9849967956543,44,55.3041877746582,44,55.58440661430359,44,55.857998847961426,44,56.177512884140015,44,56.51283383369446,44,56.78274941444397,44,57.05852174758911,44,57.39982724189758,44,57.68810677528381,44,58.01563763618469,44,58.35383415222168,44,58.704819440841675,44,59.04696774482727,44,59.386070251464844,44,59.72410297393799,44,60.05957388877869,44,60.39591073989868,44,60.730616092681885,44,61.06805729866028,44,61.388057708740234,44,61.711957693099976,44,61.99662470817566,44,62.31443691253662,44,62.594661712646484,44,62.877678871154785,44,63.15366053581238,44,63.43073034286499,44,63.71387720108032,44,63.99790000915527,44,64.34102177619934,44,64.62287878990173,44,64.88965129852295,44,65.2350025177002,44,65.51763892173767,44,65.79533553123474,44,66.10876369476318,44,66.4247133731842,44,66.76987719535828,44,67.10524415969849,44,67.45088148117065,44,67.71845197677612,44,67.9961519241333,44,68.2747905254364,44,68.58474516868591,44,68.92150330543518,44,69.25736856460571,44,69.5426414012909,44,69.8335075378418,44,70.1718339920044,44,70.45377254486084,44,70.76480460166931,44,71.08674025535583,44,71.42410516738892,44,71.75149965286255,44,72.09351944923401,44,72.37769746780396,44,72.70424962043762,44,73.04525780677795,44,73.38342213630676,44,73.71895265579224,44,74.00380158424377,44,74.28655505180359,44,74.62807321548462,44,74.91047286987305,44,75.19588088989258,44,75.479647397995,44,75.759530544281,44,76.0395872592926,44,76.32061290740967,44,76.66073536872864,44,76.94343996047974,44,77.22836494445801,44,77.51048731803894,44,77.78949332237244,44,78.0622627735138,44,78.33975768089294,44,78.67190456390381,44,78.95372986793518,44,79.26441407203674,44,79.59852766990662,44,79.92238330841064,44,80.19987201690674,44,80.53399324417114,44,80.81610465049744,44,81.0997359752655,44,81.38838744163513,44,81.6678056716919,44,82.00051307678223,44,82.33853125572205,44,82.61833000183105,44,82.94825458526611,44,83.2350435256958,44,83.51398086547852,44,83.78957104682922,44,84.12875461578369,44,84.40377449989319,44,84.72779417037964,44,85.06099843978882,44,85.3441891670227,44,85.6250627040863,44,85.90304183959961,44,86.23863387107849,44,86.55697274208069,44,86.83193516731262,44,87.16681361198425,44,87.43699431419373,44,87.78036737442017,44,88.12342405319214,44,88.46539163589478,44,88.8016746044159,44,89.06510591506958,44,89.34305477142334,44,89.67896151542664,44,90.00932836532593,44,90.34974241256714,44,90.69344997406006,44,91.03902578353882,44,91.32660436630249,44,91.64694046974182,44,91.95466542243958,44,92.21680998802185,44,92.4947760105133,44,92.81329798698425,44,93.1481876373291,44,93.43158721923828,44,93.77520823478699,44,94.1017599105835,44,94.38383150100708,44,94.71787881851196,44,94.9961450099945,44,95.32847476005554,44,95.64350628852844,44,95.9827196598053,44,96.31547904014587,44,96.59184861183167,44,96.87052774429321,44,97.14848828315735,44,97.49078822135925,44,97.76753163337708,44,98.03163194656372,44,98.31668710708618,44,98.6564028263092,44,98.94073009490967,44,99.27417492866516,44,99.60429430007935,44,99.93070197105408,44,100.20416164398193,44,100.54589605331421,44,100.82175922393799,44,101.1650938987732,44,101.44292211532593,44,101.72112655639648,44,102.00004005432129,44,102.26958680152893,44,102.5513527393341,44,102.87543511390686,44,103.15963578224182,44,103.44806551933289,44,103.7813971042633,44,104.06156134605408,44,104.34701490402222,44,104.6359052658081,44,104.94653177261353,44,105.28147339820862,44,105.56276249885559,44,105.83583307266235,44,106.11210775375366,44,106.4338891506195,44,106.76730346679688,44,107.1034574508667,44,107.44320726394653,44,107.71718955039978,44,108.0597915649414,44,108.39714789390564,44,108.70924401283264,44,108.99119567871094,44,109.31954216957092,44,109.65618634223938,44,109.93882036209106,44,110.25318622589111,44,110.53821849822998,44,110.81356906890869,44,111.15931105613708,44,111.43829584121704,44,111.71619367599487,44,111.99559235572815,44,112.27286052703857,44,112.6163318157196,44,112.94246172904968,44,113.27524876594543,44,113.5952353477478,44,113.87944269180298,44,114.15681576728821,44,114.49535799026489,44,114.83957004547119,44,115.13604283332825,44,115.47295928001404,44,115.75955319404602,44,116.09083676338196,44,116.37167859077454,44,116.65511465072632,44,116.94823551177979,44,117.22660660743713,44,117.53898072242737,44,117.87528991699219,44,118.15283608436584,44,118.42777228355408,44,118.69064617156982,44,118.95489597320557,44,119.22992587089539,44,119.56169652938843,44,119.84255290031433,44,120.1240234375,44,120.39975047111511,44,120.74452900886536,44,121.08233141899109,44,121.41605758666992,44,121.68757033348083,44,121.965900182724,44,122.24858736991882,44,122.58014130592346,44,122.85628390312195,44,123.12624382972717,44,123.40709400177002,44,123.68394207954407,44,124.02127027511597,44,124.36405992507935,44,124.70796036720276,44,124.98718214035034,44,125.26876449584961,44,125.53895211219788,44,125.87052989006042,44,126.1511583328247,44,126.42990326881409,44,126.71401762962341,44,126.98793959617615,44,127.32868766784668,44,127.59388899803162,44,127.92158508300781,44,128.2537636756897,44,128.53320813179016,44,128.86942672729492,44,129.19927668571472,44,129.53256916999817,44,129.80683732032776,44,130.11332726478577,44,130.38454699516296,44,130.67082238197327,44,130.96051812171936,44,131.241149187088,44,131.5808401107788,44,131.91650795936584,44,132.19666242599487,44,132.54235196113586,44,132.8702175617218,44,133.14641761779785,44,133.4289472103119,44,133.70800757408142,44,133.98718929290771,44,134.32100868225098,44,134.59978556632996,44,134.94091701507568,44,135.25282740592957,44,135.53416967391968,44,135.82383275032043,44,136.10775208473206,44,136.4434413909912,44,136.72536635398865,44,137.06018137931824,44,137.34316682815552,44,137.61923146247864,44,137.95767831802368,44,138.29348969459534,44,138.60978031158447,44,138.88973903656006,44,139.23356652259827,44,139.512592792511,44,139.849449634552,44,140.1973216533661,44,140.52492594718933,44,140.88931369781494,44,141.21904492378235,44,141.48372888565063,44,141.8155369758606,44,142.1474483013153,44,142.49337458610535,44,142.82860732078552,44,143.17132186889648,44,143.45370960235596,44,143.73327708244324,44,144.07046794891357,44,144.34766364097595,44,144.68675136566162,44,144.96512174606323,44,145.3086175918579,44,145.5908486843109,44,145.87585306167603,44,146.20902919769287,44,146.52211713790894,44,146.85398292541504,44,147.18753290176392,44,147.4690911769867,44,147.81003999710083,44,148.14891505241394,44,148.48495745658875,44,148.82491755485535,44,149.08908915519714,44,149.44539213180542,44,149.72198867797852,44,150.0553388595581,44,150.3858814239502,44,150.720454454422,44,150.9955027103424,44,151.32892084121704,44,151.63009190559387,44,151.96431922912598,44,152.24668860435486,44,152.5932641029358,44,152.93046402931213,44,153.27665758132935,44,153.6154363155365,44,153.89879822731018,44,154.1825132369995,44,154.46219205856323,44,154.7704894542694,44,155.05694580078125,44,155.40060186386108,44,155.713561296463,44,156.0594310760498,44,156.41209745407104,44,156.68826985359192,44,157.02409505844116,44,157.3540642261505,44,157.63799166679382,44,157.9762225151062,44,158.2513484954834,44,158.5939335823059,44,158.87376141548157,44,159.21952772140503,44,159.49485301971436,44,159.77283358573914,44,160.11111450195312,44,160.38614630699158,44,160.6646192073822,44,160.96710515022278,44,161.2530074119568,44,161.52871680259705,44,161.8085286617279,44,162.14261651039124,44,162.47783184051514,44,162.75470757484436,44,163.01770687103271,44,163.29944229125977,44,163.58246111869812,44,163.9259638786316,44,164.2101547718048,44,164.55165767669678,44,164.83014249801636,44,165.1161482334137,44,165.39189791679382,44,165.67711353302002,44,166.02309846878052,44,166.299218416214,44,166.57852029800415,44,166.8575484752655,44,167.14254069328308,44,167.42656707763672,44,167.75322842597961,44,168.0363311767578,44,168.3822672367096,44,168.65875434875488,44,168.99988508224487,44,169.3479402065277,44,169.68849277496338,44,169.96916270256042,44,170.3144953250885,44,170.64093494415283,44,170.9174771308899,44,171.2579996585846,44,171.58969116210938,44,171.9065911769867,44,172.18366193771362,44,172.50109672546387,44,172.84505009651184,44,173.13061618804932,44,173.41165161132812,44,173.69073820114136,44,174.0222454071045,44,174.35678362846375,44,174.6355426311493,44,174.94717383384705,44,175.25691175460815,44,175.60390734672546,44,175.93839478492737,44,176.27972960472107,44,176.62077808380127,44,176.910386800766,44,177.26623225212097,44,177.60398888587952,44,177.88508200645447,44,178.2302885055542,44,178.51236820220947,44,178.85135006904602,44,179.13646030426025,44,179.41586661338806,44,179.6999752521515,44,179.9779314994812,44,180.30861568450928,44,180.59601163864136,44,180.8778030872345,44,181.2176492214203,44,181.5003821849823,44,181.789883852005,44,182.05677819252014,44,182.41471576690674,44,182.69308805465698,44,183.03415775299072,44,183.37319564819336,44,183.65776109695435,44,184.0014717578888,44,184.3177535533905,44,184.60055780410767,44,184.8894543647766,44,185.22875547409058,44,185.51739144325256,44,185.85491919517517,44,186.18608236312866,44,186.52464079856873,44,186.86766910552979,44,187.18089962005615,44,187.45673394203186,44,187.79547929763794,44,188.13687944412231,44,188.4759542942047,44,188.76308941841125,44,189.03733849525452,44,189.37855625152588,44,189.65557384490967,44,189.96757197380066,44,190.24245476722717,44,190.57473063468933,44,190.91551113128662,44,191.24868178367615,44,191.59034085273743,44,191.9024088382721,44,192.22952389717102,44,192.56168389320374,44,192.8939085006714,44,193.18300890922546,44,193.4626944065094,44,193.73826098442078,44,194.07256197929382,44,194.40349555015564,44,194.67822217941284,44,195.00485396385193,44,195.3284432888031,44,195.58905959129333,44,195.8735876083374,44,196.15055871009827,44,196.48441743850708,44,196.81871724128723,44,197.1525387763977,44,197.482980966568,44,197.76015090942383,44,198.08454537391663,44,198.36193323135376,44,198.67214584350586,44,198.95488142967224,44,199.26042079925537,44,199.59249544143677,44,199.93168425559998,44,200.26688146591187,44,200.58687829971313,44,200.8496391773224,44,201.13106083869934,44,201.4703016281128,44,201.81038618087769,44,202.15206837654114,44,202.4945044517517,44,202.81978702545166,44,203.1354739665985,44,203.4740433692932,44,203.75230860710144,44,204.08932065963745,44,204.41992855072021,44,204.73400568962097,44,205.0089464187622,44,205.34251976013184,44,205.62119483947754,44,205.89196753501892,44,206.2286376953125,44,206.50223064422607,44,206.84558820724487,44,207.18993520736694,44,207.46734309196472,44,207.7491729259491,44,208.05481100082397,44,208.33787941932678,44,208.6804175376892,44,208.95445942878723,44,209.26125073432922,44,209.5391550064087,44,209.90676856040955,44,210.19051313400269,44,210.45458674430847,44,210.7304871082306,44,211.06627011299133,44,211.41014671325684,44,211.6835160255432,44,212.02723670005798,44,212.36973977088928,44,212.64581942558289,44,212.9338619709015,44,213.21389508247375,44,213.52060103416443,44,213.85631799697876,44,214.1327977180481,44,214.41110634803772,44,214.72455763816833,44,215.0598382949829,44,215.4068260192871,44,215.68010258674622,44,215.96110773086548,44,216.298504114151,44,216.62868189811707,44,216.95958995819092,44,217.23321890830994,44,217.56982135772705,44,217.89391541481018,44,218.17249870300293,44,218.4383888244629,44,218.72135853767395,44,219.00302839279175,44,219.33557510375977,44,219.62200689315796,44,219.96317315101624,44,220.2421817779541,44,220.52093124389648,44,220.8539354801178,44,221.19385385513306,44,221.4981029033661,44,221.84577298164368,44,222.1312837600708,44,222.4691343307495,44,222.73414087295532,44,223.00595450401306,44,223.2827606201172,44,223.62304592132568,44,223.89964246749878,44,224.1783001422882,44,224.46058750152588,44,224.7434046268463,44,225.0305097103119,44,225.29913067817688,44,225.63425016403198,44,225.90685987472534,44,226.17591834068298,44,226.46051216125488,44,226.7422604560852,44,227.06925749778748,44,227.4099657535553,44,227.75476002693176,44,228.09375047683716,44,228.4363567829132,44,228.77030229568481,44,229.10242199897766,44,229.43957543373108,44,229.71894145011902,44,230.0613751411438,44,230.3901002407074,44,230.7231891155243,44,231.05564665794373,44,231.33639097213745,44,231.61997270584106,44,231.96617603302002,44,232.24453043937683,44,232.58601307868958,44,232.91744422912598,44,233.25950074195862,44,233.53795099258423,44,233.87882924079895,44,234.21462416648865,44,234.50330567359924,44,234.78722834587097,44,235.1210973262787,44,235.4641363620758,44,235.74345874786377,44,236.08116841316223,44,236.35023307800293,44,236.69347214698792,44,236.97313904762268,44,237.30614852905273,44,237.5841555595398,44,237.91787433624268,44,238.20159888267517,44,238.48465371131897,44,238.83007764816284,44,239.11120653152466,44,239.3942220211029,44,239.67312502861023,44,240.009286403656,44,240.35407066345215,44,240.64216423034668,44,240.9207284450531,44,241.2565381526947,44,241.59075570106506,44,241.92557311058044,44,242.215069770813,44,242.5605752468109,44,242.89837265014648,44,243.1747784614563,44,243.50251936912537,44,243.8312222957611,44,244.17577481269836,44,244.52977561950684,44,244.8662073612213,44,245.154616355896,44,245.43450045585632,44,245.7150001525879,44,245.98599648475647,44,246.26286005973816,44,246.54612398147583,44,246.82483792304993,44,247.1048469543457,44,247.41639351844788,44,247.69241046905518,44,248.03351426124573,44,248.37332844734192,44,248.681884765625,44,249.0141396522522,44,249.2839457988739,44,249.55895042419434,44,249.89644575119019,44,250.23592042922974,44,250.57819485664368,44,250.94025897979736,44,251.22227096557617,44,251.55563974380493,44,251.8918924331665,44,252.2179205417633,44,252.55255365371704,44,252.83334803581238,44,253.1088354587555,44,253.43897104263306,44,253.71362233161926,44,254.0429277420044,44,254.32342529296875,44,254.6141152381897,44,254.89389967918396,44,255.1774344444275,44,255.46522068977356,44,255.74857354164124,44,256.01685214042664,44,256.2859444618225,44,256.56812953948975,44,256.8467905521393,44,257.1852777004242,44,257.46442341804504,44,257.7498531341553,44,258.03526282310486,44,258.374427318573,44,258.6423189640045,44,258.99156975746155,44,259.3417944908142,44,259.6745171546936,44,260.0074579715729,44,260.34287333488464,44,260.6837775707245,44,261.02905011177063,44,261.30802512168884,44,261.6497128009796,44,261.98453402519226,44,262.32760310173035,44,262.60211753845215,44,262.94735884666443,44,263.23660469055176,44,263.5652379989624,44,263.841144323349,44,264.17827558517456,44,264.44992566108704,44,264.7279920578003,44,265.0101566314697,44,265.28977513313293,44,265.6303780078888,44,265.95041728019714,44,266.29544615745544,44,266.57584953308105,44,266.86770963668823,44,267.14563941955566,44,267.48361682891846,44,267.82080698013306,44,268.0879876613617,44,268.3652720451355,44,268.7051200866699,44,269.04520058631897,44,269.3235764503479,44,269.63451981544495,44,269.926997423172,44,270.2265729904175,44,270.5109910964966,44,270.7886538505554,44,271.0637240409851,44,271.3417525291443,44,271.67454719543457,44,271.9552118778229,44,272.2881553173065,44,272.56498861312866,44,272.9101097583771,44,273.25260615348816,44,273.59587597846985,44,273.92554116249084,44,274.20849800109863,44,274.54323959350586,44,274.8749761581421,44,275.15948462486267,44,275.476496219635,44,275.766553401947,44,276.1034803390503,44,276.4377164840698,44,276.77974033355713,44,277.12597274780273,44,277.4690544605255,44,277.80085015296936,44,278.1351387500763,44,278.4173049926758,44,278.75950932502747,44,279.100293636322,44,279.37139916419983,44,279.6512277126312,44,279.96705055236816,44,280.31177830696106,44,280.65746450424194,44,280.93257236480713,44,281.2134826183319,44,281.55587577819824,44,281.8363950252533,44,282.1263601779938,44,282.46870970726013,44,282.75722193717957,44,283.03836369514465,44,283.3785893917084,44,283.7279694080353,44,284.00631284713745,44,284.34087681770325,44,284.680050611496,44,285.01215982437134,44,285.3365681171417,44,285.6285786628723,44,285.9730122089386,44,286.24921226501465,44,286.5886528491974,44,286.871150970459,44,287.21853709220886,44,287.5581612586975,44,287.8830852508545,44,288.1926212310791,44,288.5423107147217,44,288.87980246543884,44,289.1554751396179,44,289.4905831813812,44,289.83079743385315,44,290.1746027469635,44,290.48348784446716,44,290.77163076400757,44,291.0386233329773,44,291.31665539741516,44,291.65316915512085,44,292.0172071456909,44,292.34168815612793,44,292.6177659034729,44,292.8975715637207,44,293.1868817806244,44,293.5308711528778,44,293.8780255317688,44,294.16268277168274,44,294.5058159828186,44,294.8406035900116,44,295.1786804199219,44,295.45924949645996,44,295.7500684261322,44,296.0952112674713,44,296.4325273036957,44,296.774267911911,44,297.0485563278198,44,297.3388078212738,44,297.678706407547,44,297.95900774002075,44,298.2939372062683,44,298.57511854171753,44,298.8477759361267,44,299.1263165473938,44,299.4629991054535,44,299.77607560157776,44,300.0275094509125
1,random graphs/big_layer/r1.5k12n8/graph1.lgbin,844460,290.20210552215576,61,146,0,69,0.46297407150268555,61,0.9154636859893799,61,1.321354627609253,61,1.640265703201294,61,1.9660687446594238,61,2.3912606239318848,61,2.7196133136749268,61,3.1411006450653076,61,3.4732086658477783,61,3.8920674324035645,61,4.323918342590332,61,4.718400239944458,61,5.136618375778198,61,5.53471565246582,61,5.86616063117981,61,6.287700891494751,61,6.6959686279296875,61,7.112656116485596,61,7.41974139213562,61,7.827430963516235,61,8.232463121414185,61,8.515634298324585,61,8.826769351959229,61,9.24667501449585,61,9.65550684928894,61,10.053465127944946,61,10.475128889083862,61,10.898171663284302,61,11.175053119659424,61,11.570882797241211,61,11.884178400039673,61,12.302956104278564,61,12.707660913467407,61,13.12953519821167,61,13.410879611968994,61,13.708595752716064,61,13.989561319351196,61,14.408727169036865,61,14.814643144607544,61,15.13164234161377,61,15.535025358200073,61,15.825382709503174,61,16.22854495048523,61,16.646670818328857,61,16.974870920181274,61,17.287800788879395,61,17.687225580215454,61,17.999049425125122,61,18.42126703262329,61,18.70780062675476,61,19.047158241271973,61,19.32347869873047,61,19.632749319076538,61,19.96083164215088,61,20.382494926452637,61,20.71128273010254,61,21.126106023788452,61,21.55560827255249,61,21.87262725830078,61,22.18414807319641,61,22.604204654693604,61,23.03413462638855,61,23.349655389785767,61,23.771517753601074,61,24.08560824394226,61,24.507896661758423,61,24.839083433151245,61,25.150650024414062,61,25.575315713882446,61,25.995829343795776,61,26.32686972618103,61,26.750694036483765,61,27.062809228897095,61,27.47995090484619,61,27.805774688720703,61,28.119994640350342,61,28.435604572296143,61,28.75208806991577,61,29.032267093658447,61,29.31144952774048,61,29.627498149871826,61,30.03534698486328,61,30.365333080291748,61,30.645455598831177,61,31.060207843780518,61,31.375357151031494,61,31.693434715270996,61,32.00339317321777,61,32.27766036987305,61,32.596818685531616,61,32.908313035964966,61,33.2270393371582,61,33.542136907577515,61,33.87148571014404,61,34.29860019683838,61,34.72066783905029,61,35.0489399433136,61,35.373018741607666,61,35.6876220703125,61,36.11054849624634,61,36.44067573547363,61,36.84225845336914,61,37.25790786743164,61,37.65908336639404,61,37.967209339141846,61,38.373944997787476,61,38.78802299499512,61,39.10031843185425,61,39.50441765785217,61,39.81929802894592,61,40.239120960235596,61,40.55046558380127,61,40.85628867149353,61,41.17127275466919,61,41.4840030670166,61,41.75633120536804,61,42.17917561531067,61,42.48966717720032,61,42.76974081993103,61,43.169052839279175,61,43.484827756881714,61,43.909138917922974,61,44.22199106216431,61,44.54789161682129,61,44.96542000770569,61,45.38633632659912,61,45.70166754722595,61,45.97591423988342,61,46.29134798049927,61,46.61425566673279,61,47.04139184951782,61,47.32075762748718,61,47.741726875305176,61,48.14819073677063,61,48.56899285316467,61,48.97886562347412,61,49.3805468082428,61,49.712193727493286,61,49.99295473098755,61,50.41988801956177,61,50.749637842178345,61,51.15241289138794,61,51.58652305603027,61,51.98783326148987,61,52.3199303150177,61,52.740896463394165,61,53.06229329109192,61,53.364246129989624,61,53.7910430431366,61,54.20991277694702,61,54.6189067363739,61,54.944926023483276,61,55.25508975982666,61,55.68088173866272,61,56.10064935684204,61,56.503167390823364,61,56.923866987228394,61,57.236494064331055,61,57.55119442939758,61,57.952184200286865,61,58.355223655700684,61,58.77961087226868,61,59.192344665527344,61,59.59193992614746,61,60.00898241996765,61,60.33577060699463,61,60.75194811820984,61,61.07967925071716,61,61.3618803024292,61,61.76568078994751,61,62.198720932006836,61,62.52915716171265,61,62.84066367149353,61,63.15114402770996,61,63.46515250205994,61,63.86951041221619,61,64.19872760772705,61,64.52882289886475,61,64.85641717910767,61,65.26279163360596,61,65.6831521987915,61,66.0906732082367,61,66.49209070205688,61,66.89439129829407,61,67.20505666732788,61,67.62847995758057,61,68.0447359085083,61,68.45373106002808,61,68.87897062301636,61,69.2081048488617,61,69.61103582382202,61,70.01208710670471,61,70.32534456253052,61,70.62124586105347,61,71.03372287750244,61,71.36021184921265,61,71.78165221214294,61,72.20247864723206,61,72.4820146560669,61,72.9058027267456,61,73.23738098144531,61,73.66591930389404,61,74.07134580612183,61,74.46855330467224,61,74.78034138679504,61,75.20490765571594,61,75.62624883651733,61,76.04678082466125,61,76.4493932723999,61,76.84927558898926,61,77.17386102676392,61,77.59398937225342,61,77.9084825515747,61,78.31466817855835,61,78.63333678245544,61,79.05790114402771,61,79.47697496414185,61,79.81395101547241,61,80.2121970653534,61,80.52707982063293,61,80.92626643180847,61,81.23927783966064,61,81.5720226764679,61,81.8822033405304,61,82.30870079994202,61,82.71058297157288,61,83.10911154747009,61,83.42000317573547,61,83.82289600372314,61,84.22672867774963,61,84.5574460029602,61,84.98207664489746,61,85.31258821487427,61,85.73530459403992,61,86.15521907806396,61,86.55963492393494,61,86.84003448486328,61,87.26858043670654,61,87.66642832756042,61,88.08725905418396,61,88.4180588722229,61,88.73642563819885,61,89.14939022064209,61,89.4798264503479,61,89.76243567466736,61,90.04152154922485,61,90.47493600845337,61,90.87593054771423,61,91.20520806312561,61,91.61175084114075,61,91.92886090278625,61,92.20525407791138,61,92.61534905433655,61,93.02123785018921,61,93.33682560920715,61,93.74175548553467,61,94.16647291183472,61,94.59025073051453,61,94.92062163352966,61,95.34259676933289,61,95.67511296272278,61,96.09654116630554,61,96.39849019050598,61,96.81961417198181,61,97.23957395553589,61,97.57259726524353,61,97.90549874305725,61,98.23812413215637,61,98.570467710495,61,98.88113069534302,61,99.21083950996399,61,99.4888710975647,61,99.91260600090027,61,100.2228786945343,61,100.52279424667358,61,100.83634924888611,61,101.23521327972412,61,101.66050601005554,61,102.06046438217163,61,102.39147686958313,61,102.7056577205658,61,103.13051652908325,61,103.45792746543884,61,103.86495161056519,61,104.28193140029907,61,104.68514823913574,61,105.08959460258484,61,105.49271750450134,61,105.89364290237427,61,106.31363725662231,61,106.7177095413208,61,107.11998534202576,61,107.54996109008789,61,107.83094525337219,61,108.25468397140503,61,108.65946865081787,61,109.08204483985901,61,109.3616943359375,61,109.6715075969696,61,109.94900250434875,61,110.27870583534241,61,110.69907021522522,61,110.97983694076538,61,111.40585231781006,61,111.70259165763855,61,112.02720260620117,61,112.34165668487549,61,112.62005043029785,61,112.94396996498108,61,113.36266851425171,61,113.79018020629883,61,114.21604323387146,61,114.5032753944397,61,114.92424750328064,61,115.32898044586182,61,115.74147772789001,61,116.05212450027466,61,116.47341585159302,61,116.89597487449646,61,117.20909070968628,61,117.6273717880249,61,117.9563524723053,61,118.2725088596344,61,118.597332239151,61,118.91041851043701,61,119.18773770332336,61,119.59667301177979,61,119.91172933578491,61,120.24994492530823,61,120.56268548965454,61,120.87796640396118,61,121.27163028717041,61,121.5843403339386,61,121.8655173778534,61,122.28852581977844,61,122.71043300628662,61,122.98763084411621,61,123.415283203125,61,123.73090553283691,61,124.15028285980225,61,124.46230149269104,61,124.86510229110718,61,125.28625988960266,61,125.61696648597717,61,126.02396702766418,61,126.33512091636658,61,126.6485378742218,61,126.97783279418945,61,127.40046858787537,61,127.7134063243866,61,128.1332848072052,61,128.409193277359,61,128.6880931854248,61,129.0203936100006,61,129.42204332351685,61,129.74270725250244,61,130.14654064178467,61,130.47952675819397,61,130.7549488544464,61,131.072199344635,61,131.34624671936035,61,131.67791962623596,61,132.09719967842102,61,132.52367424964905,61,132.80085444450378,61,133.11747241020203,61,133.5318901538849,61,133.9401571750641,61,134.36164045333862,61,134.7838957309723,61,135.0948188304901,61,135.5002417564392,61,135.81632208824158,61,136.22964811325073,61,136.63765215873718,61,136.96788883209229,61,137.29921579360962,61,137.6998791694641,61,138.12550711631775,61,138.43949508666992,61,138.84842896461487,61,139.2716884613037,61,139.60228753089905,61,139.87690091133118,61,140.29568314552307,61,140.5706057548523,61,140.98875308036804,61,141.29893565177917,61,141.71367740631104,61,142.11662888526917,61,142.44978547096252,61,142.8705472946167,61,143.2917206287384,61,143.61739873886108,61,144.0337996482849,61,144.36006331443787,61,144.77276062965393,61,145.08416938781738,61,145.3961091041565,61,145.80206513404846,61,146.2030806541443,61,146.63045263290405,61,147.04292798042297,61,147.3157777786255,61,147.63792991638184,61,148.0448398590088,61,148.32407689094543,61,148.654048204422,61,148.9779326915741,61,149.28953289985657,61,149.69631958007812,61,150.10829162597656,61,150.53004789352417,61,150.80930924415588,61,151.21558117866516,61,151.49008321762085,61,151.90728187561035,61,152.326642036438,61,152.75182557106018,61,153.1682267189026,61,153.4979600906372,61,153.77971625328064,61,154.11346697807312,61,154.54294562339783,61,154.96439695358276,61,155.38074135780334,61,155.81479954719543,61,156.21261072158813,61,156.54176783561707,61,156.81762790679932,61,157.09541082382202,61,157.409485578537,61,157.81032180786133,61,158.2177176475525,61,158.61504888534546,61,158.89368987083435,61,159.1838734149933,61,159.46451687812805,61,159.78217005729675,61,160.20511198043823,61,160.53599333763123,61,160.9408357143402,61,161.36290955543518,61,161.6439335346222,61,161.9422824382782,61,162.36628031730652,61,162.77068614959717,61,163.1914849281311,61,163.50437259674072,61,163.8200991153717,61,164.23484826087952,61,164.64110469818115,61,165.0638711452484,61,165.46933269500732,61,165.86951637268066,61,166.19110584259033,61,166.61848711967468,61,167.02797436714172,61,167.34914898872375,61,167.76603984832764,61,168.16310214996338,61,168.44226622581482,61,168.8662407398224,61,169.28916192054749,61,169.71068382263184,61,170.13459277153015,61,170.55665159225464,61,170.8844769001007,61,171.1709499359131,61,171.4878122806549,61,171.8006865978241,61,172.12756037712097,61,172.54304432868958,61,172.86066007614136,61,173.1738202571869,61,173.50174045562744,61,173.81545543670654,61,174.2344787120819,61,174.6470000743866,61,174.96167945861816,61,175.27470207214355,61,175.6799886226654,61,176.09637570381165,61,176.52659511566162,61,176.84355092048645,61,177.1548936367035,61,177.46786737442017,61,177.783873796463,61,178.1918089389801,61,178.5133924484253,61,178.7973473072052,61,179.07566499710083,61,179.35769057273865,61,179.66685914993286,61,180.09136509895325,61,180.42357754707336,61,180.82620906829834,61,181.14144849777222,61,181.4227650165558,61,181.826171875,61,182.22512912750244,61,182.64859127998352,61,183.04959917068481,61,183.36211943626404,61,183.64493107795715,61,183.9650797843933,61,184.26522016525269,61,184.6900134086609,61,185.02213215827942,61,185.4364950656891,61,185.85457253456116,61,186.25928258895874,61,186.67521166801453,61,187.10261178016663,61,187.41701698303223,61,187.8197419643402,61,188.12981748580933,61,188.55352139472961,61,188.9593768119812,61,189.35810375213623,61,189.67042112350464,61,190.0760736465454,61,190.40512990951538,61,190.71702313423157,61,191.04443550109863,61,191.47030925750732,61,191.8031075000763,61,192.20531606674194,61,192.6282901763916,61,192.9384479522705,61,193.3432047367096,61,193.76279091835022,61,194.16841578483582,61,194.47431564331055,61,194.88485264778137,61,195.3130578994751,61,195.59295392036438,61,196.02389883995056,61,196.45171904563904,61,196.7735641002655,61,197.19366765022278,61,197.59747076034546,61,198.0153341293335,61,198.32561349868774,61,198.6431758403778,61,198.91908478736877,61,199.31975102424622,61,199.6003611087799,61,200.02235674858093,61,200.4241955280304,61,200.73450016975403,61,201.04697823524475,61,201.35887908935547,61,201.6698122024536,61,201.98296880722046,61,202.3151571750641,61,202.73823189735413,61,203.04781031608582,61,203.47024273872375,61,203.87614464759827,61,204.27540230751038,61,204.55479907989502,61,204.98348379135132,61,205.29472732543945,61,205.60962438583374,61,205.92501640319824,61,206.2368221282959,61,206.5397765636444,61,206.85075879096985,61,207.2692792415619,61,207.5482747554779,61,207.86319017410278,61,208.1788046360016,61,208.60173726081848,61,209.0059621334076,61,209.2874300479889,61,209.6996612548828,61,210.09990859031677,61,210.41178727149963,61,210.81499218940735,61,211.1288046836853,61,211.56092739105225,61,211.8927993774414,61,212.31581473350525,61,212.71843767166138,61,213.04886484146118,61,213.4687774181366,61,213.89512395858765,61,214.20687675476074,61,214.48875069618225,61,214.92265343666077,61,215.3345925807953,61,215.64573979377747,61,216.0682544708252,61,216.48937940597534,61,216.82001566886902,61,217.22059965133667,61,217.55452013015747,61,217.9606740474701,61,218.39160919189453,61,218.81873059272766,61,219.13374090194702,61,219.55898356437683,61,219.95904731750488,61,220.27831864356995,61,220.70412755012512,61,221.03125548362732,61,221.42807531356812,61,221.8316946029663,61,222.16204953193665,61,222.47283267974854,61,222.75189185142517,61,223.17116332054138,61,223.48581624031067,61,223.8821771144867,61,224.30300283432007,61,224.62524962425232,61,224.93381571769714,61,225.2617597579956,61,225.59123182296753,61,225.8646092414856,61,226.17772340774536,61,226.48555898666382,61,226.907479763031,61,227.3256733417511,61,227.73923683166504,61,228.00952005386353,61,228.33559942245483,61,228.7404806613922,61,229.01743292808533,61,229.30190205574036,61,229.72110676765442,61,230.13629031181335,61,230.4502511024475,61,230.87168502807617,61,231.18355107307434,61,231.49545860290527,61,231.80637741088867,61,232.21519708633423,61,232.62811732292175,61,232.95404314994812,61,233.3783838748932,61,233.68824410438538,61,233.99724507331848,61,234.3942289352417,61,234.70003724098206,61,235.1146092414856,61,235.3984649181366,61,235.71007633209229,61,236.1132037639618,61,236.50655722618103,61,236.8289258480072,61,237.2326967716217,61,237.50130605697632,61,237.91436004638672,61,238.21564888954163,61,238.53677034378052,61,238.92739033699036,61,239.331618309021,61,239.73279929161072,61,240.1239528656006,61,240.53166365623474,61,240.94937539100647,61,241.25872778892517,61,241.58685779571533,61,241.98772859573364,61,242.39126634597778,61,242.66861271858215,61,242.99255418777466,61,243.4154088497162,61,243.69361519813538,61,244.08953046798706,61,244.387225151062,61,244.6979784965515,61,244.99939608573914,61,245.3251609802246,61,245.62312150001526,61,246.02052402496338,61,246.4239776134491,61,246.82405161857605,61,247.14572095870972,61,247.57044863700867,61,247.8440225124359,61,248.11344075202942,61,248.53054666519165,61,248.85514426231384,61,249.16710090637207,61,249.47954773902893,61,249.90000462532043,61,250.20431971549988,61,250.5160584449768,61,250.82712268829346,61,251.23231649398804,61,251.65253520011902,61,251.92803812026978,61,252.32678985595703,61,252.65027332305908,61,253.05589985847473,61,253.36845088005066,61,253.69757652282715,61,254.01070356369019,61,254.3198881149292,61,254.63811445236206,61,254.95505046844482,61,255.38428282737732,61,255.69579219818115,61,256.00841665267944,61,256.4121298789978,61,256.7007005214691,61,257.11600852012634,61,257.51834774017334,61,257.91980171203613,61,258.33054065704346,61,258.7532548904419,61,259.06371545791626,61,259.3458993434906,61,259.66165566444397,61,260.08319115638733,61,260.39728689193726,61,260.8123869895935,61,261.20950293540955,61,261.52072048187256,61,261.9424819946289,61,262.3472521305084,61,262.7487277984619,61,263.06087827682495,61,263.4828939437866,61,263.9057471752167,61,264.2206218242645,61,264.5507218837738,61,264.88122510910034,61,265.2033760547638,61,265.627658367157,61,266.04887652397156,61,266.3626458644867,61,266.7778072357178,61,267.0491144657135,61,267.3279218673706,61,267.72905683517456,61,268.0602602958679,61,268.48063945770264,61,268.906950712204,61,269.3370268344879,61,269.74015831947327,61,270.1573808193207,61,270.5773198604584,61,270.97785806655884,61,271.3092224597931,61,271.6240961551666,61,271.90533661842346,61,272.1855227947235,61,272.5831084251404,61,272.9902992248535,61,273.41244888305664,61,273.69114446640015,61,273.97271943092346,61,274.26454734802246,61,274.5687966346741,61,274.8903775215149,61,275.2017402648926,61,275.48077273368835,61,275.87426233291626,61,276.2708556652069,61,276.57644152641296,61,276.99302196502686,61,277.30382919311523,61,277.72935724258423,61,278.1428678035736,61,278.4710237979889,61,278.8973045349121,61,279.29575514793396,61,279.69928646087646,61,280.00969767570496,61,280.41248297691345,61,280.7399184703827,61,281.135507106781,61,281.44793605804443,61,281.8673551082611,61,282.2743515968323,61,282.5427486896515,61,282.8564794063568,61,283.27151322364807,61,283.69263887405396,61,284.09087562561035,61,284.4858646392822,61,284.90904355049133,61,285.2209577560425,61,285.4997527599335,61,285.81329464912415,61,286.12568640708923,61,286.550128698349,61,286.9509620666504,61,287.2624065876007,61,287.66962599754333,61,288.0823402404785,61,288.4071533679962,61,288.814759016037,61,289.15156960487366,61,289.5562891960144,61,289.86763525009155,61,290.14131927490234,61,290.4717845916748,61,290.8866243362427,61,291.1718313694,61,291.5661709308624,61,291.8630647659302,61,292.2665362358093,61,292.57990026474,61,292.88922238349915,61,293.220730304718,61,293.5305881500244,61,293.9507794380188,61,294.3447210788727,61,294.7470715045929,61,295.0786488056183,61,295.3978500366211,61,295.72257709503174,61,296.0346474647522,61,296.46407890319824,61,296.73401856422424,61,297.1638505458832,61,297.5850820541382,61,298.008686542511,61,298.3375668525696,61,298.62765884399414,61,299.0320348739624,61,299.33844804763794,61,299.6644997596741,61,300.0255615711212
2,random graphs/big_layer/r1.5k12n8/graph2.lgbin,844460,290.946129322052,39,109,0,40,0.32384467124938965,39,0.8404450416564941,39,1.1328742504119873,39,1.6559758186340332,39,2.177163600921631,39,2.4841060638427734,39,2.7860047817230225,39,3.3048834800720215,39,3.5971527099609375,39,4.130612134933472,39,4.651490926742554,39,4.955339431762695,39,5.296662330627441,39,5.595767498016357,39,5.8933327198028564,39,6.4184465408325195,39,6.714299201965332,39,7.240930080413818,39,7.765238046646118,39,8.287572622299194,39,8.58927845954895,39,9.117263317108154,39,9.646365404129028,39,9.947189331054688,39,10.46779489517212,39,10.998725652694702,39,11.305373907089233,39,11.638582229614258,39,12.165036916732788,39,12.461050271987915,39,12.986018896102905,39,13.523940086364746,39,13.858894348144531,39,14.16192078590393,39,14.680558204650879,39,14.992311477661133,39,15.522892951965332,39,16.049269437789917,39,16.345247745513916,39,16.87491250038147,39,17.213967084884644,39,17.623318195343018,39,18.146212577819824,39,18.55743408203125,39,19.088369607925415,39,19.615789890289307,39,19.917895078659058,39,20.23067593574524,39,20.529654264450073,39,20.83409857749939,39,21.148167848587036,39,21.450559616088867,39,21.74690866470337,39,22.26687502861023,39,22.7938711643219,39,23.32595658302307,39,23.627475261688232,39,23.934687614440918,39,24.24370312690735,39,24.586720943450928,39,25.108718633651733,39,25.59522271156311,39,25.887543439865112,39,26.195164442062378,39,26.594919204711914,39,27.113177061080933,39,27.41327714920044,39,27.929376125335693,39,28.457451820373535,39,28.791083574295044,39,29.33319926261902,39,29.633297443389893,39,29.9375102519989,39,30.236053466796875,39,30.76450252532959,39,31.293411016464233,39,31.586981296539307,39,32.1048150062561,39,32.4569890499115,39,32.980666160583496,39,33.273566484451294,39,33.79509735107422,39,34.32035446166992,39,34.62190890312195,39,35.05977439880371,39,35.57890200614929,39,36.10374712944031,39,36.618736028671265,39,37.142030239105225,39,37.68634796142578,39,38.21382284164429,39,38.547749042510986,39,38.96142625808716,39,39.482905864715576,39,40.00501108169556,39,40.52783465385437,39,40.83136463165283,39,41.1314697265625,39,41.43598031997681,39,41.96191644668579,39,42.25731563568115,39,42.59016036987305,39,43.123116970062256,39,43.6424560546875,39,43.93675780296326,39,44.237380266189575,39,44.75853991508484,39,45.27994728088379,39,45.576024770736694,39,46.10197305679321,39,46.63248682022095,39,46.936058044433594,39,47.4559063911438,39,47.7594850063324,39,48.27413010597229,39,48.621843099594116,39,48.925837993621826,39,49.45092010498047,39,49.75077271461487,39,50.08556008338928,39,50.41718506813049,39,50.94647574424744,39,51.250346422195435,39,51.78101062774658,39,52.08339548110962,39,52.61231184005737,39,53.14180016517639,39,53.65869617462158,39,53.96685194969177,39,54.29972195625305,39,54.60429358482361,39,54.90196919441223,39,55.4309606552124,39,55.72768211364746,39,56.029208183288574,39,56.553565979003906,39,56.8508141040802,39,57.159401416778564,39,57.45555353164673,39,57.97904300689697,39,58.50066566467285,39,58.806316614151,39,59.20889449119568,39,59.730356216430664,39,60.24871492385864,39,60.776530027389526,39,61.30416798591614,39,61.60244679450989,39,61.9473340511322,39,62.42617344856262,39,62.94346261024475,39,63.47568416595459,39,63.774696826934814,39,64.2873842716217,39,64.59277248382568,39,64.90280389785767,39,65.20109248161316,39,65.73031973838806,39,66.036550283432,39,66.55489873886108,39,67.08303999900818,39,67.60799527168274,39,68.13939881324768,39,68.6635901927948,39,68.96416711807251,39,69.49332904815674,39,69.82759094238281,39,70.34688019752502,39,70.87536406517029,39,71.39202404022217,39,71.92332077026367,39,72.224618434906,39,72.7517454624176,39,73.0568642616272,39,73.58517980575562,39,73.98756504058838,39,74.28460741043091,39,74.5888671875,39,74.89939379692078,39,75.19909191131592,39,75.5051040649414,39,75.81386113166809,39,76.33416366577148,39,76.63817524909973,39,76.93234944343567,39,77.46939039230347,39,77.98415160179138,39,78.28285479545593,39,78.80650997161865,39,79.33676052093506,39,79.63703656196594,39,79.93896269798279,39,80.25165963172913,39,80.77971720695496,39,81.32155728340149,39,81.6175377368927,39,81.9210479259491,39,82.21992230415344,39,82.73922538757324,39,83.26884889602661,39,83.55905294418335,39,83.8610520362854,39,84.17353320121765,39,84.48434972763062,39,84.81021690368652,39,85.33676648139954,39,85.63291215896606,39,85.94686245918274,39,86.476491689682,39,86.99343347549438,39,87.30062580108643,39,87.604900598526,39,88.13001036643982,39,88.64733529090881,39,89.16600275039673,39,89.46359467506409,39,89.75937247276306,39,90.28311467170715,39,90.81388449668884,39,91.1134443283081,39,91.6424446105957,39,91.93930244445801,39,92.23146843910217,39,92.63469314575195,39,93.17091155052185,39,93.48228764533997,39,93.82554507255554,39,94.11707019805908,39,94.44997572898865,39,94.97854590415955,39,95.2782928943634,39,95.8006682395935,39,96.1377305984497,39,96.43518424034119,39,96.73733353614807,39,97.25499486923218,39,97.55469632148743,39,97.96637320518494,39,98.48248243331909,39,99.00566411018372,39,99.41085624694824,39,99.71189713478088,39,100.23930358886719,39,100.53853034973145,39,100.83967208862305,39,101.36793375015259,39,101.71665048599243,39,102.01585030555725,39,102.31759524345398,39,102.62399363517761,39,102.92411947250366,39,103.21580123901367,39,103.73884725570679,39,104.08732461929321,39,104.39241218566895,39,104.69217276573181,39,105.22130393981934,39,105.52827262878418,39,106.05363893508911,39,106.58532238006592,39,106.87878394126892,39,107.42599105834961,39,107.95188736915588,39,108.47969508171082,39,109.01291561126709,39,109.31041646003723,39,109.79814291000366,39,110.32300639152527,39,110.62829637527466,39,110.93365383148193,39,111.46394395828247,39,111.76289367675781,39,112.30302906036377,39,112.60146951675415,39,113.11770725250244,39,113.41461730003357,39,113.94607663154602,39,114.47252655029297,39,114.99500036239624,39,115.29390621185303,39,115.8177592754364,39,116.12332081794739,39,116.65191578865051,39,116.95212531089783,39,117.28877878189087,39,117.58702325820923,39,117.88103437423706,39,118.19237303733826,39,118.49023938179016,39,119.01769351959229,39,119.53097438812256,39,119.83519411087036,39,120.36290836334229,39,120.66616797447205,39,121.19147777557373,39,121.71930027008057,39,122.05500555038452,39,122.35012888908386,39,122.8736457824707,39,123.39672899246216,39,123.91078567504883,39,124.20666551589966,39,124.5110251903534,39,124.84127759933472,39,125.17265748977661,39,125.70765852928162,39,126.23871874809265,39,126.76848149299622,39,127.27694201469421,39,127.80238723754883,39,128.13313150405884,39,128.6638958454132,39,129.19427800178528,39,129.72503399848938,39,130.25726890563965,39,130.79092240333557,39,131.0878255367279,39,131.6194486618042,39,131.924072265625,39,132.223126411438,39,132.75207352638245,39,133.2862720489502,39,133.69655513763428,39,133.99635100364685,39,134.52579712867737,39,134.8316330909729,39,135.23473405838013,39,135.7577428817749,39,136.05589962005615,39,136.49418568611145,39,137.02639389038086,39,137.3612880706787,39,137.65623879432678,39,138.1770260334015,39,138.69684529304504,39,139.10603547096252,39,139.5186767578125,39,140.0460343360901,39,140.57710790634155,39,141.08885097503662,39,141.4317479133606,39,141.96205639839172,39,142.4954981803894,39,142.84167885780334,39,143.3715889453888,39,143.89253401756287,39,144.41606903076172,39,144.72643113136292,39,145.2501916885376,39,145.54410982131958,39,145.84411931037903,39,146.1465654373169,39,146.664555311203,39,147.17999839782715,39,147.70674443244934,39,148.008770942688,39,148.31074237823486,39,148.60909962654114,39,149.1439938545227,39,149.44461393356323,39,149.97838854789734,39,150.49920511245728,39,151.03151535987854,39,151.32619833946228,39,151.85947847366333,39,152.38503050804138,39,152.9026231765747,39,153.4339153766632,39,153.74054408073425,39,154.0454261302948,39,154.56192684173584,39,155.08553290367126,39,155.6048195362091,39,156.12735724449158,39,156.42936849594116,39,156.72254085540771,39,157.25162553787231,39,157.77122044563293,39,158.110533952713,39,158.42193031311035,39,158.83389568328857,39,159.12377309799194,39,159.42580318450928,39,159.72944235801697,39,160.26543879508972,39,160.56254839897156,39,161.08416032791138,39,161.6245837211609,39,162.1479549407959,39,162.44437193870544,39,162.96640849113464,39,163.48954963684082,39,164.00723242759705,39,164.53637766838074,39,164.84083771705627,39,165.176349401474,39,165.5096082687378,39,165.84259152412415,39,166.14278554916382,39,166.6624219417572,39,166.9611804485321,39,167.49918031692505,39,167.8307750225067,39,168.18284225463867,39,168.51748061180115,39,168.82039332389832,39,169.33925700187683,39,169.8584532737732,39,170.38251090049744,39,170.91410970687866,39,171.43965363502502,39,171.7358913421631,39,172.2609519958496,39,172.56108117103577,39,172.9632818698883,39,173.36371755599976,39,173.89054989814758,39,174.41677403450012,39,174.94045639038086,39,175.46663546562195,39,175.98427724838257,39,176.2856056690216,39,176.63511538505554,39,177.15508842468262,39,177.67802548408508,39,178.2022578716278,39,178.4980149269104,39,179.03227400779724,39,179.572815656662,39,180.10695266723633,39,180.4086833000183,39,180.70976901054382,39,181.23010540008545,39,181.6481192111969,39,182.18361616134644,39,182.69957566261292,39,183.00178241729736,39,183.52855968475342,39,183.8290934562683,39,184.35180711746216,39,184.88432335853577,39,185.23107409477234,39,185.5283932685852,39,185.82833003997803,39,186.13304352760315,39,186.4348521232605,39,186.958970785141,39,187.47432160377502,39,187.8123960494995,39,188.1520392894745,39,188.68212008476257,39,189.20960354804993,39,189.55340552330017,39,189.8518087863922,39,190.15430188179016,39,190.45916104316711,39,190.98030257225037,39,191.50768399238586,39,191.81236863136292,39,192.33928847312927,39,192.815167427063,39,193.34427547454834,39,193.7504289150238,39,194.0613293647766,39,194.4042992591858,39,194.92871260643005,39,195.22288012504578,39,195.52739453315735,39,195.83072090148926,39,196.14552903175354,39,196.66720819473267,39,196.96222281455994,39,197.296888589859,39,197.59742188453674,39,198.11888241767883,39,198.6462857723236,39,198.94946336746216,39,199.24727153778076,39,199.765727519989,39,200.16605353355408,39,200.68672275543213,39,200.98780965805054,39,201.292560338974,39,201.63670539855957,39,202.05943298339844,39,202.5741424560547,39,202.8761510848999,39,203.39802360534668,39,203.92497777938843,39,204.44994449615479,39,204.74687457084656,39,205.14179134368896,39,205.6650948524475,39,205.99968791007996,39,206.2990608215332,39,206.82230162620544,39,207.11670351028442,39,207.64389824867249,39,207.94127535820007,39,208.4618215560913,39,208.7554874420166,39,209.27213215827942,39,209.78237414360046,39,210.29951930046082,39,210.83212804794312,39,211.16721105575562,39,211.69712734222412,39,212.03620958328247,39,212.3325514793396,39,212.75062561035156,39,213.04913091659546,39,213.39640998840332,39,213.92416715621948,39,214.22754192352295,39,214.5592224597931,39,215.0766839981079,39,215.60106706619263,39,215.8965470790863,39,216.19836020469666,39,216.5316047668457,39,216.83137607574463,39,217.35734176635742,39,217.8882496356964,39,218.1945972442627,39,218.49850392341614,39,218.82998180389404,39,219.3615448474884,39,219.66711521148682,39,219.97197031974792,39,220.4513554573059,39,220.971773147583,39,221.49474906921387,39,221.7927598953247,39,222.09354639053345,39,222.63329482078552,39,223.15988945960999,39,223.69045186042786,39,223.98417472839355,39,224.5079801082611,39,225.03546023368835,39,225.57063698768616,39,226.09608936309814,39,226.52856516838074,39,227.0601451396942,39,227.35339164733887,39,227.8758087158203,39,228.39193320274353,39,228.91097855567932,39,229.43836545944214,39,229.96146965026855,39,230.47992706298828,39,231.0006594657898,39,231.53018712997437,39,232.05140113830566,39,232.35478019714355,39,232.6969747543335,39,233.00066256523132,39,233.39762043952942,39,233.86651396751404,39,234.16416716575623,39,234.68427300453186,39,235.2027187347412,39,235.54988956451416,39,235.8557949066162,39,236.15648245811462,39,236.45719957351685,39,236.80585360527039,39,237.11008024215698,39,237.40495252609253,39,237.92734026908875,39,238.22701716423035,39,238.56692123413086,39,238.87055897712708,39,239.1785433292389,39,239.4862961769104,39,239.78859758377075,39,240.13479852676392,39,240.47132539749146,39,240.7720227241516,39,241.11910438537598,39,241.64817690849304,39,242.13451957702637,39,242.42708706855774,39,242.7381718158722,39,243.26800966262817,39,243.56156659126282,39,244.0924310684204,39,244.6270878314972,39,244.93224477767944,39,245.22908186912537,39,245.5327935218811,39,246.05564618110657,39,246.5820677280426,39,246.92051768302917,39,247.44958877563477,39,247.75739812850952,39,248.05751132965088,39,248.3497130870819,39,248.6509792804718,39,248.95178961753845,39,249.24504208564758,39,249.58786940574646,39,249.8763072490692,39,250.39473628997803,39,250.69489121437073,39,251.2094259262085,39,251.61861991882324,39,251.91852641105652,39,252.4441614151001,39,252.9685525894165,39,253.30813694000244,39,253.8421928882599,39,254.35622596740723,39,254.64717030525208,39,255.16875410079956,39,255.5061490535736,39,255.80205154418945,39,256.09460973739624,39,256.39507508277893,39,256.6887857913971,39,256.9784858226776,39,257.5015208721161,39,257.79226875305176,39,258.30250334739685,39,258.5997347831726,39,259.1165523529053,39,259.4074468612671,39,259.82468819618225,39,260.3358545303345,39,260.6239387989044,39,261.13707160949707,39,261.64970898628235,39,262.1618957519531,39,262.4892246723175,39,263.0114231109619,39,263.42699790000916,39,263.7157711982727,39,264.0441737174988,39,264.34091305732727,39,264.8620374202728,39,265.1570782661438,39,265.4568634033203,39,265.7482109069824,39,266.2566285133362,39,266.54767537117004,39,266.84562253952026,39,267.35573291778564,39,267.87175941467285,39,268.37979388237,39,268.67280888557434,39,268.95661878585815,39,269.2797918319702,39,269.79756474494934,39,270.31538462638855,39,270.6079668998718,39,270.90732884407043,39,271.201287984848,39,271.7337877750397,39,272.2716591358185,39,272.5711133480072,39,272.9955024719238,39,273.5179033279419,39,274.04017543792725,39,274.55863308906555,39,274.8520405292511,39,275.25631308555603,39,275.77200508117676,39,276.29464745521545,39,276.80432295799255,39,277.0936954021454,39,277.61142206192017,39,278.1204206943512,39,278.41054821014404,39,278.7606403827667,39,279.0679545402527,39,279.58395290374756,39,279.9131004810333,39,280.21265935897827,39,280.73663330078125,39,281.02757263183594,39,281.3296856880188,39,281.86509585380554,39,282.39389991760254,39,282.6886374950409,39,282.9821207523346,39,283.500036239624,39,284.0279014110565,39,284.32948446273804,39,284.65958619117737,39,285.17367815971375,39,285.5073082447052,39,285.84085178375244,39,286.32109665870667,39,286.85444498062134,39,287.3752007484436,39,287.901109457016,39,288.42164373397827,39,288.7149987220764,39,289.2357416152954,39,289.7529926300049,39,290.28030920028687,39,290.80092573165894,39,291.1072361469269,39,291.4067316055298,39,291.83025646209717,39,292.1316604614258,39,292.64905834198,39,292.94156074523926,39,293.46259927749634,39,293.76033210754395,39,294.1650595664978,39,294.5097074508667,39,294.8163764476776,39,295.3516204357147,39,295.6847789287567,39,296.2093291282654,39,296.5435574054718,39,296.83957862854004,39,297.1410319805145,39,297.44100856781006,39,297.96182775497437,39,298.2576832771301,39,298.7751319408417,39,299.30216336250305,39,299.8283143043518,39,300.0171821117401
3,random graphs/big_layer/r1.5k12n8/graph3.lgbin,844460,293.05609154701233,65,146,0,69,0.42716288566589355,65,1.302535057067871,65,1.584954023361206,65,2.3645260334014893,65,2.6408162117004395,65,3.4257352352142334,65,3.7089595794677734,65,4.488201141357422,65,4.754251718521118,65,5.535357475280762,65,5.814081430435181,65,6.0780041217803955,65,6.853216648101807,65,7.1133713722229,65,7.378254413604736,65,7.638467311859131,65,7.900509357452393,65,8.6727454662323,65,9.104660987854004,65,9.416109323501587,65,10.203368902206421,65,10.453596115112305,65,10.796181678771973,65,11.576198816299438,65,12.344613075256348,65,12.593605518341064,65,13.359845876693726,65,13.62175178527832,65,13.87786054611206,65,14.137097358703613,65,14.399048089981079,65,15.176012516021729,65,15.428411483764648,65,16.207650184631348,65,16.451992988586426,65,17.23532247543335,65,18.019068479537964,65,18.804712772369385,65,19.586967706680298,65,19.863203048706055,65,20.130837202072144,65,20.906563997268677,65,21.17508029937744,65,21.952739238739014,65,22.216519355773926,65,22.56667399406433,65,23.349440097808838,65,23.624873876571655,65,24.394480228424072,65,25.156790494918823,65,25.432960033416748,65,25.705706119537354,65,26.476948022842407,65,27.254685163497925,65,28.036507606506348,65,28.809577465057373,65,29.07826542854309,65,29.335664749145508,65,30.109776258468628,65,30.891456127166748,65,31.66747260093689,65,32.4452383518219,65,33.22861337661743,65,33.500847578048706,65,34.282214879989624,65,35.05988788604736,65,35.843395709991455,65,36.11724877357483,65,36.38707756996155,65,36.6219596862793,65,37.39890217781067,65,37.75767159461975,65,38.536277055740356,65,38.81189727783203,65,39.594470262527466,65,39.859100580215454,65,40.6417350769043,65,40.907874584198,65,41.687954902648926,65,42.471540451049805,65,42.70706629753113,65,42.9506950378418,65,43.26512598991394,65,43.538254261016846,65,43.9705069065094,65,44.25388050079346,65,44.517515659332275,65,44.78722286224365,65,45.05868911743164,65,45.834261894226074,65,46.1040723323822,65,46.375669956207275,65,47.15031671524048,65,47.41725707054138,65,48.180442094802856,65,48.45443940162659,65,48.720184326171875,65,49.153167724609375,65,49.93627667427063,65,50.175944566726685,65,50.96121287345886,65,51.226513147354126,65,51.50409770011902,65,51.74213647842407,65,52.519550800323486,65,52.8754677772522,65,53.158732891082764,65,53.50742816925049,65,53.75760793685913,65,54.01487445831299,65,54.796626567840576,65,55.06997013092041,65,55.33869242668152,65,55.6812801361084,65,55.94752740859985,65,56.72553896903992,65,56.99566078186035,65,57.77425408363342,65,58.09974408149719,65,58.372987508773804,65,59.15032505989075,65,59.41675090789795,65,59.678067207336426,65,60.45672345161438,65,61.23444175720215,65,62.01627206802368,65,62.29808807373047,65,63.0730664730072,65,63.85980820655823,65,64.64215135574341,65,65.4278781414032,65,65.70735216140747,65,66.48567414283752,65,67.25826978683472,65,67.70149993896484,65,68.49373269081116,65,68.76831912994385,65,69.03173971176147,65,69.31246256828308,65,70.09492373466492,65,70.36152672767639,65,70.62306380271912,65,70.8754506111145,65,71.14259386062622,65,71.91544246673584,65,72.19603824615479,65,72.47070550918579,65,72.73596334457397,65,72.99416470527649,65,73.76576972007751,65,74.11551070213318,65,74.90184211730957,65,75.68625545501709,65,76.47228169441223,65,76.75514316558838,65,77.01545238494873,65,77.33399486541748,65,77.60938453674316,65,77.87905406951904,65,78.13483357429504,65,78.40010094642639,65,79.1795666217804,65,79.43758225440979,65,79.71038150787354,65,79.98192763328552,65,80.75605177879333,65,81.53186964988708,65,81.8143253326416,65,82.08404016494751,65,82.35090899467468,65,83.12805104255676,65,83.40396237373352,65,84.17899537086487,65,84.96343612670898,65,85.74594497680664,65,86.18628549575806,65,86.45609855651855,65,86.6969268321991,65,86.94903516769409,65,87.7354347705841,65,88.00303339958191,65,88.78436541557312,65,89.55940914154053,65,89.82354879379272,65,90.60406684875488,65,91.37765550613403,65,92.1544189453125,65,92.43639850616455,65,93.20942330360413,65,93.99368691444397,65,94.7682535648346,65,95.04295754432678,65,95.30663895606995,65,95.57490468025208,65,96.34581065177917,65,96.61925554275513,65,97.40157413482666,65,97.67432165145874,65,97.94278216362,65,98.20696353912354,65,98.98358297348022,65,99.26596426963806,65,100.04008722305298,65,100.30994415283203,65,101.08627462387085,65,101.41230654716492,65,101.69083595275879,65,101.95500230789185,65,102.21929574012756,65,102.49156975746155,65,103.26990532875061,65,103.55273509025574,65,103.82313752174377,65,104.07544088363647,65,104.85600185394287,65,105.14121747016907,65,105.48375916481018,65,106.27795481681824,65,106.5575213432312,65,106.80117988586426,65,107.57465410232544,65,108.34739518165588,65,109.13179874420166,65,109.91844844818115,65,110.24075841903687,65,111.03149437904358,65,111.81042337417603,65,112.07826280593872,65,112.85670399665833,65,113.1298987865448,65,113.91305422782898,65,114.69545650482178,65,114.96717977523804,65,115.75362730026245,65,116.03495478630066,65,116.80842971801758,65,117.08198976516724,65,117.86254787445068,65,118.13441920280457,65,118.91771006584167,65,119.69211864471436,65,120.47129487991333,65,121.25224494934082,65,121.53135514259338,65,121.7843906879425,65,122.04324340820312,65,122.31147193908691,65,122.58112716674805,65,122.84543180465698,65,123.6277961730957,65,123.90352153778076,65,124.17207169532776,65,124.95618414878845,65,125.22186946868896,65,125.49064207077026,65,126.26123428344727,65,126.53410696983337,65,126.79517149925232,65,127.57026886940002,65,128.35659766197205,65,128.62652277946472,65,128.91113686561584,65,129.18689608573914,65,129.45356464385986,65,130.22609734535217,65,130.99900555610657,65,131.7758753299713,65,132.04900932312012,65,132.82977890968323,65,133.1596655845642,65,133.44779706001282,65,133.71383380889893,65,133.95340824127197,65,134.2315764427185,65,135.00330138206482,65,135.2755422592163,65,135.61015963554382,65,136.40182948112488,65,136.66924023628235,65,136.93815445899963,65,137.19873571395874,65,137.44385862350464,65,138.2246813774109,65,139.01028323173523,65,139.79488110542297,65,140.5756859779358,65,141.35197472572327,65,142.13581705093384,65,142.90829157829285,65,143.68577456474304,65,144.4697985649109,65,145.24380803108215,65,146.0211226940155,65,146.30290389060974,65,147.0862593650818,65,147.864590883255,65,148.64587378501892,65,149.08476638793945,65,149.35604906082153,65,149.70049333572388,65,149.98383259773254,65,150.42828917503357,65,151.2125961780548,65,151.48326325416565,65,151.74868297576904,65,152.5268898010254,65,152.81091833114624,65,153.07643818855286,65,153.34142327308655,65,154.11665391921997,65,154.88860893249512,65,155.1372253894806,65,155.90701842308044,65,156.17783737182617,65,156.44424724578857,65,157.21256279945374,65,157.98796582221985,65,158.76342511177063,65,159.00497841835022,65,159.7822539806366,65,160.13195514678955,65,160.3893859386444,65,161.16479015350342,65,161.942387342453,65,162.71500897407532,65,162.95715808868408,65,163.22047924995422,65,163.9941861629486,65,164.26035928726196,65,165.0404543876648,65,165.30705571174622,65,166.076584815979,65,166.34307146072388,65,166.65811824798584,65,167.4410445690155,65,168.22915410995483,65,168.49929928779602,65,168.74125719070435,65,169.51726460456848,65,170.30222296714783,65,171.08688974380493,65,171.35730600357056,65,171.69445991516113,65,172.4726366996765,65,173.25746512413025,65,174.03320217132568,65,174.8059492111206,65,175.59139847755432,65,176.36663937568665,65,177.1490604877472,65,177.4730248451233,65,178.25734066963196,65,178.50409364700317,65,179.28599762916565,65,180.05863547325134,65,180.33012628555298,65,180.59546637535095,65,180.86494731903076,65,181.1352183818817,65,181.38129043579102,65,182.16076397895813,65,182.94536066055298,65,183.19478178024292,65,183.46827292442322,65,183.73189854621887,65,184.01289057731628,65,184.7856683731079,65,185.128497838974,65,185.38718247413635,65,185.64814805984497,65,186.4246792793274,65,186.6747226715088,65,186.93983674049377,65,187.7148084640503,65,188.4980571269989,65,188.7703230381012,65,189.0330114364624,65,189.8061900138855,65,190.58239030838013,65,191.36186861991882,65,192.14127469062805,65,192.41037702560425,65,192.66117119789124,65,192.99257445335388,65,193.24424386024475,65,193.51799058914185,65,193.76925587654114,65,194.20130133628845,65,194.98469185829163,65,195.76124000549316,65,196.02670335769653,65,196.29952883720398,65,196.57618737220764,65,197.35059309005737,65,198.1233503818512,65,198.90852761268616,65,199.16141295433044,65,199.425302028656,65,200.20375561714172,65,200.48017525672913,65,200.7513566017151,65,201.0130615234375,65,201.78761172294617,65,202.57020044326782,65,203.3441939353943,65,203.61717295646667,65,203.88714241981506,65,204.1395628452301,65,204.40959286689758,65,204.68290495872498,65,205.46734380722046,65,206.25400519371033,65,206.60312628746033,65,207.39080953598022,65,207.6619746685028,65,208.44469475746155,65,208.7122664451599,65,209.49728631973267,65,209.77223181724548,65,210.5579080581665,65,210.98649191856384,65,211.7628879547119,65,212.03681063652039,65,212.30640172958374,65,212.57179403305054,65,212.8366072177887,65,213.60323929786682,65,214.3907585144043,65,215.1752405166626,65,215.9503083229065,65,216.72544026374817,65,217.50998163223267,65,217.79135489463806,65,218.129864692688,65,218.4140248298645,65,218.67615962028503,65,219.4474914073944,65,219.72262573242188,65,220.49522852897644,65,220.76473903656006,65,221.07620000839233,65,221.35064387321472,65,221.61612725257874,65,221.88180565834045,65,222.6604781150818,65,223.44229173660278,65,224.21688318252563,65,225.00398588180542,65,225.25442147254944,65,225.5221791267395,65,226.29967737197876,65,226.56608939170837,65,227.33744359016418,65,228.1206614971161,65,228.3873748779297,65,229.16724729537964,65,229.44635272026062,65,229.71697402000427,65,229.97025728225708,65,230.75842094421387,65,231.07660937309265,65,231.42246913909912,65,232.20638132095337,65,232.4687945842743,65,232.7140793800354,65,233.48287105560303,65,234.25626134872437,65,235.02893686294556,65,235.4658863544464,65,236.2443871498108,65,237.02192187309265,65,237.46496891975403,65,238.2603576183319,65,238.61305236816406,65,239.39659190177917,65,240.17290663719177,65,240.44377851486206,65,241.23004055023193,65,241.48888611793518,65,242.27560353279114,65,242.5379934310913,65,243.3208818435669,65,243.5928168296814,65,244.37490844726562,65,245.15087985992432,65,245.41732215881348,65,245.68161034584045,65,246.02771663665771,65,246.35903406143188,65,246.63146591186523,65,246.8912582397461,65,247.23028755187988,65,248.01499962806702,65,248.79053783416748,65,249.5737326145172,65,249.89714646339417,65,250.6850016117096,65,250.92780327796936,65,251.26535177230835,65,251.53196930885315,65,251.80997896194458,65,252.58465933799744,65,253.3580584526062,65,253.62357306480408,65,253.94924473762512,65,254.73356080055237,65,255.00557398796082,65,255.26420879364014,65,256.03371000289917,65,256.80670142173767,65,257.583473443985,65,257.8502037525177,65,258.6268286705017,65,258.89981627464294,65,259.1670048236847,65,259.42301297187805,65,259.6601572036743,65,259.9328694343567,65,260.71147990226746,65,261.4852283000946,65,261.7540874481201,65,262.03081226348877,65,262.2956237792969,65,262.5640859603882,65,263.3359136581421,65,263.60014295578003,65,264.3730556964874,65,264.62688732147217,65,265.4076461791992,65,266.1944057941437,65,266.964688539505,65,267.20929288864136,65,267.47941493988037,65,267.7316024303436,65,267.9952778816223,65,268.265743970871,65,269.0425250530243,65,269.82057642936707,65,270.6011230945587,65,270.9492585659027,65,271.7382164001465,65,272.1679208278656,65,272.94425106048584,65,273.7177677154541,65,274.06504678726196,65,274.8455455303192,65,275.6186578273773,65,276.3953318595886,65,276.71133041381836,65,276.9592773914337,65,277.23102378845215,65,278.00292801856995,65,278.4355585575104,65,278.70030307769775,65,278.9646499156952,65,279.23667454719543,65,279.49494767189026,65,280.2639493942261,65,280.5145888328552,65,281.28391671180725,65,281.5545880794525,65,281.8220407962799,65,282.0852780342102,65,282.8525125980377,65,283.09170508384705,65,283.86603450775146,65,284.62843108177185,65,284.9036843776703,65,285.67895793914795,65,285.94992327690125,65,286.21581530570984,65,286.97368264198303,65,287.24766516685486,65,287.5094430446625,65,288.27281045913696,65,289.0383446216583,65,289.467533826828,65,289.7348053455353,65,290.00267457962036,65,290.26647877693176,65,291.02521085739136,65,291.781387090683,65,292.0508522987366,65,292.8186180591583,65,293.0939950942993,65,293.35309052467346,65,293.6219992637634,65,294.37673926353455,65,294.65196323394775,65,295.41584730148315,65,296.17899918556213,65,296.4560580253601,65,297.2109799385071,65,297.97370624542236,65,298.24032759666443,65,298.58219289779663,65,299.35514521598816,65,300.0172629356384
4,random graphs/big_layer/r1.5k12n8/graph4.lgbin,844460,284.26953196525574,64,147,0,84,0.3309977054595947,66,0.9052879810333252,66,1.1675188541412354,66,1.6888458728790283,66,1.9520256519317627,66,2.4953248500823975,66,2.7704546451568604,66,3.298419237136841,66,3.5698304176330566,66,4.105978488922119,66,4.6306774616241455,66,5.156873464584351,66,5.683169603347778,64,6.135333776473999,64,6.383969068527222,64,6.573993682861328,64,6.825432538986206,64,7.0772364139556885,64,7.323679447174072,64,7.570828914642334,64,7.822617292404175,64,8.010423183441162,64,8.317799806594849,64,8.510176420211792,64,8.760027647018433,64,9.007368326187134,64,9.257265567779541,64,9.500026941299438,64,9.745859146118164,64,9.995759010314941,64,10.359263896942139,64,10.609896183013916,64,10.796630859375,64,11.053378582000732,64,11.304106712341309,64,11.499338626861572,64,11.908936738967896,64,12.105098247528076,64,12.294051885604858,64,12.555296421051025,64,12.741177082061768,64,12.991416215896606,64,13.24442458152771,64,13.531558275222778,64,13.787548303604126,64,13.978996515274048,64,14.24257230758667,64,14.436554908752441,64,14.684075117111206,64,14.875360250473022,64,15.13206148147583,64,15.531903266906738,64,15.780840396881104,64,15.972449541091919,64,16.16764998435974,64,16.354633569717407,64,16.60349702835083,64,16.851594924926758,64,17.169738292694092,64,17.362666130065918,64,17.555737018585205,64,17.8412504196167,64,18.259207487106323,64,18.51709246635437,64,18.703698873519897,64,19.01215958595276,64,19.27204966545105,64,19.68278980255127,64,19.877525329589844,64,20.127183437347412,64,20.37835931777954,64,20.62787127494812,64,20.88012409210205,64,21.26396155357361,64,21.51253652572632,64,21.76778745651245,64,22.017255783081055,64,22.20500659942627,64,22.461791276931763,64,22.709967613220215,64,22.961100816726685,64,23.1504647731781,64,23.347034215927124,64,23.635521411895752,64,23.827510833740234,64,24.020360708236694,64,24.21754026412964,64,24.521865606307983,64,24.710083961486816,64,25.122608423233032,64,25.313217163085938,64,25.56058168411255,64,25.756733179092407,64,26.170548915863037,64,26.356462478637695,64,26.606010913848877,64,26.800193309783936,64,27.210209131240845,64,27.619629621505737,64,27.80803346633911,64,27.998220443725586,64,28.307767868041992,64,28.50048804283142,64,28.830423593521118,64,29.028773546218872,64,29.27748394012451,64,29.46744656562805,64,29.86983823776245,64,30.12367582321167,64,30.3750901222229,64,30.62635111808777,64,30.81476593017578,64,31.235844612121582,64,31.433465003967285,64,31.69425678253174,64,32.064913272857666,64,32.315545082092285,64,32.568544149398804,64,32.98674726486206,64,33.18153977394104,64,33.43306064605713,64,33.68334770202637,64,33.92924213409424,64,34.18027186393738,64,34.46226119995117,64,34.65590310096741,64,34.85456347465515,64,35.04704213142395,64,35.23352289199829,64,35.48821711540222,64,35.7395441532135,64,36.130964517593384,64,36.380537033081055,64,36.56426191329956,64,36.755510330200195,64,37.01836061477661,64,37.21648335456848,64,37.40203666687012,64,37.661001682281494,64,37.92202401161194,64,38.17311334609985,64,38.42077279090881,64,38.67407155036926,64,38.86141586303711,64,39.1098415851593,64,39.357696771621704,64,39.609381437301636,64,39.8593168258667,64,40.11515951156616,64,40.31368970870972,64,40.50247931480408,64,40.693074226379395,64,40.948710441589355,64,41.19867920875549,64,41.45252180099487,64,41.70300769805908,64,41.896628856658936,64,42.08478021621704,64,42.33720946311951,64,42.64708185195923,64,42.90061378479004,64,43.098329305648804,64,43.35516047477722,64,43.763121366500854,64,44.013153076171875,64,44.197933197021484,64,44.38986015319824,64,44.6393609046936,64,45.05518651008606,64,45.300201416015625,64,45.55324339866638,64,45.80670380592346,64,46.08968424797058,64,46.28342127799988,64,46.5408661365509,64,46.72618627548218,64,46.98889899253845,64,47.174413204193115,64,47.5521183013916,64,47.74334192276001,64,48.042511224746704,64,48.303046226501465,64,48.58881211280823,64,48.78411507606506,64,49.036269426345825,64,49.2223334312439,64,49.48247027397156,64,49.67612147331238,64,49.92349195480347,64,50.23935389518738,64,50.49500250816345,64,50.68716025352478,64,50.9357647895813,64,51.18215036392212,64,51.432581186294556,64,51.63000512123108,64,51.82499313354492,64,52.14538311958313,64,52.33846068382263,64,52.539048194885254,64,52.73887085914612,64,53.15042853355408,64,53.40202450752258,64,53.65021371841431,64,53.89599132537842,64,54.1482949256897,64,54.3440375328064,64,54.59963083267212,64,54.8489465713501,64,55.09967231750488,64,55.283756494522095,64,55.4755973815918,64,55.724921226501465,64,55.97602987289429,64,56.22600984573364,64,56.64262247085571,64,57.01514148712158,64,57.267356157302856,64,57.57697343826294,64,57.828070402145386,64,58.02491617202759,64,58.277236223220825,64,58.568076610565186,64,58.859100341796875,64,59.04319095611572,64,59.322572231292725,64,59.51750087738037,64,59.71074342727661,64,60.01119518280029,64,60.316688537597656,64,60.71036410331726,64,60.96667170524597,64,61.21537685394287,64,61.46540141105652,64,61.77175688743591,64,62.1807427406311,64,62.432781457901,64,62.62115263938904,64,62.87965416908264,64,63.129390239715576,64,63.50154638290405,64,63.75077700614929,64,63.938982248306274,64,64.19641780853271,64,64.4454779624939,64,64.63766384124756,64,64.83109402656555,64,65.09118247032166,64,65.40192532539368,64,65.65409207344055,64,65.90521669387817,64,66.10492491722107,64,66.35706686973572,64,66.60845041275024,64,66.8617262840271,64,67.28473734855652,64,67.54496455192566,64,67.7962338924408,64,68.04748511314392,64,68.29847407341003,64,68.71419858932495,64,68.9715781211853,64,69.16192173957825,64,69.35357451438904,64,69.54034161567688,64,69.79887866973877,64,69.99600505828857,64,70.40869617462158,64,70.6600251197815,64,70.85427236557007,64,71.17506551742554,64,71.42543983459473,64,71.61966347694397,64,72.03715133666992,64,72.28455424308777,64,72.47763633728027,64,72.73398399353027,64,72.98722720146179,64,73.2351565361023,64,73.42975854873657,64,73.62525844573975,64,73.8730776309967,64,74.06365299224854,64,74.3147394657135,64,74.56384658813477,64,74.81630229949951,64,75.1199836730957,64,75.31521654129028,64,75.50706315040588,64,75.70277333259583,64,75.95146632194519,64,76.280277967453,64,76.47830367088318,64,76.84787917137146,64,77.10125875473022,64,77.35357165336609,64,77.54956245422363,64,77.92004632949829,64,78.16875195503235,64,78.56353878974915,64,78.81266832351685,64,79.00914001464844,64,79.38006663322449,64,79.79918122291565,64,79.99255299568176,64,80.29776620864868,64,80.49220371246338,64,80.68108582496643,64,80.96385717391968,64,81.22595763206482,64,81.41818451881409,64,81.68139100074768,64,81.96891665458679,64,82.16633415222168,64,82.36358118057251,64,82.62726902961731,64,82.8117983341217,64,83.00529551506042,64,83.41923666000366,64,83.66338729858398,64,83.91998386383057,64,84.3400526046753,64,84.59570479393005,64,84.90847516059875,64,85.19571781158447,64,85.44972920417786,64,85.86418676376343,64,86.12196254730225,64,86.31529331207275,64,86.51490807533264,64,86.76614189147949,64,86.95507574081421,64,87.21077489852905,64,87.40984582901001,64,87.66236758232117,64,87.91223382949829,64,88.16659832000732,64,88.35910534858704,64,88.55509185791016,64,88.96913528442383,64,89.21505975723267,64,89.4644546508789,64,89.71682405471802,64,90.03676962852478,64,90.44718670845032,64,90.69795656204224,64,91.11711549758911,64,91.37620902061462,64,91.56995487213135,64,91.87908673286438,64,92.3023853302002,64,92.55016994476318,64,92.73905205726624,64,92.99696660041809,64,93.25540471076965,64,93.67261505126953,64,93.92039918899536,64,94.16944003105164,64,94.586909532547,64,94.8328104019165,64,95.01963829994202,64,95.43275380134583,64,95.62732243537903,64,95.88161134719849,64,96.13002181053162,64,96.38353490829468,64,96.5704824924469,64,96.82069325447083,64,97.00657296180725,64,97.4193172454834,64,97.67104911804199,64,97.92236185073853,64,98.16978168487549,64,98.42477750778198,64,98.80986642837524,64,99.05995225906372,64,99.25851535797119,64,99.564204454422,64,99.93211913108826,64,100.34710764884949,64,100.59908723831177,64,101.00760674476624,64,101.25494408607483,64,101.66412305831909,64,101.91688966751099,64,102.11096692085266,64,102.35867190361023,64,102.5473861694336,64,102.8006980419159,64,103.05417227745056,64,103.25311326980591,64,103.44033527374268,64,103.69400262832642,64,103.94166374206543,64,104.13708829879761,64,104.32680225372314,64,104.58015179634094,64,104.83463382720947,64,105.03196787834167,64,105.33638548851013,64,105.58627271652222,64,105.83786225318909,64,106.09324598312378,64,106.34917879104614,64,106.53997087478638,64,106.79639673233032,64,107.17744159698486,64,107.42758011817932,64,107.61492490768433,64,107.87056827545166,64,108.12362957000732,64,108.37493181228638,64,108.6262457370758,64,108.81732773780823,64,109.0668134689331,64,109.32164096832275,64,109.63351130485535,64,109.8955430984497,64,110.09122252464294,64,110.3930652141571,64,110.64749097824097,64,110.90002298355103,64,111.14886236190796,64,111.33845496177673,64,111.74803566932678,64,112.00546002388,64,112.25702953338623,64,112.45554566383362,64,112.64531183242798,64,112.84217500686646,64,113.09209370613098,64,113.34089040756226,64,113.59510016441345,64,113.84605097770691,64,114.09653496742249,64,114.34994840621948,64,114.59925293922424,64,114.85073566436768,64,115.10069990158081,64,115.3558418750763,64,115.54992079734802,64,115.73563861846924,64,115.98998260498047,64,116.24006199836731,64,116.42752027511597,64,116.62159752845764,64,116.81108498573303,64,117.00043535232544,64,117.24747252464294,64,117.49892234802246,64,117.69375991821289,64,117.88905429840088,64,118.07590842247009,64,118.33155059814453,64,118.58321785926819,64,118.83216309547424,64,119.08744311332703,64,119.28148412704468,64,119.53207325935364,64,119.72749733924866,64,119.91849064826965,64,120.2355854511261,64,120.42711234092712,64,120.6904947757721,64,120.94917583465576,64,121.19968628883362,64,121.5110514163971,64,121.92155289649963,64,122.16936945915222,64,122.36493802070618,64,122.77793025970459,64,122.9672200679779,64,123.22637152671814,64,123.48052740097046,64,123.67383909225464,64,123.86197352409363,64,124.17948269844055,64,124.37896633148193,64,124.56918096542358,64,124.82126760482788,64,125.07353568077087,64,125.26597595214844,64,125.51043200492859,64,125.70502042770386,64,125.95939946174622,64,126.20719194412231,64,126.4612512588501,64,126.6553144454956,64,126.8422360420227,64,127.09391593933105,64,127.34528517723083,64,127.53703546524048,64,127.78723526000977,64,128.04048442840576,64,128.2385094165802,64,128.42917394638062,64,128.68891787528992,64,128.9374384880066,64,129.18529176712036,64,129.37966418266296,64,129.565105676651,64,129.82440948486328,64,130.01103615760803,64,130.19981026649475,64,130.39058828353882,64,130.68285250663757,64,130.93767070770264,64,131.13236165046692,64,131.38829517364502,64,131.64191269874573,64,131.89169192314148,64,132.07993578910828,64,132.3402807712555,64,132.615656375885,64,133.0224575996399,64,133.21775197982788,64,133.47026181221008,64,133.72272849082947,64,133.97597527503967,64,134.26253175735474,64,134.46070742607117,64,134.7474491596222,64,135.16138553619385,64,135.409912109375,64,135.833429813385,64,136.07935333251953,64,136.49160814285278,64,136.74154043197632,64,136.9293999671936,64,137.17807340621948,64,137.42773365974426,64,137.6163032054901,64,137.86968636512756,64,138.12073397636414,64,138.36687874794006,64,138.55339765548706,64,138.80235171318054,64,139.05640268325806,64,139.4720950126648,64,139.72930312156677,64,139.97978925704956,64,140.23374032974243,64,140.64838027954102,64,140.89728498458862,64,141.0951852798462,64,141.50816321372986,64,141.75753450393677,64,142.0123679637909,64,142.2640609741211,64,142.5145161151886,64,142.76688146591187,64,143.01914167404175,64,143.427179813385,64,143.6742901802063,64,143.950674533844,64,144.14545941352844,64,144.40717196464539,64,144.65681958198547,64,144.90858721733093,64,145.09743571281433,64,145.35439133644104,64,145.60184621810913,64,145.79639315605164,64,145.98568201065063,64,146.23290872573853,64,146.42937660217285,64,146.84029531478882,64,147.0387442111969,64,147.45046973228455,64,147.70841312408447,64,147.95914840698242,64,148.2059142589569,64,148.39549350738525,64,148.65034413337708,64,148.90180373191833,64,149.15386152267456,64,149.34720921516418,64,149.5333695411682,64,149.7916932106018,64,150.2005376815796,64,150.4506332874298,64,150.70131587982178,64,150.95447540283203,64,151.14121174812317,64,151.4504153728485,64,151.71357560157776,64,151.9620223045349,64,152.15558123588562,64,152.34351468086243,64,152.53597903251648,64,152.78717875480652,64,152.98425316810608,64,153.17347717285156,64,153.42839670181274,64,153.6787760257721,64,153.9320604801178,64,154.1263222694397,64,154.32748532295227,64,154.51356053352356,64,154.70269513130188,64,155.1042594909668,64,155.505606174469,64,155.75003385543823,64,155.99616265296936,64,156.18049597740173,64,156.43675446510315,64,156.68864107131958,64,156.87304759025574,64,157.2830512523651,64,157.46899724006653,64,157.66093945503235,64,158.08073830604553,64,158.26651120185852,64,158.51906418800354,64,158.70588731765747,64,158.89662981033325,64,159.18581700325012,64,159.4363079071045,64,159.74745559692383,64,159.99924993515015,64,160.19002604484558,64,160.44074940681458,64,160.75600743293762,64,161.06724858283997,64,161.38639950752258,64,161.58548712730408,64,161.83739614486694,64,162.0365810394287,64,162.29195713996887,64,162.5412859916687,64,162.73062467575073,64,162.98545289039612,64,163.2374403476715,64,163.48907017707825,64,163.73861360549927,64,164.14574098587036,64,164.33303046226501,64,164.5835988521576,64,164.78382778167725,64,165.07912182807922,64,165.34545826911926,64,165.6026587486267,64,165.90344166755676,64,166.15406250953674,64,166.40646767616272,64,166.65624499320984,64,166.84337377548218,64,167.09968209266663,64,167.34612488746643,64,167.757728099823,64,168.0015504360199,64,168.24725317955017,64,168.4953896999359,64,168.688063621521,64,168.9409375190735,64,169.3039093017578,64,169.49913787841797,64,169.6929612159729,64,169.8813886642456,64,170.07281112670898,64,170.3301544189453,64,170.52631282806396,64,170.7756359577179,64,171.03150987625122,64,171.28086805343628,64,171.5301923751831,64,171.9329309463501,64,172.19040989875793,64,172.43874859809875,64,172.6847424507141,64,172.94359183311462,64,173.26898193359375,64,173.4682478904724,64,173.7268648147583,64,173.9786901473999,64,174.22962594032288,64,174.64610314369202,64,174.8305823802948,64,175.08700156211853,64,175.27935934066772,64,175.5282061100006,64,175.717355966568,64,175.97140169143677,64,176.38482975959778,64,176.79743218421936,64,177.1840102672577,64,177.3687629699707,64,177.62258911132812,64,177.8107373714447,64,178.05649042129517,64,178.4729402065277,64,178.7196819782257,64,178.91363430023193,64,179.09835267066956,64,179.35503244400024,64,179.61316633224487,64,179.9072015285492,64,180.2076997756958,64,180.46909952163696,64,180.719300031662,64,181.0008819103241,64,181.2655475139618,64,181.46538925170898,64,181.66150212287903,64,182.08044457435608,64,182.32804369926453,64,182.58171343803406,64,182.99046921730042,64,183.18169784545898,64,183.43317818641663,64,183.68780303001404,64,184.09667038917542,64,184.51555800437927,64,184.70883202552795,64,184.96984338760376,64,185.1654930114746,64,185.46865701675415,64,185.7954125404358,64,186.0494408607483,64,186.30250477790833,64,186.59033346176147,64,186.84839725494385,64,187.26787900924683,64,187.456223487854,64,187.64909291267395,64,187.85083532333374,64,188.10134387016296,64,188.29102778434753,64,188.4831793308258,64,188.7362904548645,64,188.9863805770874,64,189.17416071891785,64,189.45916533470154,64,189.65468859672546,64,189.91233134269714,64,190.10086631774902,64,190.51574850082397,64,190.70331716537476,64,190.96092820167542,64,191.21538424491882,64,191.4638273715973,64,191.71424746513367,64,191.99613904953003,64,192.1850814819336,64,192.488774061203,64,192.67537546157837,64,192.9344925880432,64,193.19208478927612,64,193.3789975643158,64,193.7986011505127,64,194.04738521575928,64,194.24666953086853,64,194.49760937690735,64,194.75220322608948,64,194.95207357406616,64,195.13896012306213,64,195.3873794078827,64,195.57892417907715,64,195.82843589782715,64,196.07774424552917,64,196.27204513549805,64,196.46356844902039,64,196.74076533317566,64,197.07254648208618,64,197.26940441131592,64,197.46307587623596,64,197.66144633293152,64,198.06783938407898,64,198.3140947818756,64,198.5026774406433,64,198.75696849822998,64,198.95011186599731,64,199.14847564697266,64,199.40231680870056,64,199.59821915626526,64,199.85174131393433,64,200.09675574302673,64,200.35693526268005,64,200.5545687675476,64,200.86987709999084,64,201.1189193725586,64,201.30606317520142,64,201.56270956993103,64,201.75067472457886,64,202.03517150878906,64,202.41284322738647,64,202.6607735157013,64,202.85726189613342,64,203.27027297019958,64,203.55326867103577,64,203.74011778831482,64,203.92623138427734,64,204.1237916946411,64,204.3745036125183,64,204.62315940856934,64,204.81808233261108,64,205.0726900100708,64,205.36121106147766,64,205.54895734786987,64,205.8066804409027,64,206.0010049343109,64,206.26064538955688,64,206.57691836357117,64,206.94748854637146,64,207.13277530670166,64,207.44306254386902,64,207.63504815101624,64,207.92005920410156,64,208.18097448349,64,208.59176349639893,64,208.78206086158752,64,208.97603368759155,64,209.2290816307068,64,209.47998309135437,64,209.67400860786438,64,210.09060525894165,64,210.47538924217224,64,210.67188787460327,64,210.92746424674988,64,211.177255153656,64,211.48517751693726,64,211.74017524719238,64,211.9272940158844,64,212.1113576889038,64,212.36439967155457,64,212.61481404304504,64,212.86706566810608,64,213.0547924041748,64,213.4700837135315,64,213.7232630252838,64,214.0338852405548,64,214.44284915924072,64,214.6971743106842,64,215.10196948051453,64,215.35448670387268,64,215.60502767562866,64,215.79429960250854,64,216.04672002792358,64,216.45849633216858,64,216.71116757392883,64,216.95998620986938,64,217.2138819694519,64,217.4648721218109,64,217.65629410743713,64,218.06553745269775,64,218.30995297431946,64,218.72274446487427,64,219.13378953933716,64,219.38173127174377,64,219.79875302314758,64,219.9913489818573,64,220.27809596061707,64,220.5311722755432,64,220.7800476551056,64,221.03923892974854,64,221.22770047187805,64,221.47595310211182,64,221.7665252685547,64,222.09415769577026,64,222.49942231178284,64,222.74632930755615,64,222.99382543563843,64,223.37882471084595,64,223.5726819038391,64,223.7712116241455,64,224.08263278007507,64,224.334068775177,64,224.5862455368042,64,224.78229880332947,64,225.04373955726624,64,225.28976964950562,64,225.47898650169373,64,225.73249316215515,64,225.98497796058655,64,226.23536920547485,64,226.54593634605408,64,226.73538756370544,64,226.99512362480164,64,227.17999863624573,64,227.4341802597046,64,227.6811809539795,64,227.93358421325684,64,228.1790850162506,64,228.37397170066833,64,228.79072642326355,64,229.04170179367065,64,229.29489040374756,64,229.4892933368683,64,229.6822214126587,64,230.07026767730713,64,230.2673635482788,64,230.57841181755066,64,230.8322455883026,64,231.02257132530212,64,231.21220421791077,64,231.40124011039734,64,231.71522855758667,64,231.96197128295898,64,232.15449333190918,64,232.4128270149231,64,232.60575461387634,64,232.8022973537445,64,233.05565738677979,64,233.30208683013916,64,233.55493879318237,64,233.80715489387512,64,234.06129002571106,64,234.474036693573,64,234.66761589050293,64,234.91639828681946,64,235.1652889251709,64,235.41774916648865,64,235.66445875167847,64,235.85216331481934,64,236.0399489402771,64,236.3703691959381,64,236.79234218597412,64,237.22125792503357,64,237.41974353790283,64,237.67590856552124,64,237.87113404273987,64,238.12952756881714,64,238.38689184188843,64,238.57959866523743,64,238.83966445922852,64,239.03304076194763,64,239.22945070266724,64,239.47673678398132,64,239.6710286140442,64,239.92749452590942,64,240.17808628082275,64,240.38611960411072,64,240.63932538032532,64,240.83424067497253,64,241.08282613754272,64,241.33524250984192,64,241.65725755691528,64,241.91144490242004,64,242.16092014312744,64,242.34945273399353,64,242.76417112350464,64,242.96152901649475,64,243.21470546722412,64,243.46355509757996,64,243.65431809425354,64,244.05870032310486,64,244.24777626991272,64,244.50700330734253,64,244.75800132751465,64,245.04563450813293,64,245.2960877418518,64,245.4896855354309,64,245.68262004852295,64,245.93379712104797,64,246.1833188533783,64,246.44638013839722,64,246.69532346725464,64,246.88295888900757,64,247.07737112045288,64,247.32714819908142,64,247.5810797214508,64,247.84025979042053,64,248.0385479927063,64,248.36020302772522,64,248.54772090911865,64,248.7923882007599,64,249.0502209663391,64,249.32831621170044,64,249.52468705177307,64,249.7843861579895,64,250.0309853553772,64,250.23103070259094,64,250.4300856590271,64,250.67908120155334,64,250.9302682876587,64,251.18154382705688,64,251.43384075164795,64,251.62289309501648,64,251.86914467811584,64,252.12196850776672,64,252.53742241859436,64,252.73145508766174,64,253.14599680900574,64,253.33840489387512,64,253.53253173828125,64,253.7879421710968,64,254.0401828289032,64,254.2956612110138,64,254.554297208786,64,254.80451250076294,64,255.0584077835083,64,255.30685687065125,64,255.56266045570374,64,255.84876942634583,64,256.0993649959564,64,256.3550298213959,64,256.6045334339142,64,256.792147397995,64,257.0505528450012,64,257.3025224208832,64,257.49226665496826,64,257.8029899597168,64,258.21898341178894,64,258.4683790206909,64,258.65712666511536,64,258.9098906517029,64,259.1600260734558,64,259.356853723526,64,259.61023330688477,64,259.9229624271393,64,260.3376395702362,64,260.6723506450653,64,260.9244647026062,64,261.1737711429596,64,261.37030386924744,64,261.6622099876404,64,261.9143214225769,64,262.1667923927307,64,262.36263275146484,64,262.6231622695923,64,262.8710253238678,64,263.124605178833,64,263.37499046325684,64,263.7023527622223,64,263.90047693252563,64,264.1487765312195,64,264.40050530433655,64,264.647004365921,64,264.83322048187256,64,265.08398723602295,64,265.33520245552063,64,265.5864384174347,64,265.7763578891754,64,266.02918767929077,64,266.4388976097107,64,266.69121265411377,64,266.87680745124817,64,267.1291620731354,64,267.54948353767395,64,267.80101132392883,64,268.05063939094543,64,268.300856590271,64,268.55110120773315,64,268.7460427284241,64,268.99686431884766,64,269.1833908557892,64,269.37172269821167,64,269.6293077468872,64,269.8783116340637,64,270.29504132270813,64,270.5447459220886,64,270.731502532959,64,270.9198877811432,64,271.1064484119415,64,271.29152178764343,64,271.55425691604614,64,271.80160760879517,64,272.05678367614746,64,272.30697441101074,64,272.7263219356537,64,273.00338315963745,64,273.26548314094543,64,273.54989409446716,64,273.7457401752472,64,273.9460949897766,64,274.20180106163025,64,274.45965099334717,64,274.65652990341187,64,274.98924946784973,64,275.2431080341339,64,275.6185917854309,64,275.80744218826294,64,276.05753087997437,64,276.2451024055481,64,276.4366316795349,64,276.6267819404602,64,276.8826193809509,64,277.2713987827301,64,277.52825593948364,64,277.7776482105255,64,277.9721326828003,64,278.2218120098114,64,278.408855676651,64,278.66646099090576,64,278.9162607192993,64,279.17120909690857,64,279.42061734199524,64,279.6812515258789,64,280.0877196788788,64,280.4044671058655,64,280.6551127433777,64,281.02591371536255,64,281.2795321941376,64,281.52983927726746,64,281.7213976383209,64,281.9726712703705,64,282.3835074901581,64,282.6385762691498,64,282.83158898353577,64,283.087694644928,64,283.50087094306946,64,283.74697184562683,64,284.0816059112549,64,284.2729334831238,64,284.66632556915283,64,284.9208583831787,64,285.17111372947693,64,285.58063220977783,64,285.8330626487732,64,286.02526021003723,64,286.435040473938,64,286.813453912735,64,286.99969959259033,64,287.25861406326294,64,287.5177571773529,64,287.7677023410797,64,287.96210193634033,64,288.14861392974854,64,288.4044704437256,64,288.6531755924225,64,288.90272784233093,64,289.15416502952576,64,289.34609293937683,64,289.53445625305176,64,289.7254843711853,64,289.9795575141907,64,290.30491399765015,64,290.49905467033386,64,290.6959662437439,64,290.94901299476624,64,291.3714141845703,64,291.62342715263367,64,291.87268924713135,64,292.1245627403259,64,292.3723294734955,64,292.628600358963,64,292.8789439201355,64,293.125773191452,64,293.4472382068634,64,293.7650773525238,64,294.0529980659485,64,294.2446880340576,64,294.443514585495,64,294.69163250923157,64,294.88610219955444,64,295.14026403427124,64,295.3327202796936,64,295.5301179885864,64,295.7853572368622,64,295.9819595813751,64,296.1768419742584,64,296.3648419380188,64,296.5590748786926,64,296.7454397678375,64,296.94135665893555,64,297.1344289779663,64,297.3963589668274,64,297.58606696128845,64,297.8375120162964,64,298.0883424282074,64,298.3385372161865,64,298.53206872940063,64,298.82259368896484,64,299.2358093261719,64,299.42184042930603,64,299.6169717311859,64,299.8710596561432,64,300.0168948173523
