Index,File,CVcalc,OptTime,CrFinal,Cr1,T1,Cr2,T2...
0,random_graphs/triangle/r1.5k18n12/graph0.lgbin,1502,49.660061836242676,335,688,0,616,0.2197284698486328,514,0.5059940814971924,489,0.7399101257324219,454,1.0477697849273682,433,1.3038759231567383,426,1.4462535381317139,424,1.5981569290161133,416,1.7227075099945068,406,1.9579310417175293,400,2.1859376430511475,377,2.375138521194458,372,2.518707513809204,370,2.6569252014160156,365,2.795841693878174,365,2.9074654579162598,365,3.021191358566284,361,3.290689706802368,360,3.4413223266601562,360,3.5459542274475098,359,3.6815452575683594,359,3.8001890182495117,359,3.8988890647888184,359,4.005676984786987,359,4.111119031906128,359,4.224587917327881,358,4.357595443725586,358,4.549897193908691,358,4.659794330596924,358,4.775797605514526,358,4.8852832317352295,352,5.14955997467041,350,5.252883195877075,349,5.463117837905884,349,5.573469638824463,349,5.662555456161499,348,5.798801422119141,347,6.000718593597412,346,6.136779069900513,345,6.241260528564453,344,6.353350400924683,341,6.4643213748931885,341,6.572535514831543,341,6.6921045780181885,338,6.953076601028442,337,7.165010929107666,337,7.296785116195679,335,7.425168037414551,335,7.54736328125,335,7.713962078094482,335,7.82341456413269,335,7.93236517906189,335,8.038574934005737,335,8.165592432022095,335,8.299218893051147,335,8.423194646835327,335,8.551628828048706,335,8.659719467163086,335,8.80636477470398,335,8.920130014419556,335,9.04383373260498,335,9.161946296691895,335,9.269550800323486,335,9.38865041732788,335,10.89115595817566,335,11.103332281112671,335,11.225520133972168,335,11.345163106918335,335,11.45207166671753,335,11.56103515625,335,11.667625427246094,335,11.770937204360962,335,11.932813882827759,335,12.049801588058472,335,12.169826984405518,335,12.292580127716064,335,13.772000789642334,335,13.896735906600952,335,14.033490896224976,335,14.154260396957397,335,14.294153928756714,335,14.411913871765137,335,14.539421081542969,335,14.666552543640137,335,16.34332275390625,335,16.486548900604248,335,16.605830907821655,335,16.727875232696533,335,16.86943292617798,335,16.988085985183716,335,17.096328496932983,335,17.21012234687805,335,17.329540729522705,335,17.455382108688354,335,17.557948112487793,335,17.6619393825531,335,17.875030040740967,335,17.987088918685913,335,18.105437755584717,335,18.27269148826599,335,18.40668249130249,335,18.51719617843628,335,18.629411697387695,335,18.86537194252014,335,19.095452785491943,335,19.19899606704712,335,19.291478395462036,335,19.39442539215088,335,19.508443355560303,335,19.61593794822693,335,19.76210117340088,335,19.86058235168457,335,20.05658793449402,335,20.16782236099243,335,20.269977569580078,335,20.367061614990234,335,20.46016764640808,335,20.558738708496094,335,20.656641960144043,335,20.748419046401978,335,20.844650983810425,335,20.936535596847534,335,21.035394430160522,335,21.139948844909668,335,21.26728844642639,335,21.368247270584106,335,23.264670372009277,335,23.368732452392578,335,23.472582578659058,335,23.580960273742676,335,23.684638738632202,335,23.793387413024902,335,23.898472785949707,335,24.003767490386963,335,24.102249145507812,335,24.21046018600464,335,24.329054832458496,335,24.430097341537476,335,24.552390098571777,335,24.69369626045227,335,26.137388706207275,335,26.257023096084595,335,26.363483667373657,335,26.48163390159607,335,26.619415044784546,335,26.74561381340027,335,26.8534414768219,335,26.96626353263855,335,28.3882474899292,335,28.486900329589844,335,28.585215091705322,335,28.70339035987854,335,28.821295499801636,335,28.920296669006348,335,29.020015954971313,335,29.162750720977783,335,29.266886949539185,335,29.384710550308228,335,29.483521699905396,335,29.59612536430359,335,29.703319311141968,335,29.818816423416138,335,29.928362131118774,335,30.018805027008057,335,30.113605737686157,335,30.215582132339478,335,30.316487073898315,335,30.422715187072754,335,32.42778968811035,335,32.55570459365845,335,32.66126370429993,335,32.787442207336426,335,32.94401216506958,335,33.05490303039551,335,33.18807077407837,335,33.29648756980896,335,33.40657067298889,335,33.54188418388367,335,33.69004535675049,335,33.79917287826538,335,35.580657720565796,335,35.68575835227966,335,37.12739157676697,335,38.61747717857361,335,38.712669372558594,335,38.81611490249634,335,38.970377683639526,335,39.08852577209473,335,39.216001749038696,335,40.84895205497742,335,40.99374866485596,335,41.11674499511719,335,41.24249291419983,335,41.34996724128723,335,41.468674659729004,335,41.59377121925354,335,41.73056983947754,335,41.86600112915039,335,43.31424808502197,335,43.45496726036072,335,43.581316232681274,335,43.74895119667053,335,43.87147259712219,335,43.97360372543335,335,44.11011624336243,335,44.3545925617218,335,45.89291596412659,335,45.99875998497009,335,46.10070729255676,335,46.241124391555786,335,46.38173818588257,335,46.49670624732971,335,46.610774755477905,335,46.72961115837097,335,46.836158990859985,335,47.05538749694824,335,47.15906810760498,335,47.28677773475647,335,47.39576840400696,335,47.51721000671387,335,47.62597942352295,335,47.72994613647461,335,47.84771728515625,335,47.95762872695923,335,48.10097098350525,335,48.210614919662476,335,48.317851305007935,335,48.45135307312012,335,48.58430552482605,335,48.69064140319824,335,48.80121636390686,335,48.90098452568054,335,49.03728890419006,335,49.158039569854736,335,49.27305221557617,335,49.41399121284485,335,49.518378257751465,335,49.639312982559204,335,49.74753212928772,335,49.85150766372681,335,49.9619722366333,335,50.07831525802612,335,50.1866352558136,335,50.30831003189087,335,50.44572997093201,335,50.581337451934814,335,50.69304919242859,335,52.827086210250854,335,52.94675612449646,335,53.053646087646484,335,53.160003900527954,335,53.26384735107422,335,53.47810220718384,335,53.580413818359375,335,53.680397033691406,335,53.78102517127991,335,53.899131059646606,335,54.01223945617676,335,54.14857578277588,335,54.24417018890381,335,54.36069655418396,335,54.46985173225403,335,54.56654977798462,335,54.77386832237244,335,56.2241952419281,335,56.32600116729736,335,56.584518909454346,335,56.68593788146973,335,56.817360401153564,335,56.930705070495605,335,57.035476207733154,335,57.171220779418945,335,57.271790981292725,335,57.391746044158936,335,57.59420943260193,335,57.71266961097717,335,57.815295696258545,335,57.9181923866272,335,59.352374792099,335,60.75215029716492
1,random_graphs/triangle/r1.5k18n12/graph1.lgbin,1502,40.02401542663574,321,715,0,595,0.16276025772094727,550,0.30427074432373047,495,0.4566073417663574,467,0.7160990238189697,440,0.861088752746582,431,1.019745111465454,398,1.1837222576141357,390,1.3515911102294922,382,1.5002844333648682,377,1.6348557472229004,374,1.7858824729919434,367,1.9952900409698486,366,2.138855218887329,365,2.2756521701812744,363,2.4195497035980225,353,2.5604488849639893,351,2.6750049591064453,347,2.81855845451355,341,2.9298079013824463,340,3.078921318054199,338,3.1979527473449707,334,3.35614275932312,334,3.4682252407073975,333,3.617666244506836,333,3.7279295921325684,329,3.9581501483917236,329,4.0645222663879395,328,4.2725889682769775,328,4.385551691055298,328,4.491339206695557,328,4.6018736362457275,328,4.73714280128479,328,4.872346878051758,328,4.979044198989868,328,5.1043782234191895,328,5.2108941078186035,328,5.350477933883667,328,5.45925760269165,328,5.5649378299713135,328,5.681807041168213,328,5.7833802700042725,328,5.914330959320068,328,6.087939500808716,328,6.21026349067688,328,6.3152241706848145,328,6.438838481903076,328,6.654301166534424,328,6.759761333465576,328,6.862149953842163,328,7.198486328125,328,7.305229425430298,328,7.418110370635986,328,7.522976875305176,328,7.6211771965026855,328,7.741426706314087,328,7.867070198059082,328,7.981895208358765,328,8.103458404541016,328,8.287617444992065,328,8.38208532333374,328,8.479602575302124,327,8.597293853759766,327,8.700611114501953,327,8.803747653961182,325,8.942389726638794,325,9.045473098754883,325,9.156226396560669,325,9.316721677780151,325,9.417160034179688,325,9.514822006225586,325,9.618144035339355,325,9.738824367523193,325,9.840172052383423,325,9.947672605514526,325,10.047087669372559,325,10.166578769683838,325,10.262686491012573,325,10.364972829818726,325,10.480947971343994,325,10.617915868759155,325,10.723121166229248,325,10.830217123031616,325,10.94295048713684,325,11.05535101890564,325,11.16595721244812,325,11.283528566360474,325,11.396353960037231,325,11.501989603042603,325,11.645629405975342,325,11.777885437011719,325,11.898322105407715,325,12.014945983886719,325,12.124388217926025,325,12.283307790756226,325,12.401294231414795,325,12.506381511688232,325,12.626483917236328,323,12.783771276473999,322,12.939709663391113,322,13.047255754470825,322,13.187957525253296,321,13.30828595161438,321,13.42594599723816,321,13.536759853363037,321,13.690221309661865,321,13.801403999328613,321,13.920990943908691,321,14.041937112808228,321,14.174475193023682,321,14.283839702606201,321,14.40708303451538,321,14.548046827316284,321,14.658552408218384,321,14.781417846679688,321,14.915756464004517,321,15.032295227050781,321,15.149792909622192,321,15.263330221176147,321,15.393225908279419,321,15.507968187332153,321,15.618041753768921,321,15.728553056716919,321,15.864772319793701,321,15.994244575500488,321,16.13316798210144,321,16.246474504470825,321,16.38678288459778,321,16.52696466445923,321,16.65049123764038,321,16.753403902053833,321,16.883764028549194,321,17.032533168792725,321,17.142848014831543,321,17.25952959060669,321,17.371734619140625,321,17.483314037322998,321,17.590893030166626,321,17.70197343826294,321,17.8116934299469,321,17.918256044387817,321,18.02526307106018,321,18.15377926826477,321,18.260311365127563,321,18.370476007461548,321,18.494812965393066,321,18.648773431777954,321,18.760013818740845,321,18.875898361206055,321,19.194292306900024,321,19.314806699752808,321,19.426088094711304,321,19.531081914901733,321,19.650058031082153,321,19.756590843200684,321,19.87121844291687,321,19.99715518951416,321,20.117100477218628,321,20.234259366989136,321,20.348116636276245,321,20.467875480651855,321,20.602075815200806,321,20.711042165756226,321,20.82110619544983,321,20.930180072784424,321,21.052066564559937,321,21.190619468688965,321,21.304264783859253,321,21.418666124343872,321,21.542301893234253,321,21.664302110671997,321,21.773229122161865,321,21.893029928207397,321,21.99712824821472,321,22.115963220596313,321,22.25120973587036,321,22.367698431015015,321,22.494635343551636,321,22.595858573913574,321,22.7020161151886,321,22.823587894439697,321,22.955387115478516,321,23.08132243156433,321,23.194414615631104,321,23.32176399230957,321,23.467318058013916,321,23.578655004501343,321,23.68627381324768,321,23.79000473022461,321,23.896223545074463,321,24.005977153778076,321,24.123092651367188,321,24.23863458633423,321,24.35518789291382,321,24.482661485671997,321,24.632645845413208,321,24.7499520778656,321,24.89523959159851,321,24.994805335998535,321,25.09404945373535,321,25.200836181640625,321,25.309763431549072,321,25.428082704544067,321,25.547707319259644,321,25.652976036071777,321,25.768002033233643,321,25.868605613708496,321,25.977017641067505,321,26.084272146224976,321,26.19016933441162,321,26.303831577301025,321,26.403950929641724,321,26.518337965011597,321,26.667349100112915,321,26.773998022079468,321,26.87196183204651,321,26.97727131843567,321,27.081530332565308,321,27.197832345962524,321,27.306389808654785,321,27.422712326049805,321,27.5368332862854,321,27.661030292510986,321,27.770267486572266,321,27.896891355514526,321,28.00334405899048,321,28.12357759475708,321,28.234535932540894,321,28.33841609954834,321,28.455824613571167,321,28.55786919593811,321,28.670464038848877,321,28.787677764892578,321,28.916675090789795,321,29.023010730743408,321,29.13608145713806,321,29.269811868667603,321,29.377853631973267,321,29.493945121765137,321,29.597977876663208,321,29.708078145980835,321,29.825753927230835,321,29.941771268844604,321,30.052446603775024,321,30.159992694854736,321,30.266446590423584,321,30.394470930099487,321,30.517742156982422,321,30.625672101974487,321,30.738523483276367,321,30.851895332336426,321,31.007018089294434,321,31.1427059173584,321,31.277170419692993,321,31.391579627990723,321,31.49900794029236,321,31.61652445793152,321,31.71885108947754,321,31.82560896873474,321,31.9278621673584,321,32.03862524032593,321,32.15338635444641,321,32.260743379592896,321,32.369237184524536,321,32.47399425506592,321,32.57507944107056,321,32.686142683029175,321,32.79074954986572,321,32.8961067199707,321,33.00459051132202,321,33.111024618148804,321,33.20809054374695,321,33.31988501548767,321,33.42069411277771,321,33.52857828140259,321,33.63143444061279,321,33.734111309051514,321,33.834009647369385,321,33.934030294418335,321,34.048131704330444,321,34.17869210243225,321,34.28454375267029,321,34.390307903289795,321,34.48908305168152,321,34.60161542892456,321,34.702351331710815,321,34.799264669418335,321,34.893457651138306,321,34.99687933921814,321,35.094489097595215,321,35.1876437664032,321,35.31431293487549,321,35.41511297225952,321,35.52087926864624,321,35.61997079849243,321,35.722206354141235,321,35.84776473045349,321,35.95874381065369,321,36.06899690628052,321,36.20009231567383,321,36.31871056556702,321,36.43959450721741,321,36.60517716407776,321,36.71388816833496,321,36.82288146018982,321,36.9296133518219,321,37.03602361679077,321,37.16967415809631,321,37.27820062637329,321,37.39025926589966,321,37.513118505477905,321,37.63921594619751,321,37.747631311416626,321,37.88807249069214,321,37.99791121482849,321,38.11229586601257,321,38.23317098617554,321,38.343693256378174,321,38.45186901092529,321,38.58231329917908,321,38.741703271865845,321,38.858818769454956,321,39.01385307312012,321,39.12641954421997,321,39.24625825881958,321,39.356603145599365,321,39.46720314025879,321,39.585991859436035,321,39.70802450180054,321,39.813645362854004,321,39.939221143722534,321,40.2089946269989,321,40.32213282585144,321,40.452417850494385,321,40.566832542419434,321,40.675774574279785,321,40.78692436218262,321,40.9003586769104,321,41.001105308532715,321,41.118412256240845,321,41.23446798324585,321,41.341097593307495,321,41.44873595237732,321,41.59131717681885,321,41.703073263168335,321,41.8073205947876,321,41.914154291152954,321,42.03161859512329,321,42.136646032333374,321,42.233662366867065,321,42.36039876937866,321,42.51092720031738,321,42.610318183898926,321,42.714770793914795,321,42.81400442123413,321,42.91723155975342,321,43.03812122344971,321,43.14451837539673,321,43.26445174217224,321,43.37504768371582,321,43.48372936248779,321,43.60255169868469,321,43.7126407623291,321,43.81872248649597,321,43.922550439834595,321,44.02676200866699,321,44.13633751869202,321,44.23570942878723,321,44.36674737930298,321,44.47622752189636,321,44.6155469417572,321,44.72727918624878,321,44.85908389091492,321,44.96458649635315,321,45.07496881484985,321,45.19351840019226,321,45.305630683898926,321,45.45902371406555,321,45.58614492416382,321,45.69679617881775,321,45.80999803543091,321,45.92388939857483,321,46.037922620773315,321,46.1788010597229,321,46.293048620224,321,46.40877389907837,321,46.571521520614624,321,46.6912796497345,321,46.80572438240051,321,46.94075560569763,321,47.07258057594299,321,47.18781566619873,321,47.37187957763672,321,47.494473934173584,321,47.61114430427551,321,47.7254912853241,321,47.84259486198425,321,47.956531047821045,321,48.0719518661499,321,48.20122766494751,321,48.31417489051819,321,48.422868728637695,321,48.5300726890564,321,48.65825438499451,321,48.905752658843994,321,49.01752495765686,321,49.14424395561218,321,49.248342990875244,321,49.37951135635376,321,49.52599763870239,321,49.646092891693115,321,49.76231527328491,321,49.89818024635315,321,50.005414724349976,321,50.11635208129883,321,50.23704218864441,321,50.34834933280945,321,50.465211153030396,321,50.56809616088867,321,50.69341731071472,321,50.80177402496338,321,50.93582510948181,321,51.06661939620972,321,51.182329416275024,321,51.33928155899048,321,51.451905965805054,321,51.556583404541016,321,51.68493604660034,321,51.80166840553284,321,51.91470909118652,321,52.05334949493408,321,52.17392659187317,321,52.29469013214111,321,52.40375351905823,321,52.53943061828613,321,52.646809101104736,321,52.7579779624939,321,52.87143588066101,321,53.015843868255615,321,53.125974893569946,321,53.2312388420105,321,53.35122346878052,321,53.46505904197693,321,53.57980799674988,321,53.70121240615845,321,53.809218406677246,321,53.91954684257507,321,54.041956186294556,321,54.166415214538574,321,54.27680206298828,321,54.415780544281006,321,54.549949645996094,321,54.67699837684631,321,54.7867226600647,321,54.904152631759644,321,55.01937699317932,321,55.13007950782776,321,55.238924980163574,321,55.374595403671265,321,55.482726097106934,321,55.60015153884888,321,55.72356557846069,321,55.86280655860901,321,55.96983766555786,321,56.08011198043823,321,56.22181272506714,321,56.33600974082947,321,56.45133924484253,321,56.56276869773865,321,56.67108201980591,321,56.78552293777466,321,56.894044637680054,321,57.00007629394531,321,57.11974573135376,321,57.22820472717285,321,57.33613920211792,321,57.46098446846008,321,57.56319570541382,321,57.66416811943054,321,57.764328956604004,321,57.87255501747131,321,57.97280216217041,321,58.076308488845825,321,58.195584535598755,321,58.29582214355469,321,58.39302325248718,321,58.49045968055725,321,58.605712890625,321,58.71374487876892,321,58.80779528617859,321,58.90520453453064,321,59.02132272720337,321,59.12077236175537,321,59.22504806518555,321,59.3408203125,321,59.44323134422302,321,59.58071279525757,321,59.68230938911438,321,59.795002698898315,321,59.93541169166565,321,60.04074311256409
2,random_graphs/triangle/r1.5k18n12/graph2.lgbin,1502,39.421754360198975,262,556,0,454,0.32593250274658203,394,0.47214174270629883,367,0.6180076599121094,353,0.7624444961547852,344,0.9328253269195557,339,1.1726226806640625,335,1.2941737174987793,316,1.4682316780090332,314,1.6467499732971191,306,1.8095479011535645,305,1.9666633605957031,298,2.1075539588928223,296,2.2521235942840576,296,2.3964755535125732,296,2.5065948963165283,296,2.615265369415283,294,2.7604684829711914,292,2.9183740615844727,292,3.028470993041992,292,3.153123140335083,291,3.3065075874328613,289,3.455289840698242,288,3.5870306491851807,287,3.757533311843872,287,3.871771812438965,286,4.028278112411499,279,4.178434371948242,279,4.2957923412323,279,4.4259538650512695,279,4.538371801376343,279,4.6567323207855225,279,4.794001340866089,279,4.90451455116272,279,5.023167133331299,279,5.13442063331604,279,5.273848056793213,279,5.409645318984985,279,5.5213611125946045,279,5.632692337036133,279,5.737887144088745,279,5.839750289916992,279,5.948176622390747,279,6.050210952758789,279,6.154070854187012,279,6.265362501144409,279,6.3973307609558105,276,6.546009540557861,275,6.693983316421509,275,6.79121994972229,274,6.919289827346802,274,7.045408248901367,274,7.154930353164673,274,7.258625268936157,274,7.355194807052612,274,7.466907978057861,274,7.568545579910278,274,7.693767547607422,274,7.828317403793335,274,8.006681680679321,274,8.105912685394287,274,8.209434270858765,274,8.320826292037964,274,8.437694072723389,274,8.549392938613892,274,8.658706426620483,274,8.76367974281311,274,8.875576972961426,274,9.006554126739502,274,9.120254755020142,274,9.232298135757446,274,9.353869199752808,274,9.46635365486145,274,9.593281507492065,274,9.724862098693848,274,9.838422775268555,274,9.946646451950073,274,10.061108589172363,274,10.163055896759033,274,10.273163080215454,274,10.38573145866394,274,10.497044563293457,274,10.62664008140564,274,10.74771523475647,274,10.85555362701416,274,10.966479539871216,274,11.082101583480835,274,11.21031928062439,274,11.340121030807495,274,11.461741209030151,274,11.57660174369812,274,11.696786642074585,274,11.834815263748169,274,11.954678773880005,274,12.082365036010742,274,12.198148250579834,274,12.317667961120605,274,12.457333087921143,274,12.58363962173462,274,12.695647954940796,274,12.823780298233032,274,12.935616493225098,274,13.063946008682251,274,13.176622867584229,274,13.28722357749939,274,13.386729001998901,274,13.501392841339111,274,13.617226123809814,274,13.752763748168945,274,13.873329162597656,274,13.979121446609497,274,14.100005388259888,274,14.198874711990356,274,14.320230484008789,274,14.428216934204102,274,14.550969123840332,273,14.685939311981201,273,14.785780429840088,273,14.89397120475769,273,14.997356176376343,273,15.103206872940063,273,15.206618309020996,273,15.335676193237305,273,15.462105751037598,273,15.568153381347656,273,15.689093112945557,273,15.800776958465576,273,15.904887437820435,273,16.017019748687744,273,16.13096046447754,273,16.257027864456177,273,16.362805128097534,273,16.476110219955444,273,16.60416078567505,273,16.703104257583618,273,16.805023670196533,273,16.912196397781372,273,17.050769567489624,273,17.167133569717407,273,17.289224863052368,273,17.411155939102173,273,17.54119849205017,273,17.66028070449829,273,17.786738395690918,273,17.900108814239502,273,18.022441148757935,273,18.12958788871765,273,18.23767924308777,273,18.34705638885498,273,18.497232913970947,273,18.614303588867188,273,18.731399536132812,273,18.851463079452515,273,18.9829318523407,273,19.096479892730713,273,19.208536863327026,273,19.32932734489441,273,19.445974826812744,273,19.584168434143066,273,19.690943956375122,273,19.798681259155273,273,19.913858890533447,273,20.048520803451538,273,20.173776149749756,273,20.32608938217163,273,20.44347882270813,273,20.555436372756958,273,20.693257570266724,271,20.84154486656189,271,20.950974464416504,270,21.1042640209198,270,21.229764938354492,267,21.38829255104065,267,21.5097599029541,267,21.62819004058838,267,21.73250985145569,266,21.879733085632324,263,22.02948808670044,263,22.147476196289062,263,22.262353658676147,263,22.373528957366943,263,22.51403260231018,263,22.631428480148315,262,22.77573585510254,262,22.910945892333984,262,23.037267923355103,262,23.175320863723755,262,23.290058135986328,262,23.397825002670288,262,23.539820909500122,262,23.65989899635315,262,23.775222539901733,262,23.893222332000732,262,24.023611307144165,262,24.146517753601074,262,24.282021522521973,262,24.396575927734375,262,24.50916576385498,262,24.62392830848694,262,24.748692512512207,262,24.86671280860901,262,24.9834406375885,262,25.1080584526062,262,25.23933172225952,262,25.35700535774231,262,25.4700710773468,262,25.583346605300903,262,25.71127963066101,262,25.823523998260498,262,25.954880952835083,262,26.059544324874878,262,26.18029475212097,262,26.302478551864624,262,26.427067518234253,262,26.577155828475952,262,26.694353580474854,262,26.81560254096985,262,26.92677140235901,262,27.06297254562378,262,27.228840112686157,262,27.34556555747986,262,27.47763228416443,262,27.58055591583252,262,27.696447610855103,262,27.811126232147217,262,27.926056146621704,262,28.043168544769287,262,28.184818506240845,262,28.291794061660767,262,28.40587615966797,262,28.521565675735474,262,28.65389895439148,262,28.77254295349121,262,28.884713172912598,262,29.000550031661987,262,29.113122701644897,262,29.228920459747314,262,29.34136438369751,262,29.475300073623657,262,29.598180532455444,262,29.708205461502075,262,29.806373357772827,262,29.941925048828125,262,30.057459592819214,262,30.161945104599,262,30.275497674942017,262,30.390637636184692,262,30.51008653640747,262,30.638469457626343,262,30.769354104995728,262,30.875290632247925,262,30.97749137878418,262,31.088581800460815,262,31.208897829055786,262,31.30657649040222,262,31.41605234146118,262,31.516156673431396,262,31.63936185836792,262,31.73647713661194,262,31.851181507110596,262,31.95965838432312,262,32.06416893005371,262,32.15899705886841,262,32.27736473083496,262,32.380037784576416,262,32.49801588058472,262,32.60368275642395,262,32.71403503417969,262,32.82000160217285,262,32.930546283721924,262,33.0496621131897,262,33.16930842399597,262,33.27881479263306,262,33.40237784385681,262,33.610755443573,262,33.745874643325806,262,33.85413908958435,262,33.9758837223053,262,34.10259413719177,262,34.2252676486969,262,34.38698863983154,262,34.50121068954468,262,34.62148714065552,262,34.72488451004028,262,34.83840298652649,262,34.95561337471008,262,35.06051421165466,262,35.173991203308105,262,35.28740096092224,262,35.39586019515991,262,35.5082311630249,262,35.762025117874146,262,35.87318444252014,262,35.97791147232056,262,36.09035611152649,262,36.2022168636322,262,36.32243084907532,262,36.435338497161865,262,36.54506301879883,262,36.651583194732666,262,36.77776741981506,262,36.9099907875061,262,37.02192187309265,262,37.140830993652344,262,37.26870656013489,262,37.38897943496704,262,37.496068239212036,262,37.61095643043518,262,37.725292444229126,262,37.83994126319885,262,37.96036219596863,262,38.06808400154114,262,38.19705939292908,262,38.298640727996826,262,38.41839051246643,262,38.55042266845703,262,38.65943264961243,262,38.77180194854736,262,38.89183187484741,262,39.016578674316406,262,39.12483334541321,262,39.235326290130615,262,39.35601043701172,262,39.46218800544739,262,39.562283754348755,262,39.66431665420532,262,39.772300243377686,262,39.88346266746521,262,40.02551603317261,262,40.12773323059082,262,40.2406804561615,262,40.33906555175781,262,40.45799708366394,262,40.56458806991577,262,40.68466114997864,262,40.78937530517578,262,40.892128467559814,262,41.01293659210205,262,41.117645025253296,262,41.23821306228638,262,41.33547353744507,262,41.43846273422241,262,41.545243978500366,262,41.64660596847534,262,41.768898725509644,262,41.88457703590393,262,41.99080729484558,262,42.09483313560486,262,42.217140913009644,262,42.356117725372314,262,42.5145423412323,262,42.62326502799988,262,42.744025230407715,262,42.853097677230835,262,42.966956615448,262,43.079306840896606,262,43.186789751052856,262,43.2987060546875,262,43.403830766677856,262,43.516419410705566,262,43.6346390247345,262,43.755035161972046,262,43.86682438850403,262,44.00645184516907,262,44.14797925949097,262,44.26613473892212,262,44.37890315055847,262,44.47815942764282,262,44.60065269470215,262,44.72709274291992,262,44.900211572647095,262,45.013734340667725,262,45.11518883705139,262,45.22070598602295,262,45.330119609832764,262,45.45562934875488,262,45.56803369522095,262,45.68750333786011,262,45.799243450164795,262,45.910115242004395,262,46.01937770843506,262,46.13712930679321,262,46.2587571144104,262,46.37858271598816,262,46.49960899353027,262,46.62042832374573,262,46.749391317367554,262,46.8669970035553,262,46.9696478843689,262,47.08556032180786,262,47.22505307197571,262,47.32912063598633,262,47.428974866867065,262,47.54023289680481,262,47.64047026634216,262,47.748191833496094,262,47.84342956542969,262,47.94651246070862,262,48.05983281135559,262,48.16546034812927,262,48.26716613769531,262,48.37219977378845,262,48.47897267341614,262,48.597970724105835,262,48.71482491493225,262,48.82393956184387,262,48.94215750694275,262,49.074517488479614,262,49.18594312667847,262,49.30562496185303,262,49.41985750198364,262,49.528510093688965,262,49.63684940338135,262,49.755948305130005,262,49.863203048706055,262,49.97513008117676,262,50.10736417770386,262,50.22599720954895,262,50.33516502380371,262,50.44853448867798,262,50.56027817726135,262,50.68320918083191,262,50.79759430885315,262,50.92551827430725,262,51.03421640396118,262,51.1585476398468,262,51.2978081703186,262,51.416496992111206,262,51.52794861793518,262,51.65304255485535,262,51.772979736328125,262,51.89673566818237,262,52.006251096725464,262,52.11462616920471,262,52.228641986846924,262,52.36497378349304,262,52.47110342979431,262,52.59543800354004,262,52.70356845855713,262,52.826791524887085,262,52.93119239807129,262,53.05822229385376,262,53.18906497955322,262,53.29933834075928,262,53.4192841053009,262,53.55808186531067,262,53.68101358413696,262,53.80198049545288,262,53.925660371780396,262,54.040486097335815,262,54.16009736061096,262,54.276697874069214,262,54.38184976577759,262,54.50305914878845,262,54.63802433013916,262,54.75336241722107,262,54.87499761581421,262,54.989640951156616,262,55.103219747543335,262,55.24076271057129,262,55.35298538208008,262,55.46224880218506,262,55.574554443359375,262,55.68290424346924,262,55.795175075531006,262,55.919209003448486,262,56.04735064506531,262,56.18510556221008,262,56.29970359802246,262,56.41966271400452,262,56.53715801239014,262,56.67152786254883,262,56.79154896736145,262,56.90142321586609,262,57.01768159866333,262,57.13274550437927,262,57.24820351600647,262,57.36058163642883,262,57.503042221069336,262,57.61180639266968,262,57.7382071018219,262,57.844905376434326,262,57.966246128082275,262,58.07754039764404,262,58.20052194595337,262,58.31476593017578,262,58.431289196014404,262,58.543048620224,262,58.6815299987793,262,58.79912877082825,262,58.90356206893921,262,59.017701387405396,262,59.13156175613403,262,59.25576829910278,262,59.37567591667175,262,59.48551273345947,262,59.597073793411255,262,59.72247266769409,262,59.840893507003784,262,59.95669603347778,262,60.042948961257935
3,random_graphs/triangle/r1.5k18n12/graph3.lgbin,1502,40.19499492645264,265,616,0,550,0.18714189529418945,478,0.3909721374511719,461,0.5335414409637451,431,0.6855928897857666,422,0.8547282218933105,397,0.9954833984375,390,1.1479520797729492,375,1.3628618717193604,352,1.5088605880737305,334,1.650881052017212,332,1.7886037826538086,329,1.9423987865447998,327,2.0837011337280273,324,2.2332425117492676,323,2.4187564849853516,321,2.5807108879089355,321,2.683912515640259,321,2.790665864944458,320,2.9567368030548096,314,3.110269069671631,314,3.2117130756378174,314,3.3692877292633057,307,3.5144004821777344,307,3.6639673709869385,307,3.7714879512786865,307,3.9440598487854004,307,4.05510139465332,307,4.165053844451904,307,4.288015365600586,307,4.3964924812316895,307,4.5307910442352295,307,4.6670241355896,307,4.777195453643799,307,4.886353254318237,307,5.014779090881348,307,5.126746654510498,307,5.240189075469971,307,5.354673624038696,307,5.467164754867554,306,5.634597063064575,300,5.79555082321167,300,5.962445259094238,300,6.089834451675415,300,6.214850664138794,299,6.330943584442139,298,6.479255199432373,298,6.622714042663574,296,6.793234586715698,296,6.910361051559448,296,7.046423435211182,295,7.208233118057251,295,7.438835859298706,295,7.557285308837891,295,7.677359580993652,294,7.844003677368164,293,8.01884937286377,290,8.244957208633423,288,8.414577722549438,288,8.543227195739746,288,8.657400131225586,288,8.767277956008911,288,8.884448289871216,288,9.0753812789917,288,9.250327587127686,288,9.576389789581299,288,9.70130467414856,288,9.8145432472229,288,9.928353309631348,288,10.0377779006958,288,10.139251470565796,288,10.238230228424072,288,10.369166135787964,288,10.469889640808105,288,10.593414068222046,285,10.750812768936157,285,10.869831085205078,285,10.970367670059204,285,11.085009098052979,285,11.214977741241455,285,11.328538417816162,285,11.429370880126953,285,11.559761047363281,279,11.738319158554077,279,11.841620922088623,279,11.940773010253906,279,12.042848825454712,279,12.141980409622192,279,12.24187970161438,279,12.341897964477539,279,12.441457986831665,279,12.595034837722778,279,12.699042797088623,279,12.814071655273438,279,12.919064044952393,279,13.01593565940857,278,13.187393188476562,276,13.416093587875366,276,13.536073923110962,276,13.704417705535889,273,13.843774795532227,272,13.995629072189331,272,14.17895770072937,272,14.310085773468018,272,14.424609661102295,272,14.544838190078735,272,14.655364990234375,272,14.772772073745728,272,14.88708782196045,271,15.053847551345825,270,15.19348430633545,270,15.308896541595459,269,15.452677726745605,269,15.57152009010315,269,15.699091911315918,269,15.827073335647583,269,15.961337089538574,269,16.076403617858887,269,16.192583322525024,269,16.33663058280945,269,16.454351902008057,268,16.603493213653564,267,16.740551710128784,267,16.85353922843933,267,16.994595527648926,267,17.105893850326538,267,17.217190742492676,267,17.332975387573242,267,17.453776836395264,267,17.563541889190674,265,17.70646023750305,265,17.822272300720215,265,17.938312292099,265,18.053711652755737,265,18.170901775360107,265,18.278899431228638,265,18.379793405532837,265,18.48087978363037,265,18.61273217201233,265,18.74201726913452,265,18.844094276428223,265,18.94349765777588,265,19.06704092025757,265,19.191476106643677,265,19.304760217666626,265,19.469529151916504,265,19.573710680007935,265,19.675774335861206,265,19.77601718902588,265,19.880396127700806,265,19.99060034751892,265,20.100558042526245,265,20.258975505828857,265,20.383720636367798,265,20.489320039749146,265,20.608365535736084,265,20.75585651397705,265,20.86040163040161,265,20.971126317977905,265,21.079407930374146,265,21.20187258720398,265,21.306872129440308,265,21.40934467315674,265,21.51173162460327,265,21.628894567489624,265,21.73729133605957,265,21.858985424041748,265,21.973326921463013,265,22.11902904510498,265,22.252110481262207,265,22.373028993606567,265,22.515465021133423,265,22.63518786430359,265,22.753028631210327,265,22.858771324157715,265,22.974678993225098,265,23.081822633743286,265,23.19684362411499,265,23.317384243011475,265,23.4295756816864,265,23.558989763259888,265,23.675596952438354,265,23.787559747695923,265,23.90282392501831,265,24.01345920562744,265,24.14528203010559,265,24.257518768310547,265,24.374327182769775,265,24.479653120040894,265,24.58505415916443,265,24.697815895080566,265,24.82741904258728,265,24.976605892181396,265,25.088229656219482,265,25.202640056610107,265,25.350516319274902,265,25.471123695373535,265,25.588536977767944,265,25.708096742630005,265,25.849629878997803,265,25.9598331451416,265,26.0958411693573,265,26.237542390823364,265,26.45578908920288,265,26.571696519851685,265,26.693209409713745,265,26.80639886856079,265,26.928016662597656,265,27.031938791275024,265,27.170995473861694,265,27.285801887512207,265,27.420432090759277,265,27.534805059432983,265,27.65774941444397,265,27.779612064361572,265,27.905728816986084,265,28.014750957489014,265,28.143245697021484,265,28.260777235031128,265,28.38640594482422,265,28.49403405189514,265,28.609346389770508,265,28.7352454662323,265,28.85843586921692,265,28.975629329681396,265,29.08930206298828,265,29.20143151283264,265,29.334925889968872,265,29.465893030166626,265,29.577065467834473,265,29.689950466156006,265,29.799877643585205,265,29.911567449569702,265,30.02077865600586,265,30.145313501358032,265,30.26153588294983,265,30.391079664230347,265,30.507588386535645,265,30.623581171035767,265,30.741496801376343,265,30.90021538734436,265,31.011210441589355,265,31.122611045837402,265,31.243818283081055,265,31.372411727905273,265,31.492725372314453,265,31.621972799301147,265,31.731860399246216,265,31.841416835784912,265,32.01153326034546,265,32.14024376869202,265,32.251068115234375,265,32.36791396141052,265,32.47900652885437,265,32.593798875808716,265,32.777117013931274,265,32.89257502555847,265,33.02439856529236,265,33.14140725135803,265,33.25633382797241,265,33.37667942047119,265,33.49792766571045,265,33.59784197807312,265,33.71692132949829,265,33.8299081325531,265,33.949527978897095,265,34.058005571365356,265,34.21922755241394,265,34.32416820526123,265,34.44140434265137,265,34.55622935295105,265,34.67143893241882,265,34.7889187335968,265,34.90232729911804,265,35.00737428665161,265,35.16359186172485,265,35.264798164367676,265,35.368048906326294,265,35.47418975830078,265,35.58889365196228,265,35.704535484313965,265,35.81479501724243,265,35.97221255302429,265,36.07831788063049,265,36.180620193481445,265,36.283992528915405,265,36.428894996643066,265,36.540669202804565,265,36.64309883117676,265,36.74967670440674,265,36.87460160255432,265,36.97545838356018,265,37.08976411819458,265,37.19532513618469,265,37.302366971969604,265,37.41658425331116,265,37.52982807159424,265,37.64897704124451,265,37.75972366333008,265,37.902729988098145,265,38.0183961391449,265,38.14644503593445,265,38.25334143638611,265,38.365453481674194,265,38.47360324859619,265,38.582911252975464,265,38.68923497200012,265,38.79582738876343,265,38.9061975479126,265,39.030210971832275,265,39.15082883834839,265,39.319467067718506,265,39.44080376625061,265,39.549272298812866,265,39.672595500946045,265,39.7813024520874,265,39.902761459350586,265,40.03236246109009,265,40.13828635215759,265,40.26173710823059,265,40.385119915008545,265,40.49146819114685,265,40.60315680503845,265,40.71719145774841,265,40.8270058631897,265,40.931400775909424,265,41.03782534599304,265,41.15024662017822,265,41.26130151748657,265,41.378300189971924,265,41.494075298309326,265,41.60547685623169,265,41.72033977508545,265,41.82570767402649,265,41.939093589782715,265,42.06883001327515,265,42.17958188056946,265,42.29918432235718,265,42.428765058517456,265,42.53128266334534,265,42.64403796195984,265,42.76388096809387,265,42.872533559799194,265,43.028886795043945,265,43.15233492851257,265,43.25992679595947,265,43.36565399169922,265,43.475045919418335,265,43.60448408126831,265,43.71428561210632,265,43.825544357299805,265,43.933260679244995,265,44.055954694747925,265,44.15870022773743,265,44.26047205924988,265,44.37685465812683,265,44.4826557636261,265,44.599735498428345,265,44.70182991027832,265,44.81037974357605,265,44.917423248291016,265,45.01909518241882,265,45.12157416343689,265,45.2502715587616,265,45.360121726989746,265,45.46598243713379,265,45.585386514663696,265,45.688509464263916,265,45.79979610443115,265,45.93282413482666,265,46.04563808441162,265,46.16785478591919,265,46.28258800506592,265,46.39947772026062,265,46.50936770439148,265,46.682873487472534,265,46.78776240348816,265,46.90327167510986,265,47.02025365829468,265,47.12808084487915,265,47.25500249862671,265,47.370343923568726,265,47.47740983963013,265,47.58771300315857,265,47.70147967338562,265,47.818442583084106,265,47.927672386169434,265,48.061368227005005,265,48.18865251541138,265,48.294018030166626,265,48.407933473587036,265,48.526050329208374,265,48.63852381706238,265,48.78003168106079,265,48.893311977386475,265,49.007508754730225,265,49.12799310684204,265,49.23516774177551,265,49.341602087020874,265,49.466792345047,265,49.57636213302612,265,49.71400260925293,265,49.85142254829407,265,49.975321769714355,265,50.10083770751953,265,50.20959758758545,265,50.33393836021423,265,50.450056076049805,265,50.56773090362549,265,50.673805475234985,265,50.812479734420776,265,50.922722578048706,265,51.03592252731323,265,51.144704818725586,265,51.260278940200806,265,51.369770526885986,265,51.493781089782715,265,51.58900213241577,265,51.70068097114563,265,51.82794451713562,265,51.941373109817505,265,52.256080627441406,265,52.371702671051025,265,52.480284690856934,265,52.59008550643921,265,52.69253206253052,265,52.80395221710205,265,52.91046380996704,265,53.01602506637573,265,53.13653922080994,265,53.24603056907654,265,53.35280776023865,265,53.450472354888916,265,53.55888390541077,265,53.669604539871216,265,53.775131702423096,265,53.89755868911743,265,54.00155544281006,265,54.111510038375854,265,54.22499871253967,265,54.36334300041199,265,54.48054265975952,265,54.6341392993927,265,54.76929473876953,265,54.89426255226135,265,55.02851891517639,265,55.17126655578613,265,55.28667616844177,265,55.431973457336426,265,55.54207921028137,265,55.66124773025513,265,55.77647423744202,265,55.881736516952515,265,55.998977184295654,265,56.11203670501709,265,56.22049403190613,265,56.3886182308197,265,56.511229515075684,265,56.63589119911194,265,56.74729895591736,265,56.85738492012024,265,56.967647075653076,265,57.08183479309082,265,57.253992319107056,265,57.374868869781494,265,57.48889517784119,265,57.598769187927246,265,57.71480751037598,265,57.84639072418213,265,57.95712971687317,265,58.071486711502075,265,58.187570095062256,265,58.30531311035156,265,58.412585973739624,265,58.52557635307312,265,58.667258501052856,265,58.7809841632843,265,58.89654803276062,265,59.04786562919617,265,59.162240743637085,265,59.294185400009155,265,59.43870401382446,265,59.556800842285156,265,59.66838026046753,265,59.77905249595642,265,59.89241814613342,265,60.009575843811035
4,random_graphs/triangle/r1.5k18n12/graph4.lgbin,1502,43.2780396938324,268,692,0,564,0.1841731071472168,519,0.4107537269592285,476,0.5742971897125244,426,0.7070376873016357,403,0.9265134334564209,394,1.1305558681488037,383,1.2987747192382812,368,1.4599871635437012,360,1.6846935749053955,354,1.85213041305542,343,2.0246522426605225,339,2.1490888595581055,339,2.307452917098999,336,2.496858596801758,336,2.6274068355560303,331,2.859700918197632,331,3.000159978866577,321,3.1785669326782227,318,3.3451223373413086,317,3.4821548461914062,312,3.6335883140563965,311,3.7729334831237793,308,3.9442059993743896,308,4.08342719078064,308,4.217508554458618,308,4.3351476192474365,308,4.464727878570557,308,4.579833030700684,306,4.740414142608643,305,4.912460565567017,304,5.064133882522583,304,5.1699652671813965,303,5.279088973999023,301,5.41171407699585,301,5.527098178863525,301,5.640377998352051,301,5.76470160484314,301,5.917839050292969,300,6.073190689086914,300,6.243694067001343,300,6.377121925354004,300,6.495697975158691,300,6.614588499069214,300,6.734848260879517,300,6.8607776165008545,300,6.969848155975342,300,7.087865352630615,300,7.202347755432129,300,7.308896064758301,300,7.445657014846802,300,7.710367441177368,300,7.825660467147827,300,7.942101001739502,300,8.060649156570435,300,8.174566507339478,300,8.283923149108887,299,8.44849443435669,299,8.56481122970581,299,8.691699743270874,299,8.807768106460571,299,8.923646450042725,299,9.042943477630615,299,9.205796718597412,299,9.331846475601196,298,10.739737510681152,296,10.922807931900024,296,11.074699640274048,294,11.227787494659424,289,11.377473831176758,288,11.530097007751465,286,11.647679805755615,286,11.763712167739868,286,11.8892183303833,286,12.01261568069458,285,12.195493459701538,284,12.383519172668457,282,12.548227548599243,281,12.714353799819946,280,12.911134004592896,279,13.038061618804932,279,13.173359155654907,278,14.579046487808228,276,14.723377466201782,276,14.834275722503662,276,15.095665454864502,276,15.227218389511108,276,15.331930875778198,276,15.478323221206665,276,15.589436531066895,276,15.71829104423523,276,15.864109992980957,276,15.97487187385559,276,16.0881187915802,276,16.203162908554077,276,16.343233108520508,276,16.459461450576782,276,16.572155475616455,276,16.682989597320557,276,16.836790084838867,276,16.957478523254395,276,17.12384557723999,276,17.248401403427124,276,17.402166843414307,276,17.519297122955322,276,17.68825626373291,276,17.820265531539917,276,17.995999336242676,276,18.12291717529297,276,18.231600522994995,276,18.365007162094116,276,18.506382942199707,276,18.636104106903076,276,18.761051177978516,276,18.87997341156006,276,19.020321130752563,276,19.150959014892578,276,19.26626420021057,276,19.39066171646118,276,19.52097249031067,276,19.64417028427124,276,19.80695652961731,276,19.946722984313965,276,20.066473245620728,276,20.224284172058105,276,20.367899179458618,276,20.695707082748413,276,22.379796981811523,276,22.490776300430298,276,22.615590572357178,276,22.777751922607422,275,22.929823398590088,275,23.045740127563477,275,23.19109344482422,275,23.31335210800171,275,23.433868408203125,275,23.55771827697754,275,23.683412075042725,275,23.829811334609985,275,23.942513942718506,275,24.08487629890442,275,24.209158420562744,275,24.326233625411987,275,24.459007024765015,275,24.629194498062134,275,24.743669748306274,275,24.86970829963684,275,24.9854154586792,275,25.10119867324829,275,25.232950448989868,275,25.361907482147217,275,25.494881629943848,275,25.6034095287323,275,25.770108699798584,275,25.935670375823975,275,26.07918071746826,275,26.200402975082397,275,26.32314944267273,275,26.48722267150879,275,26.62257695198059,275,26.782166719436646,275,27.03843116760254,275,27.162753105163574,275,27.280752897262573,275,27.443771362304688,275,27.558982849121094,275,27.707103490829468,275,27.83969020843506,275,27.981171369552612,272,28.169095039367676,272,28.29268503189087,272,28.419204235076904,272,28.555816411972046,272,28.6943416595459,272,28.830854415893555,272,28.977917432785034,272,29.090823888778687,272,29.224235773086548,272,29.3492329120636,271,29.4998881816864,271,29.61803650856018,271,29.74008011817932,271,29.86104941368103,271,30.023694276809692,271,30.191367149353027,271,30.31508708000183,271,30.446954488754272,271,30.577911376953125,271,30.716208457946777,271,30.8394296169281,271,30.96055841445923,271,31.12059736251831,271,31.270613431930542,271,31.480334758758545,269,31.689570426940918,269,31.838631868362427,269,31.96826148033142,269,32.092538356781006,269,32.21771574020386,268,32.37119817733765,268,32.49391198158264,268,34.50597620010376,268,34.62789463996887,268,34.81914663314819,268,34.948681592941284,268,35.079102993011475,268,35.1991662979126,268,35.36276912689209,268,35.48766827583313,268,35.73250675201416,268,35.888561964035034,268,36.01730132102966,268,36.137516260147095,268,36.25906467437744,268,36.37916421890259,268,36.49797582626343,268,36.62332081794739,268,36.74440789222717,268,36.87950897216797,268,37.00664710998535,268,37.132468700408936,268,37.248924255371094,268,37.38551616668701,268,37.50637197494507,268,37.62600660324097,268,37.745084285736084,268,37.8520348072052,268,37.9701726436615,268,38.10709571838379,268,38.21765422821045,268,38.36405944824219,268,38.47443771362305,268,38.588788986206055,268,38.70437693595886,268,38.8200466632843,268,38.93142080307007,268,39.04638743400574,268,40.60095953941345,268,40.75144052505493,268,40.865362882614136,268,40.97177720069885,268,41.08451557159424,268,41.19438123703003,268,41.3153817653656,268,41.433236837387085,268,41.56881022453308,268,41.69242453575134,268,41.80238199234009,268,41.91841387748718,268,42.04476761817932,268,42.170838594436646,268,42.29680323600769,268,42.41368794441223,268,42.53935790061951,268,42.657217502593994,268,42.806692600250244,268,42.94530177116394,268,43.061277866363525,268,43.2292058467865,268,43.35262155532837,268,43.46580266952515,268,43.59587526321411,268,43.7150092124939,268,43.83387303352356,268,43.96162748336792,268,44.07771110534668,268,44.19859480857849,268,44.310831785202026,268,44.43573355674744,268,44.57484817504883,268,44.6909282207489,268,44.817840814590454,268,44.93688607215881,268,45.06756830215454,268,45.19777154922485,268,45.35568714141846,268,45.53948426246643,268,45.7120316028595,268,45.97263860702515,268,46.13261318206787,268,46.305166721343994,268,46.45699071884155,268,46.575764656066895,268,46.70612692832947,268,46.825682640075684,268,46.9831485748291,268,47.09936213493347,268,47.22853970527649,268,47.36001968383789,268,47.49134802818298,268,47.606451988220215,268,47.78353524208069,268,47.89393639564514,268,48.005040407180786,268,48.15131115913391,268,48.26478314399719,268,48.37651491165161,268,48.54594588279724,268,48.66239953041077,268,48.77082872390747,268,48.88293790817261,268,48.99384140968323,268,49.130563259124756,268,49.24869728088379,268,49.354419469833374,268,49.48294711112976,268,49.612157106399536,268,49.741381883621216,268,49.858795404434204,268,49.97445011138916,268,50.091755390167236,268,50.25675082206726,268,50.37372922897339,268,50.50824546813965,268,50.626121044158936,268,50.74317502975464,268,50.892099142074585,268,51.033230781555176,268,51.15567636489868,268,51.290252923965454,268,51.40492510795593,268,51.54563879966736,268,51.66390085220337,268,51.794628858566284,268,51.91521668434143,268,52.05824613571167,268,52.18106770515442,268,52.30116939544678,268,52.42032241821289,268,52.56253433227539,268,52.67786407470703,268,52.79015231132507,268,53.03725266456604,268,53.15944290161133,268,53.28261184692383,268,53.43519330024719,268,53.56028938293457,268,53.709277868270874,268,53.98011779785156,268,54.15767288208008,268,54.32219362258911,268,54.457608699798584,268,54.58363914489746,268,54.74348568916321,268,54.85499167442322,268,55.01120710372925,268,55.1521692276001,268,56.740522623062134,268,56.858036518096924,268,56.98346304893494,268,57.09678649902344,268,57.20988154411316,268,57.47017455101013,268,57.57890462875366,268,57.710598945617676,268,57.825170278549194,268,57.941277265548706,268,58.07870125770569,268,58.19581317901611,268,58.31189966201782,268,58.423383474349976,268,58.56206297874451,268,58.70469522476196,268,58.828941345214844,268,58.975098848342896,268,59.102177143096924,268,59.23910975456238,268,59.38996624946594,268,59.52066373825073,268,59.652137756347656,268,59.78718376159668,268,59.91117477416992,268,60.06276249885559
5,random_graphs/triangle/r1.5k18n12/graph5.lgbin,1502,44.463011741638184,310,607,0,515,0.2189924716949463,454,0.42955851554870605,422,0.64990234375,409,0.7928450107574463,393,0.9432363510131836,382,1.0851128101348877,361,1.2286486625671387,347,1.3414478302001953,345,1.4562618732452393,338,1.5720319747924805,334,1.7259602546691895,333,1.8350188732147217,333,2.115314245223999,331,2.2553350925445557,331,2.3628547191619873,331,2.4730722904205322,329,2.626868963241577,327,2.7600042819976807,324,2.909075975418091,324,3.0182955265045166,324,3.1544785499572754,324,4.736632347106934,323,4.88135838508606,322,4.9909913539886475,322,5.092263698577881,322,5.196434736251831,322,5.321422576904297,321,5.474496603012085,321,5.584873676300049,320,5.728864908218384,316,5.871689081192017,316,5.982195138931274,316,6.103514194488525,315,6.244161367416382,315,6.368081092834473,315,6.498547077178955,313,6.646980047225952,313,6.759908437728882,312,6.898173570632935,312,7.021014928817749,312,7.135600805282593,312,7.249643564224243,312,7.4973766803741455,312,7.60722541809082,312,7.716075658798218,312,7.833769798278809,312,7.956396818161011,312,8.07913327217102,312,8.199676513671875,312,8.313792943954468,312,10.911805152893066,312,11.008728742599487,312,11.12012243270874,312,11.213768720626831,312,11.341931104660034,312,11.49846363067627,312,11.613283395767212,312,11.713879585266113,312,11.810109615325928,312,11.910425186157227,312,12.007860898971558,312,12.116389751434326,312,12.215686321258545,312,12.315796136856079,312,12.450249433517456,312,12.561497688293457,312,12.672264575958252,312,12.826160192489624,312,12.931950092315674,312,13.039422750473022,312,13.140352964401245,312,13.257995843887329,312,13.376534223556519,312,13.485768795013428,312,13.633237838745117,312,13.743156433105469,312,13.871846914291382,312,14.021958112716675,312,14.137628555297852,312,14.253351211547852,312,14.352755546569824,312,14.471666812896729,312,14.578251361846924,312,14.691297769546509,312,14.797688722610474,312,15.0498046875,312,15.15565538406372,312,15.270632266998291,312,15.379733800888062,312,15.519288539886475,312,15.624074220657349,312,15.72788691520691,312,15.862317562103271,312,15.97306227684021,312,16.076223611831665,312,16.18090033531189,312,16.300338983535767,312,16.40405511856079,312,16.51453948020935,312,16.634920835494995,312,16.776233434677124,312,16.891578435897827,312,17.041984796524048,312,17.15907049179077,312,17.286598205566406,312,17.39357590675354,312,17.50234293937683,312,17.606449604034424,312,17.713058471679688,312,17.82184410095215,312,17.940866947174072,312,18.04156255722046,312,18.142110347747803,312,18.243080377578735,312,18.35090970993042,312,18.461362838745117,312,18.57438015937805,312,18.815839052200317,312,18.913875579833984,312,19.018937349319458,312,19.117706298828125,312,19.238130807876587,312,19.330021142959595,312,19.429119110107422,312,19.532190561294556,312,19.652641534805298,312,19.760141134262085,312,19.85679793357849,312,19.963693141937256,312,20.057353019714355,312,20.155708074569702,312,20.2502281665802,312,20.348586320877075,312,20.442854404449463,312,20.54357099533081,312,20.651041746139526,312,20.75277352333069,312,20.858362436294556,312,21.014918565750122,312,21.11112666130066,312,21.20858597755432,312,21.318590879440308,312,21.43883728981018,312,21.542346954345703,312,21.660502672195435,312,21.765756130218506,312,21.871769905090332,312,21.98658037185669,312,22.10332679748535,312,22.20431113243103,312,22.308016061782837,312,22.418054342269897,312,22.52963137626648,312,22.633234977722168,312,22.730592489242554,312,22.83481216430664,312,22.94783854484558,312,23.063652515411377,312,23.166850090026855,312,23.269299268722534,312,23.373380422592163,312,23.473153352737427,312,23.59424638748169,312,23.70025944709778,312,23.803728342056274,312,23.94175696372986,312,24.046136379241943,312,24.153287649154663,312,24.26919150352478,312,24.373714208602905,312,24.47815227508545,312,24.581541776657104,312,24.685593605041504,312,24.796041250228882,312,24.89961314201355,312,25.007113695144653,312,25.11693000793457,312,25.329376459121704,312,25.437154531478882,312,25.55375862121582,312,27.73377275466919,312,27.833481550216675,312,27.93590521812439,312,28.04817819595337,312,28.177745819091797,312,28.284385204315186,312,28.399934768676758,312,28.530181646347046,312,28.63016104698181,312,28.885303020477295,312,28.97909927368164,312,29.080984830856323,312,29.174895524978638,312,29.294604301452637,312,29.398011207580566,312,29.50403070449829,312,29.60099148750305,312,29.702496767044067,312,29.81321907043457,312,29.939674139022827,312,30.04333782196045,312,30.148547887802124,312,30.268083095550537,312,30.39160418510437,312,30.48992609977722,312,30.620254278182983,312,30.743844270706177,312,30.86557626724243,312,31.00203847885132,312,31.108314037322998,312,31.213480472564697,312,31.31818175315857,312,31.47105121612549,312,31.60080337524414,312,31.727190732955933,312,31.831719636917114,312,32.09454274177551,311,32.27514314651489,311,32.37903428077698,311,32.49747967720032,311,32.615156412124634,311,32.725202322006226,311,32.825685262680054,311,32.93708300590515,311,33.04513144493103,311,33.15819478034973,311,33.27890419960022,311,33.38867402076721,311,33.50634717941284,311,33.615522384643555,311,33.72124481201172,311,33.865225315093994,311,33.97134733200073,311,34.08959698677063,311,34.22652578353882,311,34.36547803878784,311,34.52743721008301,311,34.6542854309082,311,34.75979924201965,311,34.91653871536255,311,35.020978927612305,311,35.1339328289032,311,35.23741316795349,311,35.50162935256958,311,35.62300515174866,311,35.741583824157715,311,35.84467434883118,311,35.95348811149597,311,36.06522226333618,311,36.17259240150452,311,36.27141523361206,311,36.38081502914429,311,36.4951651096344,311,36.61065340042114,311,36.765788555145264,311,38.41603493690491,311,38.53591752052307,311,38.66009521484375,311,38.791194677352905,311,38.92228317260742,311,39.09851694107056,311,39.22407650947571,311,39.32945251464844,311,39.438748836517334,311,39.55462121963501,311,39.66397547721863,311,39.77701759338379,311,40.01679277420044,311,40.119866371154785,311,40.23032593727112,311,40.33608913421631,311,40.44644331932068,311,40.5726478099823,311,40.68004536628723,311,40.79113554954529,311,40.89792823791504,311,41.00779056549072,311,41.1548113822937,311,41.26256227493286,311,41.37568807601929,311,41.51372408866882,311,41.67014789581299,311,41.76927995681763,311,41.8775999546051,311,42.031474590301514,311,42.17989683151245,311,42.29035568237305,311,42.397619009017944,311,42.52299666404724,311,42.62504029273987,311,42.73297882080078,311,42.84568762779236,311,42.94198560714722,311,43.042821645736694,311,43.16524362564087,311,43.27767539024353,311,43.37783885002136,311,43.47867703437805,311,43.58201813697815,311,43.69744253158569,311,43.806110858917236,311,43.91947674751282,311,44.01866126060486,311,44.145811319351196,310,44.27957057952881,310,44.3896586894989,310,44.48621392250061,310,44.58172655105591,310,44.690295934677124,310,44.791359186172485,310,44.89084601402283,310,44.987980365753174,310,45.085591077804565,310,45.19258713722229,310,45.30151414871216,310,45.40512728691101,310,45.53488492965698,310,45.66062045097351,310,45.78782939910889,310,45.90092611312866,310,46.039429664611816,310,46.145533323287964,310,46.259073972702026,310,46.36162233352661,310,48.31576347351074,310,48.445937156677246,310,48.5543429851532,310,48.66341543197632,310,48.76743960380554,310,48.86988949775696,310,48.98050260543823,310,49.08068037033081,310,49.18370223045349,310,49.29239797592163,310,49.41044998168945,310,49.52423453330994,310,49.63323426246643,310,49.752634048461914,310,49.85572838783264,310,49.971696853637695,310,50.10581707954407,310,50.21514320373535,310,50.33501315116882,310,50.46108365058899,310,52.66407251358032,310,52.77353000640869,310,52.87114143371582,310,52.966654539108276,310,53.066988945007324,310,53.17652988433838,310,53.29939579963684,310,53.402116775512695,310,53.55158877372742,310,53.68200397491455,310,53.77806210517883,310,53.87603974342346,310,54.006800413131714,310,54.16637897491455,310,54.303086280822754,310,54.40356230735779,310,54.51280117034912,310,54.62278914451599,310,54.7344491481781,310,54.99412226676941,310,55.09511876106262,310,55.194775342941284,310,55.33375597000122,310,55.44018030166626,310,55.58913564682007,310,55.693016052246094,310,55.799193382263184,310,55.92331409454346,310,56.02994132041931,310,56.147709131240845,310,56.25315880775452,310,56.36370325088501,310,58.05441689491272,310,58.1608567237854,310,58.27733302116394,310,58.40744400024414,310,58.52208948135376,310,58.666815757751465,310,58.774263858795166,310,58.90354681015015,310,59.01179885864258,310,59.107738971710205,310,59.2230544090271,310,59.330703258514404,310,59.46417450904846,310,59.57926297187805,310,59.68461799621582,310,59.78588104248047,310,59.89531183242798,310,60.042375564575195
6,random_graphs/triangle/r1.5k18n12/graph6.lgbin,1502,41.20631241798401,296,662,0,556,0.13647794723510742,499,0.38005805015563965,456,0.49933743476867676,446,0.7690298557281494,433,0.8909721374511719,422,1.0422840118408203,405,1.2289018630981445,395,1.4847378730773926,392,1.6097075939178467,390,1.7650854587554932,387,1.943305492401123,385,2.100221872329712,381,2.2584967613220215,377,2.4184653759002686,375,2.7164037227630615,366,2.8655219078063965,366,3.0059494972229004,365,3.2812602519989014,364,3.465101957321167,364,3.58685040473938,364,3.721001148223877,364,3.8492462635040283,363,4.138752222061157,363,4.249083995819092,363,4.374609470367432,363,6.433539152145386,363,6.550938606262207,363,6.715460777282715,361,6.882381200790405,361,7.004592180252075,361,7.120833396911621,361,7.2352588176727295,359,7.401351690292358,358,7.519452095031738,358,7.6382575035095215,358,7.75193452835083,358,7.879747629165649,358,8.001566171646118,358,8.144771814346313,354,8.379151344299316,353,8.543535947799683,352,8.751141548156738,349,9.038081169128418,347,9.200516700744629,347,9.315118074417114,347,9.432551622390747,343,9.658653259277344,343,9.795884847640991,341,10.052492380142212,337,11.602673768997192,336,11.766094446182251,329,11.922313213348389,323,12.158346891403198,323,12.273864269256592,322,12.406373023986816,322,12.511565208435059,322,12.637278318405151,322,12.77206540107727,322,12.909616947174072,322,13.052450895309448,322,13.169214010238647,322,13.297736644744873,322,13.400223731994629,322,13.505314588546753,322,13.639379501342773,322,13.747755289077759,322,13.858459234237671,322,13.968340873718262,322,14.100462198257446,322,14.225606679916382,322,14.379836082458496,322,14.48750352859497,322,14.610857009887695,322,14.722219705581665,322,14.852065324783325,322,14.971997022628784,322,15.080206155776978,322,15.21237564086914,322,15.370378017425537,320,15.515892028808594,319,15.662829637527466,313,15.817835330963135,312,15.92598271369934,312,16.025224447250366,312,16.15736675262451,312,16.289005279541016,312,16.417942762374878,312,16.53018856048584,312,16.651538610458374,312,16.890287399291992,312,17.011067867279053,312,17.12400531768799,312,17.23527431488037,312,17.348860025405884,312,17.469523906707764,312,17.595653295516968,312,17.708436012268066,312,17.817997217178345,312,17.95238184928894,312,18.06200671195984,312,18.1744601726532,312,18.28661608695984,312,18.413630962371826,312,18.525173664093018,312,18.660804986953735,312,18.865453958511353,312,18.995763778686523,312,19.1094012260437,312,19.240062475204468,312,19.354198694229126,312,19.46160078048706,312,19.571858167648315,312,19.68776297569275,312,19.80449891090393,312,19.913910627365112,312,20.031809329986572,312,20.146915435791016,312,20.335551500320435,312,20.472059965133667,312,20.594651460647583,312,20.71211314201355,312,20.835548400878906,312,20.954848289489746,312,21.095489263534546,312,21.212560415267944,312,21.35011124610901,312,21.463484525680542,312,21.589590787887573,312,21.697216033935547,312,21.80812358856201,312,21.929999351501465,312,22.04001545906067,312,22.14354395866394,312,22.251277685165405,312,22.362101554870605,312,22.467082023620605,312,22.569988012313843,312,22.675476551055908,312,22.77835726737976,312,22.89600658416748,312,23.001702547073364,312,23.11047863960266,312,23.22732663154602,312,23.329366207122803,312,23.442293643951416,312,23.54463243484497,312,23.646708726882935,311,23.795812606811523,311,23.90306782722473,311,24.01423144340515,311,24.1258761882782,311,24.2368483543396,311,24.36592698097229,311,24.492249011993408,311,24.60306429862976,311,24.718618631362915,311,24.88073205947876,311,24.998586177825928,311,25.116358280181885,311,25.22146487236023,311,25.332889795303345,311,25.467339754104614,311,25.579296588897705,311,25.701603412628174,311,25.83347511291504,311,25.9991557598114,311,26.14708185195923,311,26.255271434783936,311,26.36543345451355,311,26.481182098388672,311,26.602442979812622,311,26.715081453323364,311,26.83113408088684,311,26.94443154335022,311,27.05336856842041,311,27.20249652862549,311,27.331904411315918,308,27.45102596282959,308,27.559753894805908,308,27.674691915512085,307,27.805131196975708,307,27.935640811920166,307,28.046578884124756,307,28.155957221984863,307,28.327491760253906,307,28.45926785469055,307,28.60970425605774,307,28.717193603515625,307,28.965046644210815,307,29.08044719696045,307,29.19730281829834,307,29.32130718231201,307,29.441278219223022,307,29.608142614364624,307,29.723511695861816,307,29.84403109550476,307,29.978211641311646,306,30.141560316085815,306,30.254852533340454,306,30.367656707763672,304,30.521102905273438,304,30.631263971328735,304,30.755411624908447,303,30.919411420822144,302,31.065971612930298,302,31.175018072128296,302,31.2749080657959,302,31.39094638824463,301,31.58245873451233,301,31.7072274684906,301,31.81992483139038,299,31.94750714302063,299,32.05164051055908,299,32.20259499549866,299,32.35538649559021,299,32.46709656715393,299,32.56954550743103,299,32.68627953529358,299,32.820075035095215,299,32.940566301345825,299,33.04105997085571,299,33.173238039016724,299,33.28052639961243,299,33.37652826309204,299,33.48636507987976,299,33.60107660293579,299,33.71427917480469,299,33.83929085731506,299,33.971712827682495,299,34.08892035484314,299,34.211199045181274,299,34.338653326034546,299,34.52214050292969,299,34.63958144187927,299,34.785767555236816,299,34.90990900993347,299,35.02460551261902,299,35.15825366973877,299,35.27424478530884,299,35.390724420547485,299,35.521830320358276,299,35.642573595047,299,35.77014636993408,299,35.89855360984802,299,36.03114295005798,299,36.15412759780884,299,36.26830863952637,299,36.389649391174316,299,36.49833869934082,299,36.61218500137329,299,36.74865937232971,299,36.937225341796875,299,37.05844736099243,299,37.16961050033569,299,37.29800057411194,299,37.41525316238403,299,37.52874422073364,299,37.645002365112305,299,37.77457666397095,299,37.9022901058197,299,38.02264761924744,299,38.1472053527832,299,38.2581045627594,299,38.406373500823975,299,38.537317514419556,299,38.680243253707886,299,38.792383670806885,299,38.90251588821411,299,39.01420211791992,299,39.140984773635864,299,39.26378393173218,299,39.38350796699524,299,39.53480100631714,299,39.65239119529724,299,39.76983404159546,299,39.89532136917114,299,40.027982234954834,299,40.15089225769043,299,40.27847671508789,299,40.40778470039368,299,40.54955792427063,299,40.67980122566223,299,40.81046438217163,299,40.924951791763306,299,41.041510343551636,299,41.16307997703552,299,41.2841796875,299,41.39743685722351,299,41.5233588218689,299,41.65247821807861,299,41.777979373931885,299,41.89432072639465,299,42.01404356956482,299,42.121785163879395,299,42.240845918655396,299,42.35218334197998,298,42.54627084732056,298,42.67283916473389,298,42.78776788711548,298,42.95674157142639,298,43.07493567466736,298,43.24673342704773,298,43.36401176452637,298,43.48541021347046,298,43.6078040599823,298,43.748242139816284,298,43.889137506484985,298,44.00050377845764,298,44.120174407958984,298,44.279298067092896,298,44.41340374946594,298,44.5486536026001,298,44.66004490852356,298,44.793282985687256,298,44.91015911102295,298,45.03171157836914,298,45.14461636543274,298,45.26313304901123,298,45.3996045589447,298,45.51493954658508,298,45.635135650634766,298,45.74824380874634,298,45.85874962806702,298,45.99060606956482,298,46.1113715171814,298,46.21834468841553,298,46.32139801979065,298,46.42766833305359,298,46.55408215522766,298,46.658973932266235,298,46.765124797821045,298,46.88234186172485,298,47.00682330131531,298,47.1251003742218,298,47.227747678756714,298,47.357834815979004,298,47.463846921920776,298,47.586382150650024,298,47.69127535820007,298,47.791719913482666,298,47.8989200592041,298,48.00670504570007,298,48.11383771896362,298,48.2295925617218,298,48.335134744644165,298,48.45353174209595,298,48.555914640426636,298,48.682514905929565,298,48.7862286567688,298,48.88960886001587,298,49.005849838256836,298,49.12690281867981,298,49.228623390197754,298,49.341713190078735,298,49.46291422843933,298,49.58717155456543,298,49.69196081161499,298,49.80176591873169,298,49.9200918674469,298,50.032084465026855,298,50.15340566635132,298,50.27596354484558,298,50.39723229408264,298,50.52041745185852,298,50.63502502441406,298,50.75117897987366,298,50.863165616989136,298,50.987019538879395,298,51.098764181137085,298,51.2096221446991,298,51.32457160949707,298,51.43681502342224,298,51.57024812698364,298,51.691269636154175,298,51.81322526931763,298,51.933987617492676,298,52.055641651153564,298,52.167200803756714,298,52.27277612686157,298,52.39555764198303,298,52.51891493797302,298,52.64665174484253,298,52.778247594833374,298,52.893381118774414,297,53.107115507125854,297,53.22228240966797,297,53.35197186470032,296,53.52245044708252,296,53.64190602302551,296,53.76705527305603,296,53.91684031486511,296,54.03666663169861,296,54.153929710388184,296,54.27012610435486,296,54.407307624816895,296,54.52001142501831,296,54.62650418281555,296,54.73984980583191,296,54.85352563858032,296,55.01071619987488,296,55.143643617630005,296,55.27515649795532,296,55.40322470664978,296,55.52395224571228,296,55.63397407531738,296,55.76746463775635,296,55.88830542564392,296,56.01642727851868,296,56.13831114768982,296,56.25500130653381,296,56.36997175216675,296,56.473143100738525,296,56.57000803947449,296,56.68961572647095,296,56.80226969718933,296,56.905314683914185,296,57.0391206741333,296,57.14001822471619,296,57.253164529800415,296,57.37145805358887,296,57.47365427017212,296,57.59139442443848,296,57.69966244697571,296,57.80346179008484,296,57.928054094314575,296,58.03505277633667,296,58.15305757522583,296,58.26760458946228,296,58.39104437828064,296,58.52728462219238,296,58.63772463798523,296,58.751790046691895,296,58.86455750465393,296,58.98295617103577,296,59.09453058242798,296,59.20791792869568,296,59.3425087928772,296,59.502195596694946,296,59.611780643463135,296,59.724058628082275,296,59.83182144165039,296,59.950254917144775,296,60.047086238861084
7,random_graphs/triangle/r1.5k18n12/graph7.lgbin,1502,40.052183628082275,392,770,0,653,0.2151644229888916,608,0.36152148246765137,571,0.49657273292541504,543,0.7420749664306641,527,1.2583434581756592,512,1.8883683681488037,489,2.2155051231384277,479,2.3950350284576416,472,2.555534601211548,469,2.664476156234741,463,2.8016040325164795,454,2.9344711303710938,453,3.078113555908203,451,3.2173426151275635,450,3.327423572540283,445,3.541511297225952,445,3.655724048614502,444,3.79317569732666,443,3.9291863441467285,442,4.094427824020386,442,4.211552143096924,442,4.325219631195068,442,4.4250946044921875,442,4.551389932632446,441,4.682646989822388,439,4.922539710998535,439,5.022220611572266,439,5.313761472702026,439,5.419370412826538,438,5.573333024978638,438,5.6852781772613525,438,5.813256025314331,438,5.9313201904296875,438,6.038323879241943,438,6.144139289855957,438,6.2742228507995605,438,6.380755424499512,436,6.488267183303833,436,6.590878248214722,436,6.703050851821899,436,6.811359882354736,436,6.918464660644531,436,7.066219329833984,436,7.1723668575286865,436,7.327080965042114,436,7.449803352355957,436,7.555485248565674,436,7.666447877883911,436,7.769628286361694,435,7.9216978549957275,433,8.06700611114502,433,8.185841083526611,433,8.318638801574707,433,8.421721935272217,433,8.59319257736206,433,8.697876691818237,433,8.797425508499146,431,8.910987615585327,431,9.026779174804688,431,9.13871145248413,431,9.306151390075684,431,9.45415210723877,431,9.56662106513977,431,9.684811353683472,431,9.817473411560059,431,9.938387870788574,431,10.049017906188965,431,10.175905466079712,431,10.285160541534424,428,10.605201482772827,425,10.718699216842651,420,10.852047681808472,420,11.094956636428833,420,11.206849575042725,420,11.391683101654053,419,11.527208089828491,419,11.638051509857178,417,11.788854360580444,416,11.929715871810913,416,12.214594841003418,416,12.321874856948853,416,12.4309823513031,416,12.540843725204468,416,12.656905174255371,414,12.816527843475342,414,12.944516897201538,414,13.048929929733276,412,13.25034499168396,412,13.35580039024353,412,13.466071128845215,412,13.617415428161621,412,13.736366510391235,410,13.885447978973389,410,14.002663612365723,410,14.15503454208374,410,14.265083074569702,408,14.391582012176514,408,14.505093097686768,407,14.683532476425171,406,14.88300085067749,400,14.991128206253052,400,15.096500635147095,399,15.210800170898438,399,15.326740503311157,397,15.49330472946167,397,15.608136892318726,396,15.755143880844116,396,15.878079891204834,396,16.00722026824951,396,16.12114715576172,396,16.24366784095764,396,16.344971418380737,396,16.46217370033264,396,16.563396692276,396,16.669953107833862,396,16.781078100204468,396,16.894314289093018,396,17.005045652389526,396,17.105185508728027,396,17.205931186676025,396,17.311171770095825,396,17.41734290122986,396,17.52790355682373,396,17.624309062957764,396,17.723979949951172,396,17.82472801208496,396,17.93890690803528,396,18.040517568588257,396,18.15066409111023,396,18.256404638290405,396,18.35725998878479,396,18.458649158477783,396,18.565669536590576,396,18.673548221588135,396,18.770113229751587,396,18.887771368026733,396,18.99561905860901,395,19.12143874168396,395,19.227007150650024,393,19.37930679321289,393,19.474627256393433,393,19.581863403320312,392,19.72752332687378,392,19.824341535568237,392,19.921539783477783,392,20.021812438964844,392,20.11823272705078,392,20.21011757850647,392,20.355040073394775,392,20.454692602157593,392,20.553743600845337,392,20.647971868515015,392,20.750765323638916,392,20.87147569656372,392,20.998966217041016,392,21.10294461250305,392,21.207638025283813,392,21.308122634887695,392,21.42015314102173,392,21.564963817596436,392,21.667664766311646,392,21.776775360107422,392,21.911235332489014,392,22.0172700881958,392,22.120055675506592,392,22.22885537147522,392,22.337674379348755,392,22.459192276000977,392,22.576595067977905,392,22.67944097518921,392,22.786285400390625,392,22.90711522102356,392,23.03764319419861,392,23.14242386817932,392,23.24576449394226,392,23.35755443572998,392,23.47551918029785,392,23.578104734420776,392,23.693315267562866,392,23.8094425201416,392,23.91222357749939,392,24.036166191101074,392,24.141945600509644,392,24.259053230285645,392,24.390519618988037,392,24.509413480758667,392,24.6075541973114,392,24.716615915298462,392,24.82716155052185,392,24.949637413024902,392,25.072124004364014,392,25.19748830795288,392,25.312910556793213,392,25.435985803604126,392,25.59192657470703,392,25.703598260879517,392,25.80993628501892,392,25.90631651878357,392,26.011489152908325,392,26.11571955680847,392,26.21461510658264,392,26.32653307914734,392,26.434069395065308,392,26.54604744911194,392,26.64990234375,392,26.760507822036743,392,26.869189262390137,392,26.9742112159729,392,27.08141326904297,392,27.188673734664917,392,27.287046432495117,392,27.390531301498413,392,27.48991632461548,392,27.595816135406494,392,27.695460081100464,392,27.816806316375732,392,27.91627860069275,392,28.025909185409546,392,28.144474506378174,392,28.242432594299316,392,28.341434240341187,392,28.43062138557434,392,28.54098892211914,392,28.638853788375854,392,28.73462963104248,392,28.840538263320923,392,28.939682006835938,392,29.05657196044922,392,29.17155385017395,392,29.297264337539673,392,29.399814128875732,392,29.505635261535645,392,29.61843705177307,392,29.722630500793457,392,29.848278045654297,392,29.946120977401733,392,30.062774181365967,392,30.16815161705017,392,30.269290447235107,392,30.371169090270996,392,30.49295425415039,392,30.589799165725708,392,30.714229583740234,392,30.834183931350708,392,31.049809217453003,392,31.1798894405365,392,31.27804684638977,392,31.378212451934814,392,31.494076251983643,392,31.629274606704712,392,31.73652672767639,392,31.853708744049072,392,31.981017112731934,392,32.090110301971436,392,32.213366985321045,392,32.3214008808136,392,32.428476095199585,392,32.542611598968506,392,32.64488410949707,392,32.74616813659668,392,32.854395389556885,392,32.96504831314087,392,33.07784342765808,392,33.18608832359314,392,33.29092288017273,392,33.39166021347046,392,33.497931241989136,392,33.60414695739746,392,33.70571517944336,392,33.82239484786987,392,33.934102296829224,392,34.08143067359924,392,34.18640470504761,392,34.2979838848114,392,34.41201305389404,392,34.51922273635864,392,34.628578186035156,392,34.73426413536072,392,34.85486340522766,392,34.95215821266174,392,35.05292320251465,392,35.17887282371521,392,35.2762975692749,392,35.38752627372742,392,35.4927294254303,392,35.59693431854248,392,35.708767890930176,392,35.81043791770935,392,35.90141940116882,392,35.993489027023315,392,36.09618377685547,392,36.211832761764526,392,36.31658673286438,392,36.43103504180908,392,36.52188491821289,392,36.62414622306824,392,36.769991874694824,392,36.87956690788269,392,36.9864764213562,392,37.12202024459839,392,37.22189712524414,392,37.321019649505615,392,37.427507162094116,392,37.526626110076904,392,37.64068555831909,392,37.733734130859375,392,37.865888357162476,392,37.98240780830383,392,38.086511850357056,392,38.19091773033142,392,38.332324743270874,392,38.436777114868164,392,38.55939483642578,392,38.6762900352478,392,38.774983406066895,392,38.88951301574707,392,38.9976909160614,392,39.108086824417114,392,39.21508264541626,392,39.326467514038086,392,39.44837164878845,392,39.651912212371826,392,39.75928449630737,392,39.88168692588806,392,39.997451066970825,392,40.10266923904419,392,40.23368549346924,392,40.33802342414856,392,40.441625118255615,392,40.54169321060181,392,40.64804291725159,392,40.757771492004395,392,40.88954043388367,392,40.995347023010254,392,41.10201358795166,392,41.22020602226257,392,41.34097242355347,392,41.453404664993286,392,41.56676435470581,392,41.68215227127075,392,41.795013666152954,392,41.90707993507385,392,42.02276611328125,392,42.126813650131226,392,42.23155164718628,392,42.348055601119995,392,42.45189595222473,392,42.57304620742798,392,42.68843221664429,392,42.83564901351929,392,42.938427448272705,392,43.05312776565552,392,43.19145441055298,392,43.29492425918579,392,43.41273760795593,392,43.532999992370605,392,43.64893078804016,392,43.776703119277954,392,43.889445543289185,392,43.99524140357971,392,44.10278582572937,392,44.20954895019531,392,44.334041595458984,392,44.43447804450989,392,44.581355810165405,392,44.688419342041016,392,44.79253172874451,392,44.9193639755249,392,45.03874635696411,392,45.15101480484009,392,45.269755840301514,392,45.41111207008362,392,45.52263641357422,392,45.77863073348999,392,45.877599477767944,392,45.98778772354126,392,46.12293577194214,392,46.22731018066406,392,46.33005094528198,392,46.43710231781006,392,46.54251551628113,392,46.65097784996033,392,46.759921073913574,392,46.856894731521606,392,46.959649324417114,392,47.067906856536865,392,47.17716693878174,392,47.279603004455566,392,47.41066026687622,392,47.51554608345032,392,47.677188873291016,392,47.78782081604004,392,47.922550201416016,392,48.0375030040741,392,48.15530204772949,392,48.27554655075073,392,48.393035650253296,392,48.502554416656494,392,48.60165476799011,392,48.71271824836731,392,48.82508873939514,392,48.95200300216675,392,49.05917191505432,392,49.17423892021179,392,49.2877938747406,392,49.387588024139404,392,49.490124225616455,392,49.58680987358093,392,49.6842885017395,392,49.78194284439087,392,49.890761375427246,392,49.990803956985474,392,50.09974908828735,392,50.1960723400116,392,50.29929065704346,392,50.393168449401855,392,50.48844838142395,392,50.598265647888184,392,50.71629500389099,392,50.8156042098999,392,50.9386248588562,392,51.05380725860596,392,51.15340447425842,392,51.26790428161621,392,51.38173317909241,392,51.48775053024292,392,51.599281787872314,392,51.696086406707764,392,51.92602586746216,392,52.02491307258606,392,52.125688791275024,392,52.226420164108276,392,52.3245894908905,392,52.44688630104065,392,52.54409122467041,392,52.64546203613281,392,52.75624942779541,392,52.87031364440918,392,52.980538845062256,392,53.0969398021698,392,53.19885802268982,392,53.386035680770874,392,53.487985610961914,392,53.735583782196045,392,53.85503840446472,392,53.96676468849182,392,54.07494020462036,392,54.18647074699402,392,54.301809310913086,392,54.401389837265015,392,54.51520586013794,392,54.630584716796875,392,54.77105474472046,392,54.87382626533508,392,55.013527631759644,392,55.113744020462036,392,55.2260901927948,392,55.331157207489014,392,55.43988609313965,392,55.584603786468506,392,55.720266819000244,392,55.82685971260071,392,55.9593071937561,392,56.065672397613525,392,56.179625272750854,392,56.28513145446777,392,56.412816286087036,392,56.521040201187134,392,56.64023232460022,392,56.746142625808716,392,56.86003088951111,392,56.95598125457764,392,57.08057403564453,392,57.19373655319214,392,57.32639265060425,392,57.4389374256134,392,57.557579040527344,392,57.663219928741455,392,57.780144691467285,392,57.89913582801819,392,58.01986241340637,392,58.130881786346436,392,58.23106384277344,392,58.33495545387268,392,58.51853084564209,392,58.61604404449463,392,58.7282133102417,392,58.82531213760376,392,58.91969871520996,392,59.0305597782135,392,59.1284441947937,392,59.22728133201599,392,59.33380150794983,392,59.43284845352173,392,59.536834955215454,392,59.63087749481201,392,59.728506326675415,392,59.82898449897766,392,59.933682680130005,392,60.030269145965576
8,random_graphs/triangle/r1.5k18n12/graph8.lgbin,1502,38.36537170410156,299,623,0,497,0.14687728881835938,450,0.3921787738800049,417,0.5405614376068115,403,0.6911883354187012,388,0.8448402881622314,371,1.0060408115386963,365,1.158071517944336,360,1.311553955078125,356,1.454411268234253,352,1.5971460342407227,349,1.7507193088531494,346,1.9010772705078125,345,2.0294573307037354,343,2.2768259048461914,342,2.4248929023742676,342,2.5430266857147217,342,2.656081199645996,342,2.7958297729492188,342,2.915886640548706,342,3.043452262878418,338,3.1949429512023926,335,3.3392040729522705,335,3.48785400390625,335,3.6061275005340576,335,3.7237634658813477,335,3.841135025024414,334,3.9796149730682373,334,4.127472877502441,334,4.2390663623809814,334,4.362344980239868,334,4.475640296936035,333,4.63769006729126,333,4.749442100524902,333,4.862009763717651,333,4.983916997909546,333,5.092283725738525,333,5.206017732620239,333,5.3142218589782715,333,5.4412500858306885,333,5.569830417633057,333,5.7367870807647705,333,5.84685206413269,333,5.972896099090576,332,6.117410898208618,332,6.233632564544678,332,6.33942723274231,332,6.444129705429077,332,6.544784307479858,332,6.6678571701049805,332,6.778541564941406,332,6.885488033294678,332,6.985520362854004,332,7.090749740600586,332,7.203823804855347,332,7.306314945220947,332,7.408926486968994,332,7.515096426010132,332,7.623059034347534,332,7.74842095375061,332,7.853881359100342,332,7.955392837524414,332,8.05984616279602,332,8.174768447875977,332,8.281250953674316,332,8.389709234237671,332,8.498702049255371,332,8.614919424057007,332,8.724496841430664,332,8.848405599594116,332,8.947598218917847,332,9.047402381896973,332,9.15491271018982,332,9.268927335739136,332,9.402894258499146,332,9.521196842193604,332,9.652979612350464,332,9.768685579299927,332,9.881730318069458,332,10.000582218170166,332,10.11222219467163,332,10.228960037231445,332,10.348105430603027,332,10.45964765548706,332,10.588858366012573,332,10.711879253387451,332,10.831406354904175,332,10.9508056640625,332,11.066152811050415,332,11.232470035552979,332,11.346367835998535,332,11.459041833877563,332,11.572962522506714,332,11.690430641174316,332,11.808942556381226,332,11.9254469871521,332,12.03058671951294,332,12.146162271499634,332,12.264134407043457,332,12.388843297958374,332,12.507760286331177,332,12.613862037658691,332,12.739804983139038,332,12.876437425613403,332,12.985897779464722,332,13.109452486038208,332,13.221094131469727,332,13.335629224777222,332,13.462276458740234,332,13.57579493522644,332,13.69215703010559,332,13.800212621688843,332,13.91560173034668,332,14.028556823730469,332,14.162459135055542,332,14.279663324356079,332,14.399291753768921,332,14.517051219940186,332,14.624052286148071,332,14.738118410110474,332,14.857414245605469,332,14.980690479278564,332,15.122108221054077,331,15.265037298202515,331,15.37921953201294,331,15.50308346748352,329,15.653894424438477,329,15.766110897064209,329,15.882969617843628,329,16.027220010757446,328,16.18077063560486,328,16.319343328475952,328,16.43992805480957,328,16.559992790222168,328,16.674254655838013,328,16.805434703826904,328,16.954323530197144,328,17.06069850921631,328,17.185112476348877,328,17.299798011779785,328,17.41385316848755,328,17.532158136367798,327,17.678736686706543,327,17.795677423477173,327,17.92356514930725,327,18.041168212890625,326,18.207560777664185,326,18.321624040603638,326,18.439749479293823,326,18.548755168914795,326,18.666861057281494,326,18.775911569595337,326,18.89102602005005,326,19.007274627685547,326,19.122665882110596,326,19.240321159362793,326,19.35172700881958,326,19.466705560684204,326,19.58310055732727,326,19.697415351867676,326,19.835100173950195,326,19.94305109977722,326,20.05674910545349,326,20.17313289642334,326,20.29253625869751,326,20.407628059387207,326,20.526211977005005,326,20.636179208755493,324,20.793752431869507,324,20.911880254745483,324,21.059659481048584,324,21.16638493537903,324,21.287241220474243,324,21.393861293792725,324,21.49856472015381,324,21.602280378341675,323,21.742822885513306,322,21.890474557876587,321,22.050127267837524,318,22.19257354736328,318,22.30527138710022,318,22.413413524627686,318,22.52311420440674,318,22.6340970993042,318,22.747213125228882,318,22.85500979423523,318,22.962597846984863,318,23.075500011444092,318,23.190514087677002,318,23.302945852279663,318,23.40833306312561,318,23.53136944770813,318,23.657567739486694,318,23.764662742614746,318,23.882570028305054,318,24.015881776809692,318,24.132017612457275,318,24.240838766098022,318,24.365798473358154,318,24.466267108917236,318,24.57995867729187,317,24.74626898765564,317,24.86749839782715,317,24.986687898635864,317,25.094765424728394,317,25.22068977355957,317,25.339336156845093,317,25.46053123474121,316,25.604585647583008,316,25.72595715522766,316,25.855974912643433,316,25.977254390716553,316,26.099397897720337,316,26.217292070388794,316,26.34565806388855,316,26.46030902862549,316,26.583977699279785,316,26.71258020401001,316,26.850791215896606,316,26.97118592262268,316,27.094356298446655,316,27.20888662338257,316,27.3272864818573,316,27.44136381149292,316,27.551437377929688,316,27.663483381271362,316,27.7785964012146,316,27.893608808517456,316,28.017350435256958,316,28.12465810775757,316,28.234991312026978,316,28.34982180595398,316,28.459973096847534,316,28.591543436050415,316,28.733112812042236,316,28.8463294506073,316,28.959457635879517,316,29.073803424835205,316,29.189300060272217,316,29.31272292137146,316,29.421112298965454,316,29.534993648529053,316,29.643893241882324,316,29.75773787498474,316,29.87532639503479,316,29.989022493362427,316,30.124366760253906,316,30.249216318130493,316,30.355507373809814,316,30.46319031715393,316,30.57032561302185,316,30.67603087425232,316,30.78680944442749,316,30.89300298690796,316,30.996187925338745,316,31.10337233543396,316,31.20464038848877,316,31.308111429214478,316,31.42639970779419,316,31.52556562423706,316,31.63306736946106,316,31.750256538391113,316,31.858758211135864,316,31.965062379837036,316,32.071802377700806,316,32.17820954322815,316,32.28783082962036,316,32.421178579330444,316,32.54200839996338,316,32.661062240600586,316,32.7628128528595,316,32.86773467063904,316,32.97020649909973,316,33.07763695716858,316,33.18540382385254,316,33.290080308914185,316,33.39849233627319,316,33.51444959640503,316,33.63208079338074,316,33.7370343208313,316,33.852561950683594,316,33.99461030960083,316,34.13784909248352,316,34.25438690185547,316,34.3633131980896,316,34.50457715988159,316,34.62106513977051,316,34.74590468406677,316,34.865370988845825,316,34.97980260848999,316,35.096717834472656,316,35.21064853668213,316,35.32308340072632,316,35.443392276763916,316,35.55874180793762,316,35.672377824783325,316,35.78314685821533,316,35.89231061935425,316,36.00407361984253,316,36.11944556236267,316,36.237982988357544,316,36.356894969940186,316,36.49656653404236,316,36.61387825012207,316,36.72572040557861,316,36.83819508552551,316,36.95161271095276,316,37.07246017456055,316,37.17941927909851,316,37.289244413375854,316,37.412739515304565,316,37.5468852519989,316,37.65786623954773,316,37.77139854431152,316,37.89128875732422,316,38.009511947631836,316,38.12164807319641,316,38.23434901237488,316,38.34222912788391,316,38.44767236709595,316,38.57073426246643,316,38.681729555130005,316,38.79205012321472,316,38.914517641067505,316,39.01911449432373,315,39.14975905418396,315,39.27336764335632,315,39.38162708282471,315,39.48988938331604,315,39.59471893310547,315,39.736210107803345,315,39.849640130996704,315,39.95383548736572,315,40.05752110481262,315,40.15924072265625,315,40.26478672027588,315,40.37432265281677,315,40.49771189689636,315,40.61007213592529,315,40.714024782180786,315,40.8283896446228,314,40.9690899848938,314,41.08189129829407,314,41.186312198638916,314,41.29405355453491,314,41.411664962768555,314,41.51852631568909,314,41.64468050003052,314,41.77084803581238,314,41.88510036468506,314,41.999616861343384,314,42.11297106742859,314,42.22653341293335,314,42.34965372085571,314,42.46142649650574,314,42.575162172317505,314,42.68938112258911,314,42.81347703933716,314,42.939940452575684,314,43.05232810974121,314,43.16872477531433,314,43.28419041633606,314,43.413689851760864,314,43.52669167518616,314,43.643643617630005,314,43.75513577461243,314,43.878915548324585,314,43.99484896659851,314,44.11164712905884,314,44.22913312911987,314,44.34532380104065,314,44.46528172492981,314,44.57703185081482,314,44.695046186447144,314,44.80622935295105,314,44.92318558692932,314,45.067800760269165,314,45.190120220184326,314,45.323524713516235,314,45.43924856185913,314,45.54744601249695,314,45.66299891471863,314,45.77748227119446,314,45.90544056892395,314,46.024985551834106,314,46.143144845962524,314,46.27095913887024,314,46.403536558151245,314,46.51590013504028,314,46.64328932762146,314,46.767534494400024,314,46.873807430267334,314,46.99669909477234,314,47.11530828475952,314,47.22848987579346,314,47.335007429122925,314,47.448429107666016,314,47.568527698516846,314,47.680588483810425,314,47.791523694992065,314,47.90764570236206,314,48.03396034240723,314,48.16342568397522,314,48.289554595947266,314,48.40347146987915,314,48.51351618766785,314,48.627946853637695,314,48.74157643318176,314,48.85806965827942,314,48.98003172874451,314,49.116103410720825,314,49.22114825248718,314,49.33265781402588,314,49.44409704208374,314,49.56039619445801,314,49.676419496536255,314,49.80604958534241,314,49.961785554885864,314,50.07032489776611,314,50.20339250564575,314,50.33623933792114,314,50.449825286865234,314,50.585397243499756,314,50.72364115715027,314,50.842551708221436,314,50.95645308494568,314,51.08460521697998,314,51.21475529670715,314,51.332743406295776,314,51.447784423828125,314,51.56067490577698,314,51.69818902015686,314,51.81651163101196,314,51.98217844963074,314,52.09496998786926,314,52.20968794822693,314,52.32454180717468,314,52.45586442947388,314,52.58368372917175,314,52.69740629196167,314,52.815210580825806,314,52.93368983268738,314,53.07348966598511,314,53.19240736961365,314,53.30855345726013,314,53.47536277770996,314,53.5976026058197,314,53.72494101524353,314,53.83642387390137,314,53.94716286659241,314,54.076528549194336,314,54.19265031814575,314,54.30247139930725,314,54.40699219703674,314,54.53145456314087,314,54.63366627693176,314,54.754289388656616,314,54.87388062477112,314,54.981377601623535,314,55.09368824958801,314,55.19764828681946,314,55.3069052696228,314,55.42435145378113,314,55.533838510513306,314,55.63608431816101,314,55.75034260749817,314,55.85783100128174,314,55.96543645858765,314,56.089072465896606,314,56.205474853515625,314,56.31219410896301,314,56.4163818359375,314,56.524975061416626,314,56.63560771942139,314,56.74503302574158,314,56.85353708267212,314,56.953622817993164,314,57.06190872192383,314,57.17054843902588,314,57.275546073913574,314,57.37317991256714,314,57.4953351020813,314,57.60211491584778,314,57.70810627937317,314,57.81997227668762,314,57.920029640197754,313,58.07164525985718,313,58.18924164772034,313,58.30359435081482,313,58.43089962005615,313,58.54732131958008,312,58.70398283004761,308,58.87698149681091,306,58.99201464653015,304,59.13249206542969,299,59.247061014175415,299,59.35999155044556,299,59.48666310310364,299,59.59882187843323,299,59.71078133583069,299,59.82991147041321,299,59.94445514678955,299,60.046549558639526
9,random_graphs/triangle/r1.5k18n12/graph9.lgbin,1502,39.60367751121521,348,679,0,565,0.2192542552947998,515,0.44069385528564453,466,0.5909981727600098,445,0.8149967193603516,428,1.0242302417755127,409,1.196570873260498,400,1.3592615127563477,388,1.5505144596099854,380,1.712336540222168,377,1.8740770816802979,374,2.024958610534668,373,2.159320592880249,373,2.2716503143310547,373,2.4024713039398193,373,2.5193536281585693,373,2.6280415058135986,373,2.750749349594116,373,2.8885250091552734,373,3.0073928833007812,373,3.119828701019287,373,3.2307848930358887,373,3.3448851108551025,373,3.464878559112549,373,3.579946517944336,372,3.799062967300415,371,3.9416463375091553,370,4.09155797958374,369,4.3197181224823,366,4.468764543533325,366,4.59559178352356,366,4.712507963180542,366,4.834796905517578,366,4.948726177215576,366,5.0562520027160645,366,5.1795334815979,366,5.3281049728393555,366,5.470937252044678,366,5.592013120651245,366,5.717050552368164,366,5.832561016082764,366,5.962943077087402,366,6.097409963607788,366,6.219289779663086,366,6.344835996627808,366,6.471858501434326,366,6.58864426612854,366,6.709482192993164,366,6.847620725631714,366,6.966567754745483,366,7.103147506713867,366,7.23340368270874,366,7.350745677947998,366,7.481405019760132,366,7.597188234329224,366,7.716273069381714,366,7.839566707611084,366,7.970131874084473,366,8.093627214431763,366,8.211160898208618,366,8.359681367874146,366,8.485024690628052,366,8.638865232467651,366,8.811452627182007,364,8.982554197311401,364,9.111146926879883,363,9.261242866516113,363,9.415871620178223,363,9.56365966796875,363,9.688494682312012,363,9.841709613800049,363,9.963227272033691,363,10.079414367675781,363,10.197448015213013,362,10.351418018341064,362,10.468838453292847,362,10.60019302368164,362,10.734339952468872,362,10.872210264205933,362,10.988027572631836,362,11.105012655258179,361,11.252882719039917,361,11.375730991363525,361,11.505223512649536,359,11.668491125106812,359,11.812312126159668,353,11.987546920776367,349,12.135392904281616,349,12.283053398132324,348,12.426382541656494,348,12.536874055862427,348,12.653172492980957,348,12.766491889953613,348,12.885128736495972,348,13.000579833984375,348,13.124016761779785,348,13.231607913970947,348,13.370678424835205,348,13.48721170425415,348,13.597983360290527,348,13.710583925247192,348,13.830304145812988,348,13.961524724960327,348,14.091690301895142,348,14.20879054069519,348,14.364347696304321,348,14.48689889907837,348,14.623973369598389,348,14.763332605361938,348,14.886695861816406,348,15.018040418624878,348,15.174135684967041,348,15.294097185134888,348,15.417607069015503,348,15.542222738265991,348,15.66931414604187,348,15.789341449737549,348,15.913779020309448,348,16.033942937850952,348,16.166775941848755,348,16.29272985458374,348,16.4098482131958,348,16.5364408493042,348,16.64831233024597,348,16.771132946014404,348,16.90616512298584,348,17.03454566001892,348,17.163480043411255,348,17.287554264068604,348,17.413738012313843,348,17.543925046920776,348,17.668285608291626,348,17.787513971328735,348,17.906450986862183,348,18.055968523025513,348,18.18603777885437,348,18.326059579849243,348,18.446335554122925,348,18.570570468902588,348,18.69600558280945,348,18.84129309654236,348,18.962592840194702,348,19.080750465393066,348,19.201900243759155,348,19.343084812164307,348,19.473896741867065,348,19.61110830307007,348,19.73847460746765,348,19.859253883361816,348,19.987404108047485,348,20.11672616004944,348,20.231505632400513,348,20.408509731292725,348,20.533717155456543,348,20.659215927124023,348,20.785642623901367,348,20.90665864944458,348,21.02493906021118,348,21.15453863143921,348,21.289860486984253,348,21.4102566242218,348,21.530402183532715,348,21.675559997558594,348,21.79101538658142,348,21.9097900390625,348,22.030197620391846,348,22.166014194488525,348,22.312065601348877,348,22.438403129577637,348,22.564905166625977,348,22.70399022102356,348,22.838079929351807,348,22.96334719657898,348,23.092934608459473,348,23.217947959899902,348,23.339772701263428,348,23.460050582885742,348,23.624624013900757,348,23.75460720062256,348,23.87965226173401,348,24.017314672470093,348,24.140016794204712,348,24.268336534500122,348,24.41335368156433,348,24.547400951385498,348,24.66574001312256,348,24.803467750549316,348,24.930922746658325,348,25.06450366973877,348,25.212594032287598,348,25.33207631111145,348,25.46345281600952,348,25.606933116912842,348,25.759480714797974,348,25.881768465042114,348,26.009825229644775,348,26.13943910598755,348,26.26217770576477,348,26.38813614845276,348,26.510528087615967,348,26.6158549785614,348,26.727701425552368,348,26.83866596221924,348,26.94791603088379,348,27.060394525527954,348,27.171405792236328,348,27.289655208587646,348,27.4152672290802,348,27.53125500679016,348,27.645874977111816,348,27.771528244018555,348,27.875540256500244,348,27.99062490463257,348,28.123592615127563,348,28.235061645507812,348,28.350533723831177,348,28.463927030563354,348,28.572494506835938,348,28.6794536113739,348,28.80003023147583,348,28.908719062805176,348,29.024919033050537,348,29.137875080108643,348,29.250027418136597,348,29.375980377197266,348,29.48544144630432,348,29.58957815170288,348,29.701323986053467,348,29.811650276184082,348,29.92328977584839,348,30.039721727371216,348,30.18224287033081,348,30.363733291625977,348,30.498276948928833,348,30.62096095085144,348,30.747031688690186,348,30.88750720024109,348,31.026421308517456,348,31.148799657821655,348,31.283745765686035,348,31.402319192886353,348,31.52974581718445,348,31.77663516998291,348,31.90635085105896,348,32.03447771072388,348,32.16241931915283,348,32.28097724914551,348,32.426084995269775,348,32.55433917045593,348,32.69686579704285,348,32.81569290161133,348,32.951114892959595,348,33.08606195449829,348,33.21432399749756,348,33.34759569168091,348,33.46860122680664,348,33.5878632068634,348,33.70677947998047,348,33.82484221458435,348,33.94202470779419,348,34.06865978240967,348,34.19474172592163,348,34.31990671157837,348,34.4461727142334,348,34.58323001861572,348,34.72303104400635,348,34.84502553939819,348,34.97468829154968,348,35.114367961883545,348,35.23061537742615,348,35.34897756576538,348,35.47746396064758,348,35.59382891654968,348,35.71003222465515,348,35.830010175704956,348,35.942495822906494,348,36.07892680168152,348,36.21037149429321,348,36.34948229789734,348,36.46244215965271,348,36.58022212982178,348,36.68960165977478,348,36.80766797065735,348,36.9323525428772,348,37.038984060287476,348,37.14570450782776,348,37.25132417678833,348,37.372129917144775,348,37.48870849609375,348,37.59736633300781,348,37.737388134002686,348,37.84344267845154,348,37.967286825180054,348,38.08450531959534,348,38.20538544654846,348,38.320050954818726,348,38.46932506561279,348,38.57863402366638,348,38.69136166572571,348,38.80514049530029,348,38.916583776474,348,39.04369497299194,348,39.16865420341492,348,39.294697999954224,348,39.42364573478699,348,39.54580998420715,348,39.66533136367798,348,39.790549516677856,348,39.906774044036865,348,40.02449083328247,348,40.144739866256714,348,40.264620304107666,348,40.37900948524475,348,40.500438928604126,348,40.616788148880005,348,40.73449635505676,348,40.85684585571289,348,41.00247359275818,348,41.13853478431702,348,41.26374530792236,348,41.39611315727234,348,41.519627809524536,348,41.657541275024414,348,41.77899217605591,348,41.90831136703491,348,42.043898582458496,348,42.16653275489807,348,42.29314303398132,348,42.417343854904175,348,42.546557664871216,348,42.65900373458862,348,42.77942657470703,348,42.9013934135437,348,43.05074858665466,348,43.187795877456665,348,43.33810496330261,348,43.46352195739746,348,43.59084177017212,348,43.70619797706604,348,43.848145484924316,348,43.96046447753906,348,44.07602596282959,348,44.21500205993652,348,44.32985186576843,348,44.445449352264404,348,44.57549071311951,348,44.69663166999817,348,44.81510400772095,348,44.93700671195984,348,45.048850774765015,348,45.199875354766846,348,45.30642318725586,348,45.42781448364258,348,45.56136965751648,348,45.68275570869446,348,45.81166315078735,348,45.92465925216675,348,46.054072856903076,348,46.1600878238678,348,46.280123233795166,348,46.390894412994385,348,46.502713441848755,348,46.62072396278381,348,46.79465293884277,348,46.94525861740112,348,47.056941986083984,348,47.16875720024109,348,47.293386936187744,348,47.50321674346924,348,47.62416982650757,348,47.75138974189758,348,47.886638164520264,348,48.0077269077301,348,48.12987446784973,348,48.244019746780396,348,48.37197518348694,348,48.51862668991089,348,48.651501417160034,348,48.77667999267578,348,48.9138343334198,348,49.03402805328369,348,49.15380907058716,348,49.27895975112915,348,49.39619970321655,348,49.5255331993103,348,49.647188901901245,348,49.78088140487671,348,49.919814109802246,348,50.037914991378784,348,50.15824580192566,348,50.28982377052307,348,50.44125270843506,348,50.566896200180054,348,50.691866636276245,348,50.81856346130371,348,50.93811750411987,348,51.06063961982727,348,51.190595388412476,348,51.31131076812744,348,51.446046113967896,348,51.568766355514526,348,51.69661498069763,348,51.81739020347595,348,51.970839977264404,348,52.116286516189575,348,52.23967671394348,348,52.36143159866333,348,52.53098487854004,348,52.648940086364746,348,52.78175640106201,348,52.90738487243652,348,53.03518342971802,348,53.163315773010254,348,53.28608202934265,348,53.41924452781677,348,53.559460163116455,348,53.6757390499115,348,53.79113411903381,348,53.952460527420044,348,54.075533390045166,348,54.18961572647095,348,54.31183052062988,348,54.43703866004944,348,54.564293384552,348,54.69184184074402,348,54.814594984054565,348,54.95817995071411,348,55.08019304275513,348,55.200117111206055,348,55.319387435913086,348,55.44326066970825,348,55.56666088104248,348,55.68651342391968,348,55.80920696258545,348,55.925612926483154,348,56.0745804309845,348,56.21593761444092,348,56.354652643203735,348,56.51543378829956,348,56.65338921546936,348,56.78883337974548,348,56.90111756324768,348,57.03655481338501,348,57.15629482269287,348,57.273463010787964,348,57.42328381538391,348,57.53694796562195,348,57.66631269454956,348,57.80451440811157,348,57.92676329612732,348,58.0497612953186,348,58.175626039505005,348,58.293940782547,348,58.41769862174988,348,58.53719925880432,348,58.65987753868103,348,58.798009634017944,348,58.94149732589722,348,59.072625398635864,348,59.20157265663147,348,59.32299041748047,348,59.44403696060181,348,59.574960231781006,348,59.69300603866577,348,59.80813932418823,348,59.916107416152954,348,60.042908906936646
10,random_graphs/triangle/r1.5k18n12/graph10.lgbin,1502,42.1069118976593,333,693,0,603,0.24284076690673828,553,0.3969111442565918,520,0.5422074794769287,492,0.6730353832244873,467,0.8286707401275635,460,0.9645175933837891,444,1.1452946662902832,429,1.2847468852996826,407,1.4339258670806885,404,1.5750255584716797,402,1.6962661743164062,399,1.8105823993682861,393,1.9472005367279053,391,2.070025682449341,390,2.2008564472198486,387,2.3324246406555176,379,2.4825141429901123,378,2.588005781173706,376,2.7597551345825195,375,2.897447347640991,374,3.0316100120544434,370,3.1781795024871826,369,3.3028671741485596,364,3.5390584468841553,348,3.690742015838623,348,3.8336331844329834,346,3.986083745956421,346,4.119739294052124,346,4.242345809936523,346,4.349513530731201,346,4.476489543914795,346,4.596966505050659,346,4.931674242019653,346,5.045071840286255,346,5.1817755699157715,346,5.2833850383758545,345,5.4148008823394775,345,5.585348844528198,345,5.814945220947266,345,6.006723880767822,345,6.117110252380371,345,6.22729754447937,345,6.482758045196533,345,6.60529899597168,345,6.72199273109436,345,6.845808506011963,345,6.94861626625061,345,7.061401605606079,344,7.2119739055633545,344,7.341387987136841,344,7.4643495082855225,344,7.57308554649353,343,7.711289644241333,343,7.821198463439941,343,7.937086343765259,343,8.044783115386963,343,8.198630094528198,342,8.451613426208496,342,8.54658818244934,342,8.651032209396362,342,8.76702618598938,342,8.871810674667358,342,8.985051393508911,342,9.080929279327393,342,9.192715167999268,342,9.294584274291992,342,9.395270347595215,342,9.497193098068237,342,9.615093469619751,342,9.714453935623169,342,9.82109022140503,342,9.972503662109375,342,10.11474895477295,342,10.211633443832397,342,10.347063779830933,342,10.477508068084717,342,10.612889289855957,342,10.732362747192383,342,10.850460052490234,342,10.978455305099487,342,11.101979970932007,342,11.274705171585083,342,11.466294527053833,338,11.621686458587646,338,11.772878885269165,338,11.881065607070923,338,12.126743078231812,338,12.37519645690918,338,12.63822603225708,338,12.743384599685669,338,12.884400129318237,338,12.988811492919922,338,13.087454795837402,338,13.196050643920898,338,13.302175045013428,338,13.408318519592285,338,13.508960247039795,338,13.628327131271362,338,13.757795810699463,338,13.904154062271118,338,14.019431114196777,338,14.13045859336853,337,14.253988981246948,336,14.397960901260376,335,14.53502106666565,335,14.674612283706665,335,14.781254529953003,335,15.037344694137573,335,15.162054777145386,335,15.297459363937378,335,15.405725002288818,335,15.5629723072052,335,15.71273136138916,335,15.881299257278442,335,15.987511157989502,335,16.098026275634766,335,16.203277587890625,335,16.319488525390625,335,16.424365758895874,335,16.555567502975464,335,16.675952196121216,335,16.794477939605713,335,16.890299558639526,335,16.988609075546265,335,17.135546684265137,335,17.242445945739746,335,17.345167636871338,335,17.495121955871582,335,17.600561141967773,335,17.696886777877808,335,17.796663522720337,335,17.901530027389526,335,18.06333637237549,335,18.155508995056152,335,18.311983823776245,335,18.41982889175415,335,18.571380853652954,335,18.69214105606079,335,18.803296327590942,335,19.0797381401062,335,19.193267583847046,335,19.33786153793335,335,19.482094049453735,335,19.59807562828064,335,19.704445123672485,335,19.827082872390747,335,19.948877811431885,335,20.05751633644104,335,20.206092834472656,335,20.332220792770386,335,20.437811613082886,335,20.551833391189575,335,20.67208218574524,335,20.784876108169556,335,20.89712119102478,335,21.019957542419434,335,21.141218423843384,335,21.270856857299805,335,21.379987716674805,335,21.514666318893433,335,21.617693424224854,335,21.721452236175537,335,21.823500394821167,335,21.933656692504883,335,22.090378522872925,335,22.199199676513672,335,22.309779167175293,335,22.412088632583618,335,22.52907681465149,335,22.657485485076904,334,22.80203866958618,334,22.908530950546265,334,23.01900291442871,334,23.144895553588867,334,23.279988050460815,334,23.42911124229431,334,23.546228647232056,334,23.707990169525146,334,23.814867734909058,334,23.92009925842285,334,24.033026695251465,334,24.15195894241333,334,24.25643229484558,334,24.377503395080566,334,24.51033329963684,334,24.641917943954468,334,24.763739585876465,334,24.895230531692505,334,25.004947900772095,334,25.111069917678833,334,25.246707439422607,334,25.35616159439087,334,25.468712091445923,334,25.621301412582397,334,25.78249478340149,334,25.90740418434143,334,26.046714544296265,334,26.152156114578247,334,26.27296757698059,334,26.38287878036499,334,29.053224563598633,334,29.15638542175293,334,29.295085430145264,334,29.40057611465454,334,29.51805305480957,334,29.645949840545654,334,29.75272297859192,334,29.85747194290161,334,29.991945028305054,334,30.10189414024353,334,30.216611623764038,334,30.333862781524658,334,30.443458795547485,334,30.56324291229248,334,30.670252323150635,334,30.77905011177063,334,30.888954639434814,334,30.99955940246582,334,31.118371963500977,334,31.250043153762817,334,31.37052845954895,334,31.490572690963745,334,31.596474409103394,334,31.851508140563965,334,31.991217136383057,334,32.12409567832947,334,32.226937770843506,334,32.329594135284424,334,32.440481662750244,334,32.55106067657471,334,32.72360301017761,334,32.85150361061096,334,32.95441246032715,334,33.053307056427,334,33.19881319999695,334,33.30520415306091,334,33.41600203514099,334,33.51243877410889,334,33.61711597442627,334,33.71569108963013,334,33.82335329055786,334,33.95208811759949,334,34.05054497718811,334,34.16286039352417,334,34.2734317779541,334,34.36764645576477,334,34.47272849082947,334,34.57836389541626,334,34.69517731666565,334,34.79159951210022,334,34.88632154464722,334,35.00769829750061,334,35.1108455657959,334,35.2375066280365,334,35.34036350250244,334,35.448981523513794,334,35.55342102050781,334,35.6702344417572,334,35.7818808555603,334,35.90511107444763,334,36.05651092529297,334,36.162869930267334,334,36.28688359260559,334,36.39937210083008,334,36.49915790557861,334,36.618584394454956,334,36.7286057472229,334,36.86010527610779,334,36.96152877807617,334,37.071027994155884,334,37.1778519153595,334,37.30296182632446,334,37.41984295845032,334,37.53769254684448,334,37.64415264129639,334,37.80382680892944,334,37.926228523254395,334,38.033623933792114,334,38.16494679450989,334,38.276814699172974,334,38.38077092170715,334,38.48537468910217,334,38.61116170883179,334,38.736024141311646,334,38.843263387680054,334,38.943036794662476,334,39.06050157546997,334,39.16677212715149,334,39.314985036849976,334,39.467052698135376,334,39.5684027671814,334,39.684231996536255,334,39.793880224227905,334,39.98623967170715,334,40.0989830493927,334,40.21977210044861,334,40.3235502243042,334,40.44157123565674,334,40.57042098045349,334,40.68610215187073,334,40.79703712463379,334,40.89997434616089,334,41.04489040374756,334,41.156081199645996,334,41.274961948394775,334,41.37942576408386,334,41.49356818199158,334,41.63914704322815,334,41.744179010391235,334,41.847328901290894,334,41.96791338920593,334,42.20377326011658,334,42.309667110443115,334,42.40821862220764,334,42.51648736000061,334,42.623170375823975,334,42.7320716381073,334,42.833834171295166,334,42.942338705062866,334,43.05516982078552,334,43.15218925476074,334,43.26054763793945,334,43.38058519363403,334,43.494977712631226,334,43.63285040855408,334,43.74580669403076,334,43.901474714279175,334,44.00352168083191,334,44.140464782714844,334,44.243693113327026,334,44.42945957183838,334,44.56476593017578,334,44.667789459228516,334,44.769646406173706,334,44.895779848098755,334,45.00066256523132,334,45.244120836257935,334,45.35599422454834,334,45.47752118110657,334,45.580178022384644,334,45.688249588012695,334,45.792977809906006,334,45.939953088760376,334,46.05321669578552,334,46.180609703063965,334,46.29037928581238,334,46.38973665237427,334,46.50446438789368,334,46.725658655166626,334,46.882702350616455,334,47.01794481277466,334,47.148820877075195,334,47.248130083084106,334,47.38976860046387,334,47.49998641014099,334,47.61937093734741,334,47.74996876716614,334,47.86949849128723,334,47.9827721118927,334,48.13311457633972,334,48.24126744270325,334,48.543524503707886,334,48.65276217460632,334,48.76234006881714,334,48.90972566604614,334,49.02953505516052,334,49.12695574760437,334,49.252639293670654,334,49.37898135185242,334,49.484790325164795,334,49.61229419708252,334,49.71906328201294,334,49.83120799064636,334,49.935821771621704,334,50.0520806312561,334,50.19945192337036,334,50.30190944671631,334,50.41565489768982,334,50.51709246635437,334,50.66334247589111,334,50.771076679229736,334,50.897483825683594,334,51.00435829162598,334,51.10471773147583,334,51.22992706298828,334,51.33095073699951,334,51.45100927352905,334,51.55092263221741,334,51.657891035079956,334,51.76123356819153,334,51.86612820625305,334,51.97282814979553,334,52.093504190444946,334,52.222172498703,334,52.334092140197754,334,52.444727659225464,334,52.57078719139099,334,52.66984248161316,334,52.77650737762451,334,52.87831974029541,334,52.98569869995117,334,53.09768795967102,334,53.236392974853516,334,53.36128211021423,334,53.4847731590271,334,53.58950877189636,334,53.70947813987732,334,53.81168556213379,334,53.934980392456055,334,54.03595948219299,334,54.14823007583618,334,54.25092816352844,334,54.35910964012146,334,54.486780881881714,334,54.60810708999634,334,54.71848011016846,334,54.8263840675354,334,54.93613886833191,334,56.80447745323181,334,56.96824312210083,334,57.11381936073303,334,57.21983456611633,334,57.34700012207031,334,57.46027445793152,334,57.56763219833374,334,57.67264199256897,334,57.780242681503296,334,57.8844518661499,334,57.99392867088318,334,58.14105820655823,334,58.275634765625,334,58.42735481262207,334,58.64458751678467,334,58.760613679885864,333,58.90546536445618,333,59.02549910545349,333,59.151363372802734,333,59.259982109069824,333,59.3685941696167,333,59.47847390174866,333,59.582010984420776,333,59.69513440132141,333,59.809563398361206,333,59.91775894165039,333,60.02697491645813
11,random_graphs/triangle/r1.5k18n12/graph11.lgbin,1502,39.446418046951294,301,640,0,562,0.16672849655151367,518,0.351104736328125,464,0.5149633884429932,442,0.6643743515014648,417,0.8635580539703369,400,1.0627367496490479,382,1.2237944602966309,365,1.396702766418457,355,1.5895471572875977,354,1.743654489517212,346,1.9036591053009033,345,2.0612573623657227,342,2.222550630569458,342,2.363560199737549,342,2.4796481132507324,341,2.6717529296875,339,2.8182754516601562,333,2.973604917526245,330,3.140458583831787,330,3.247309684753418,327,3.401092052459717,326,3.5792815685272217,321,3.772869110107422,321,3.885921001434326,318,4.055361986160278,318,4.17518424987793,318,4.311483383178711,318,4.424610614776611,316,4.543633937835693,316,4.652655124664307,316,4.75963020324707,315,4.892984628677368,314,5.021912097930908,314,5.126934051513672,314,5.2309324741363525,314,5.349056005477905,314,5.467737436294556,314,5.588664531707764,314,5.703848123550415,314,5.828848600387573,314,5.9362852573394775,314,6.050691843032837,314,6.171759366989136,314,6.293256759643555,314,6.401569128036499,314,6.521978139877319,314,6.6450488567352295,313,6.786908864974976,313,6.937330007553101,313,7.038510322570801,313,7.211246490478516,313,7.3200554847717285,313,7.4418861865997314,313,7.549964189529419,313,7.69027304649353,313,7.809798717498779,313,7.929850339889526,313,8.043478727340698,313,8.152244806289673,313,8.28792428970337,313,8.400776147842407,313,8.534509181976318,313,8.66179347038269,313,8.790334939956665,313,8.92976689338684,313,9.048494100570679,313,9.173434495925903,313,9.301557064056396,313,9.433411359786987,313,9.547027349472046,313,9.667344808578491,313,9.77856993675232,313,9.906074285507202,313,10.063281774520874,313,10.204569101333618,313,10.364519834518433,313,10.487172603607178,313,10.61794662475586,313,10.73440432548523,313,10.847299575805664,313,11.000623941421509,313,11.117608308792114,313,11.254693746566772,313,11.395983219146729,313,11.522742986679077,313,11.634085893630981,313,11.752043008804321,313,11.88547682762146,312,12.01994276046753,312,12.168406009674072,312,12.309925079345703,312,12.45505428314209,312,12.56688642501831,312,12.676282405853271,312,12.813503503799438,312,12.92572569847107,311,13.08388352394104,311,13.203253984451294,311,13.329122066497803,311,13.446832418441772,311,13.55659794807434,311,13.672256231307983,311,13.797986507415771,311,13.918407201766968,311,14.021620035171509,311,14.132662534713745,311,14.250085353851318,311,14.356454849243164,311,14.476682901382446,311,14.584508419036865,311,14.694609880447388,311,14.817183494567871,311,14.924979448318481,310,15.063024759292603,310,15.310102462768555,310,15.427906036376953,310,15.6025869846344,310,15.724874019622803,309,15.871678113937378,309,15.999477863311768,309,16.109413862228394,309,16.232465744018555,309,16.377004861831665,308,16.543120861053467,308,16.654109001159668,308,16.76186466217041,307,16.91279697418213,307,17.031607151031494,307,17.15888738632202,307,17.28725242614746,307,17.40184497833252,307,17.54932999610901,307,17.6912624835968,307,17.8093101978302,307,17.964280605316162,307,18.076733112335205,307,18.192788124084473,307,18.304640293121338,307,18.43436884880066,307,18.563148260116577,307,18.688409328460693,307,18.824082374572754,307,18.938490867614746,307,19.051451444625854,307,19.177335739135742,307,19.30855107307434,307,19.424793004989624,307,19.581005811691284,307,19.694194078445435,307,19.808430194854736,307,19.930111169815063,307,20.041675567626953,307,20.165356636047363,307,20.28644561767578,307,20.414762258529663,307,20.583650588989258,307,20.6890766620636,307,20.81739592552185,303,20.990169525146484,302,21.107092142105103,302,21.22420859336853,302,21.361401081085205,302,21.484643697738647,302,21.611252546310425,302,21.728397846221924,302,21.850708484649658,302,22.127095222473145,302,22.24102807044983,302,22.374902725219727,302,22.49823832511902,302,22.6354558467865,301,22.741324186325073,301,22.878103017807007,301,23.01235294342041,301,23.12757158279419,301,23.23903250694275,301,23.351255893707275,301,23.458293676376343,301,23.56484055519104,301,23.671197652816772,301,23.780805587768555,301,23.904187440872192,301,24.0175199508667,301,24.13817310333252,301,24.245436429977417,301,24.3518967628479,301,24.46016025543213,301,24.579408645629883,301,24.688180208206177,301,24.816909790039062,301,24.918798208236694,301,25.035715579986572,301,25.144124507904053,301,25.250733375549316,301,25.394362211227417,301,25.513389587402344,301,25.63842248916626,301,25.773957014083862,301,25.898979663848877,301,26.016952753067017,301,26.135448932647705,301,26.248721599578857,301,26.367640495300293,301,26.487346172332764,301,26.611902952194214,301,26.72876477241516,301,26.837229251861572,301,26.94978356361389,301,27.06853938102722,301,27.188130378723145,301,27.372249364852905,301,27.507377862930298,301,27.631134510040283,301,27.743749618530273,301,27.87829566001892,301,28.008228063583374,301,28.12844705581665,301,28.249446153640747,301,28.36597990989685,301,28.484634160995483,301,28.60939311981201,301,28.753227949142456,301,28.876086235046387,301,28.983726739883423,301,29.095770597457886,301,29.227059602737427,301,29.36610436439514,301,29.488290309906006,301,29.637200832366943,301,29.752673625946045,301,29.87133240699768,301,30.01188564300537,301,30.142390966415405,301,30.270726442337036,301,30.394543647766113,301,30.510133028030396,301,30.628570079803467,301,30.7445228099823,301,30.869011402130127,301,30.988229751586914,301,31.134787559509277,301,31.24799156188965,301,31.378350257873535,301,31.515599966049194,301,31.674838304519653,301,31.79364252090454,301,31.908684968948364,301,32.03061509132385,301,32.15405082702637,301,32.31969475746155,301,32.4424774646759,301,32.59495306015015,301,32.7360155582428,301,32.847756147384644,301,32.97535061836243,301,33.11860203742981,301,33.249282121658325,301,33.398040533065796,301,33.527931451797485,301,33.66485118865967,301,33.78741455078125,301,33.90398645401001,301,34.049006938934326,301,34.1763174533844,301,34.29280471801758,301,34.424225091934204,301,34.54379940032959,301,34.67955708503723,301,34.799288749694824,301,34.940035343170166,301,35.06705713272095,301,35.18993353843689,301,35.348554849624634,301,35.49087858200073,301,35.609846353530884,301,35.72346472740173,301,35.85308861732483,301,35.96626114845276,301,36.0797905921936,301,36.19337344169617,301,36.3751060962677,301,36.5023729801178,301,36.62034296989441,301,36.73805332183838,301,36.87368392944336,301,37.01604890823364,301,37.125242471694946,301,37.22911286354065,301,37.338794231414795,301,37.453752756118774,301,37.571731090545654,301,37.677310943603516,301,37.783605337142944,301,37.894917726516724,301,38.006324768066406,301,38.12147235870361,301,38.25386571884155,301,38.37651991844177,301,38.49164700508118,301,38.61555480957031,301,38.72877860069275,301,38.84046769142151,301,38.94747757911682,301,39.05722117424011,301,39.16556191444397,301,39.276116132736206,301,39.391942739486694,301,39.50857734680176,301,39.62553572654724,301,39.76304888725281,301,39.886719942092896,301,40.00576400756836,301,40.1177020072937,301,40.22947120666504,301,40.33567452430725,301,40.45048689842224,301,40.56733703613281,301,40.69799542427063,301,40.83845591545105,301,41.05904221534729,301,41.19378614425659,301,41.3215856552124,301,41.45606565475464,301,41.5717830657959,301,41.69590497016907,301,41.815354108810425,301,41.96099352836609,301,42.090147256851196,301,42.21023225784302,301,42.32650923728943,301,42.463337659835815,301,42.601277112960815,301,42.73364043235779,301,42.873146295547485,301,43.00618600845337,301,43.129340410232544,301,43.244227170944214,301,43.36327409744263,301,43.494553327560425,301,43.604947566986084,301,43.87250328063965,301,43.99448037147522,301,44.10597229003906,301,44.231818437576294,301,44.3574492931366,301,44.47665786743164,301,44.5928156375885,301,44.707032442092896,301,44.83513045310974,301,44.95102381706238,301,45.07642149925232,301,45.20862030982971,301,45.32803654670715,301,45.44507360458374,301,45.56457471847534,301,45.68240237236023,301,45.8040931224823,301,45.92085123062134,301,46.03591799736023,301,46.15100598335266,301,46.28247046470642,301,46.415040016174316,301,46.51946949958801,301,46.640782594680786,301,46.76125621795654,301,46.86894512176514,301,47.000044107437134,301,47.123284578323364,301,47.25668120384216,301,47.412461042404175,301,47.52254104614258,301,47.64809727668762,301,47.76481342315674,301,47.87204837799072,301,47.977001428604126,301,48.085405588150024,301,48.2117383480072,301,48.31817150115967,301,48.453479528427124,301,48.582231760025024,301,48.692108392715454,301,48.81046938896179,301,48.92430138587952,301,49.05222463607788,301,49.178881883621216,301,49.29283618927002,301,49.40855526924133,301,49.517709255218506,301,49.628989934921265,301,49.759361267089844,301,49.878018379211426,301,49.997185945510864,301,50.11431384086609,301,50.23230290412903,301,50.37983846664429,301,50.49657416343689,301,50.61031746864319,301,50.734400033950806,301,50.869895458221436,301,50.99975347518921,301,51.10884380340576,301,51.22520136833191,301,51.34247970581055,301,51.490163803100586,301,51.61029243469238,301,51.724918603897095,301,51.84233045578003,301,51.97461676597595,301,52.11986470222473,301,52.23503303527832,301,52.35302996635437,301,52.4740424156189,301,52.601245164871216,301,52.74754357337952,301,52.86419463157654,301,52.976258754730225,301,53.110607624053955,301,53.238680839538574,301,53.36540389060974,301,53.499977827072144,301,53.63497471809387,301,53.766430377960205,301,53.893470764160156,301,54.050617694854736,301,54.17488622665405,301,54.32428550720215,301,54.448962926864624,301,54.56695365905762,301,54.67660331726074,301,54.80813217163086,301,54.93091297149658,301,55.05361819267273,301,55.1696035861969,301,55.32586169242859,301,55.435001850128174,301,55.54015064239502,301,55.661545753479004,301,55.78051829338074,301,55.88920211791992,301,56.000159740448,301,56.10643982887268,301,56.23373627662659,301,56.34726548194885,301,56.453564405441284,301,56.5974063873291,301,56.70863723754883,301,56.82836937904358,301,56.949211835861206,301,57.05407238006592,301,57.170902729034424,301,57.275086879730225,301,57.38284754753113,301,57.48959493637085,301,57.61256194114685,301,57.726911783218384,301,57.830031394958496,301,57.936858892440796,301,58.046727657318115,301,58.22043323516846,301,58.3483510017395,301,58.4637975692749,301,58.58774137496948,301,58.71366620063782,301,58.8309121131897,301,58.953012466430664,301,59.08258605003357,301,59.19936466217041,301,59.32314109802246,301,59.4382541179657,301,59.586002349853516,301,59.720091104507446,301,59.86299538612366,301,59.98368000984192,301,60.04651165008545
12,random_graphs/triangle/r1.5k18n12/graph12.lgbin,1502,39.374874114990234,282,594,0,508,0.15799665451049805,427,0.31226277351379395,369,0.5140001773834229,363,0.6566815376281738,348,0.7784714698791504,342,0.9308476448059082,338,1.0553414821624756,337,1.1999547481536865,333,1.3549225330352783,329,1.5644290447235107,327,1.6912784576416016,325,1.8493194580078125,324,1.9677565097808838,324,2.0687668323516846,323,2.188446044921875,322,2.3346431255340576,321,2.4748740196228027,317,2.630443811416626,316,2.7710816860198975,315,2.8774704933166504,314,3.046576976776123,314,3.1558821201324463,314,3.3172991275787354,312,3.4947452545166016,308,3.6356425285339355,308,3.773296356201172,308,3.8968424797058105,308,4.009370803833008,308,4.114055395126343,308,4.223408222198486,308,4.327874660491943,308,4.440242767333984,307,4.579428195953369,307,4.691203355789185,307,4.806347370147705,307,4.986934423446655,307,5.115618944168091,307,5.229903936386108,307,5.338168621063232,307,5.465711832046509,307,5.573496341705322,307,5.681606769561768,306,5.832356929779053,306,5.941599130630493,305,6.105758905410767,304,6.254884481430054,304,6.3817527294158936,304,6.488405227661133,304,6.609679460525513,303,6.757282733917236,303,6.887873888015747,302,7.026102781295776,302,7.133688688278198,302,7.2535176277160645,302,7.506338357925415,302,7.620521306991577,302,7.734497308731079,301,7.867198705673218,301,7.994839191436768,300,8.135541200637817,299,8.275855541229248,299,8.412389516830444,299,8.517568111419678,299,8.630741596221924,299,8.732118606567383,299,8.84690237045288,299,8.956178665161133,299,9.074158430099487,299,9.17440676689148,299,9.282350301742554,297,9.41524887084961,297,9.51866888999939,297,9.63128137588501,297,9.767960786819458,297,9.870616674423218,297,9.97005319595337,297,10.076102018356323,297,10.202393054962158,297,10.304940223693848,297,10.405925035476685,297,10.506379842758179,297,10.602449178695679,297,10.700376510620117,297,10.847238779067993,297,10.948164463043213,297,11.085672855377197,297,11.202450513839722,297,11.304441452026367,297,11.419661521911621,297,11.527296543121338,297,11.628967761993408,297,11.729934453964233,297,11.832220315933228,297,11.962267637252808,297,12.078814268112183,297,12.176274538040161,297,12.285449504852295,297,12.389387607574463,297,12.50191068649292,297,12.609241962432861,297,12.718379974365234,297,12.830634593963623,297,12.944109916687012,297,13.055808544158936,297,13.165794372558594,297,13.273337125778198,297,13.382986068725586,297,13.488609313964844,297,13.630993843078613,297,13.731502056121826,297,13.840381383895874,297,13.956378936767578,297,14.07847547531128,295,14.19097900390625,294,14.300582647323608,294,14.437116622924805,294,14.546827554702759,294,14.66560435295105,294,14.77742052078247,294,14.887998104095459,294,15.009487867355347,294,15.143991947174072,294,15.291003227233887,294,15.40485167503357,294,15.521063089370728,294,15.623761892318726,294,15.732167482376099,294,15.843292713165283,294,15.967623710632324,294,16.07529306411743,294,16.181263208389282,294,16.286842823028564,294,16.40188694000244,294,16.51683521270752,294,16.63251566886902,294,16.749136447906494,294,16.871498823165894,294,16.99164366722107,294,17.112767457962036,294,17.238293886184692,294,17.34631323814392,294,17.45011067390442,294,17.561199426651,294,17.669262886047363,294,17.801868677139282,294,17.9278404712677,294,18.042442560195923,294,18.177672863006592,294,18.29028630256653,294,18.392252445220947,294,18.508452653884888,294,18.630994081497192,294,18.75075626373291,294,18.854583024978638,294,18.955326318740845,294,19.067968606948853,294,19.171311140060425,294,19.269203424453735,294,19.361650466918945,294,19.4732768535614,294,19.569101333618164,294,19.662208080291748,294,19.769323587417603,294,19.867181301116943,294,19.968279123306274,294,20.077430725097656,294,20.178051710128784,294,20.282204151153564,294,20.392374515533447,294,20.48871684074402,294,20.58562207221985,294,20.775161743164062,294,20.8913836479187,294,20.995617628097534,294,21.100849390029907,294,21.208940744400024,294,21.334264993667603,294,21.439854383468628,294,21.542397022247314,294,21.643321752548218,294,21.75089740753174,294,21.865169525146484,294,21.97917151451111,294,22.098039388656616,294,22.21450638771057,294,22.325801849365234,294,22.453461170196533,294,22.563685655593872,294,22.671515226364136,294,22.79434847831726,294,22.90127444267273,294,23.00942349433899,294,23.118856191635132,294,23.22382164001465,294,23.340256452560425,294,23.46654176712036,294,23.586291313171387,294,23.6969153881073,294,23.80582904815674,294,23.93059730529785,294,24.041778326034546,294,24.14629626274109,294,24.272762775421143,294,24.403019905090332,294,24.53459906578064,294,24.66395902633667,294,24.78478455543518,294,24.892113208770752,294,25.032176971435547,294,25.217904329299927,294,25.3182373046875,294,25.433324575424194,294,25.541969299316406,294,25.652289628982544,294,25.755866527557373,294,25.902255058288574,294,26.014471530914307,294,26.153103351593018,294,26.256327867507935,294,26.37269949913025,294,26.49855613708496,294,26.618069171905518,294,26.774470567703247,294,26.88722538948059,294,27.030152559280396,294,27.136351108551025,294,27.23898458480835,294,27.341126441955566,294,27.447072505950928,294,27.55445384979248,294,27.68002223968506,294,27.790756225585938,294,27.893741607666016,294,28.024022340774536,294,28.119287729263306,294,28.22271728515625,294,28.3208224773407,294,28.428847312927246,294,28.528738498687744,294,28.631828784942627,293,28.76745629310608,293,28.86621403694153,293,28.96825122833252,293,29.068286895751953,292,29.232775926589966,292,29.330154418945312,292,29.44587254524231,292,29.558690786361694,292,29.672332525253296,292,29.77516460418701,292,29.907408952713013,292,30.073440074920654,292,30.18411684036255,292,30.30671525001526,292,30.415424823760986,290,30.562500953674316,290,30.690321445465088,290,30.794384479522705,290,30.90368127822876,290,31.014328241348267,290,31.126744985580444,290,31.238974809646606,290,31.375077724456787,290,31.506023406982422,290,31.61619257926941,290,31.72833800315857,290,31.83881950378418,290,31.956672430038452,290,32.06901526451111,290,32.18353056907654,290,32.29784917831421,290,32.42072772979736,290,32.534433364868164,290,32.64640831947327,290,32.760096073150635,290,32.873067140579224,290,32.99060606956482,290,33.10175824165344,290,33.20924353599548,290,33.32596206665039,290,33.46518087387085,290,33.592533111572266,290,33.70446228981018,290,33.820029973983765,290,33.94676852226257,290,34.050647258758545,290,34.165183782577515,290,34.279796838760376,290,34.387471437454224,290,34.498263359069824,290,34.60463500022888,290,34.71721577644348,290,34.845563888549805,290,34.95610594749451,290,35.07838749885559,290,35.18875503540039,290,35.324652671813965,290,35.438005685806274,290,35.57341170310974,290,35.69912362098694,290,35.808181047439575,290,35.92898726463318,290,36.04083037376404,290,36.15998196601868,290,36.27260994911194,290,36.401989698410034,290,36.516709327697754,290,36.65413284301758,290,36.76207375526428,290,36.873902559280396,290,37.01174879074097,290,37.12387752532959,290,37.25267672538757,290,37.36475896835327,290,37.48124051094055,290,37.597052335739136,290,37.70523738861084,290,37.82330632209778,290,37.93010139465332,290,38.04353308677673,290,38.15411448478699,290,38.26042604446411,290,38.367738008499146,290,38.51432132720947,290,38.62543988227844,290,38.74499273300171,290,38.898555517196655,290,39.02999687194824,290,39.13970994949341,290,39.24654006958008,290,39.371023178100586,290,39.481284856796265,290,39.58626198768616,290,39.714014291763306,290,39.82408285140991,290,39.932631969451904,290,40.04758358001709,290,40.159544944763184,290,40.29232740402222,290,40.39920425415039,290,40.5108118057251,290,40.61798024177551,290,40.72658133506775,290,40.839216470718384,290,40.953405141830444,290,41.06272912025452,290,41.18794083595276,290,41.294331550598145,290,41.39037489891052,290,41.51118445396423,290,41.61369204521179,290,41.742430686950684,290,41.84438395500183,290,41.94201350212097,290,42.06053137779236,290,42.16434979438782,290,42.26474690437317,290,42.36103105545044,290,42.486865758895874,290,42.607810258865356,290,42.710657358169556,290,42.83159518241882,289,42.97907519340515,286,43.1190242767334,285,43.21995401382446,285,43.324546098709106,285,43.42458462715149,284,43.560837268829346,284,43.66088891029358,284,43.780768156051636,284,43.90080952644348,284,44.00187945365906,284,44.11744689941406,284,44.216922998428345,284,44.31978988647461,284,44.42378640174866,284,44.52462387084961,284,44.64764380455017,284,44.75303864479065,284,44.851569175720215,284,44.95083808898926,284,45.05081295967102,284,45.160338163375854,284,45.29261040687561,284,45.41884756088257,284,45.528486013412476,284,45.63796925544739,284,45.744951248168945,284,45.869120836257935,284,45.982720136642456,284,46.10455346107483,284,46.21145963668823,284,46.3255717754364,284,46.45084309577942,284,46.55350661277771,284,46.70633292198181,283,46.8746075630188,283,46.988601207733154,283,47.09899020195007,283,47.2088520526886,283,47.33806562423706,282,47.497063875198364,282,47.60045886039734,282,47.713165521621704,282,47.83758068084717,282,47.94415855407715,282,48.08085107803345,282,48.18429374694824,282,48.294456481933594,282,48.394968032836914,282,48.51023316383362,282,48.613930463790894,282,48.71546387672424,282,48.84155344963074,282,48.959357023239136,282,49.06716537475586,282,49.23488926887512,282,49.34025597572327,282,49.46793532371521,282,49.58451247215271,282,49.705262899398804,282,49.817508935928345,282,49.9654426574707,282,50.06896090507507,282,50.24309182167053,282,50.34631085395813,282,50.49823451042175,282,50.59476017951965,282,50.807790994644165,282,50.90606427192688,282,51.02588701248169,282,51.12759327888489,282,51.23293948173523,282,51.338096380233765,282,51.440510749816895,282,51.54054069519043,282,51.64553093910217,282,51.770182847976685,282,51.869269609451294,282,51.97487807273865,282,52.07603359222412,282,52.166468381881714,282,52.2794885635376,282,52.37652063369751,282,52.51409602165222,282,52.60839581489563,282,52.7130331993103,282,52.8132643699646,282,52.91386556625366,282,53.009151220321655,282,53.11341428756714,282,53.21850562095642,282,53.34103059768677,282,53.46057367324829,282,53.568204164505005,282,53.69818449020386,282,53.80368638038635,282,53.90963435173035,282,54.03416919708252,282,54.159141063690186,282,54.26510238647461,282,54.37582731246948,282,54.49038815498352,282,54.59276080131531,282,54.698548793792725,282,54.810327768325806,282,54.921411991119385,282,55.03192710876465,282,55.14052629470825,282,55.2439603805542,282,55.376181840896606,282,55.48349332809448,282,55.5999321937561,282,55.7096848487854,282,55.831016063690186,282,55.94794273376465,282,56.11267948150635,282,56.24805688858032,282,56.36719799041748,282,56.48580765724182,282,56.591050148010254,282,56.720603704452515,282,56.82717275619507,282,56.935083627700806,282,57.04404306411743,282,57.15344476699829,282,57.26004362106323,282,57.38324975967407,282,57.51012063026428,282,57.61938834190369,282,57.72721552848816,282,57.834465742111206,282,57.94435000419617,282,58.05679273605347,282,58.170517683029175,282,58.288321018218994,282,58.397156953811646,282,58.51707148551941,282,58.627429723739624,282,58.75377607345581,282,58.85387825965881,282,58.97360277175903,282,59.08282017707825,282,59.20238447189331,282,59.32028770446777,282,59.43241262435913,282,59.539052963256836,282,59.641186475753784,282,59.736557483673096,282,59.83694076538086,282,59.93754768371582,282,60.03824806213379
13,random_graphs/triangle/r1.5k18n12/graph13.lgbin,1502,39.810508489608765,295,589,0,499,0.1614093780517578,430,0.31532907485961914,393,0.45807766914367676,372,0.5918948650360107,361,0.758608341217041,359,0.8826608657836914,347,0.9932334423065186,337,1.1354641914367676,328,1.2822484970092773,328,1.4116272926330566,326,1.6274590492248535,317,1.7722721099853516,315,1.9121813774108887,315,2.0204272270202637,315,2.1424736976623535,313,2.2900285720825195,312,2.4389841556549072,312,2.55300235748291,311,2.7079648971557617,307,2.898239850997925,307,3.01068115234375,307,3.1332509517669678,307,3.255948305130005,307,3.3886845111846924,307,3.501781463623047,307,3.7520511150360107,307,3.884758710861206,307,4.010132789611816,307,4.118468999862671,307,4.24053955078125,307,4.352971792221069,307,4.484675645828247,307,4.618031740188599,307,4.7289817333221436,307,4.843325138092041,307,4.958692312240601,305,5.1145923137664795,305,5.261922121047974,305,5.384036540985107,301,5.659696340560913,301,5.7644641399383545,301,5.893359661102295,300,6.044063091278076,300,6.16499662399292,300,6.276369094848633,299,6.420785665512085,299,6.5408408641815186,299,6.651034832000732,299,6.755152225494385,299,6.900015354156494,299,7.005898952484131,299,7.137776613235474,299,7.270703315734863,299,7.383775949478149,298,7.536327838897705,298,7.6653151512146,298,7.781383514404297,298,7.898566484451294,298,8.017956972122192,298,8.128170013427734,298,8.257145643234253,298,8.3654146194458,298,8.52242112159729,298,8.63010287284851,298,8.754879474639893,298,8.864404678344727,298,8.995641946792603,298,9.146381139755249,298,9.263063669204712,298,9.40851879119873,298,9.528973817825317,298,9.702117204666138,298,9.811007261276245,298,9.922490119934082,298,10.024184942245483,298,10.14454174041748,298,10.297913789749146,297,10.442013025283813,297,13.043607473373413,297,13.146154880523682,297,13.249953269958496,297,13.353399515151978,297,13.463598012924194,297,13.575724601745605,296,13.703585386276245,296,13.875195264816284,296,13.988620519638062,296,14.097182035446167,296,14.198383092880249,296,14.310725212097168,296,14.439234733581543,296,14.570024251937866,296,14.720303058624268,296,14.82084345817566,296,14.916741371154785,296,15.0147225856781,296,15.115188598632812,296,15.21589994430542,296,15.316481828689575,296,15.422122716903687,296,15.520531177520752,296,15.624226331710815,296,15.74630069732666,296,15.838505506515503,296,15.960880517959595,296,16.065832138061523,296,16.17060375213623,296,16.280334949493408,296,16.411502838134766,296,16.557708740234375,296,16.67292833328247,296,16.79746913909912,296,16.94881510734558,296,17.058666229248047,296,17.167154550552368,296,17.282907485961914,296,17.408397912979126,296,17.51912546157837,296,17.631014347076416,296,17.733826637268066,296,17.840911626815796,296,17.971418857574463,295,18.122438669204712,295,18.238733291625977,295,18.382872104644775,295,18.490558385849,295,18.60102677345276,295,18.711825609207153,295,18.824958562850952,295,18.99179720878601,295,19.12600016593933,295,19.268840074539185,295,19.380125522613525,295,19.49436640739441,295,19.635586261749268,295,19.742641925811768,295,19.846169471740723,295,19.963368892669678,295,20.083762645721436,295,20.206247329711914,295,20.318825244903564,295,20.439070224761963,295,20.547130584716797,295,20.665462255477905,295,20.793926000595093,295,20.918519973754883,295,21.043317317962646,295,21.183695077896118,295,21.303059577941895,295,21.418323516845703,295,21.533319234848022,295,21.642383337020874,295,21.751394987106323,295,21.869030714035034,295,21.980632781982422,295,22.08697247505188,295,22.1993248462677,295,22.308404207229614,295,22.418490409851074,295,22.5210063457489,295,22.63047957420349,295,22.73150944709778,295,22.836836099624634,295,22.944844245910645,295,23.043863773345947,295,23.16046118736267,295,23.269455909729004,295,23.37166976928711,295,23.478564739227295,295,23.57792067527771,295,23.676989316940308,295,23.781012535095215,295,23.91209864616394,295,24.019088745117188,295,24.121635675430298,295,24.439108848571777,295,24.53903603553772,295,24.646786212921143,295,24.794531106948853,295,24.905904054641724,295,25.009037733078003,295,25.122387886047363,295,25.231109142303467,295,25.355047464370728,295,25.475001573562622,295,25.594404458999634,295,25.709506511688232,295,25.81833529472351,295,25.931092023849487,295,26.037672758102417,295,26.145888328552246,295,26.282453536987305,295,26.39402985572815,295,26.502659797668457,295,26.61484932899475,295,26.7257182598114,295,26.854910373687744,295,26.96556043624878,295,27.114436864852905,295,27.223784685134888,295,27.325064659118652,295,27.436315774917603,295,27.549161911010742,295,27.663207530975342,295,27.77141046524048,295,27.88117527961731,295,27.985533475875854,295,28.118643283843994,295,28.23677396774292,295,28.35996389389038,295,28.47112464904785,295,28.579291105270386,295,28.874398708343506,295,29.0055251121521,295,29.122379064559937,295,29.237566471099854,295,29.3604633808136,295,29.511226654052734,295,29.61820125579834,295,29.728562116622925,295,29.84036612510681,295,29.960282564163208,295,30.09972596168518,295,30.207241773605347,295,30.31728744506836,295,30.42519998550415,295,30.533169269561768,295,30.64160418510437,295,30.75533652305603,295,30.855489015579224,295,30.978567123413086,295,31.07885432243347,295,31.192885875701904,295,31.292307376861572,295,31.40756583213806,295,31.510563373565674,295,31.6181001663208,295,31.721341371536255,295,31.8300678730011,295,31.944546937942505,295,32.05978846549988,295,32.1767156124115,295,32.27889633178711,295,32.3875412940979,295,32.492440938949585,295,32.61143922805786,295,32.714213609695435,295,32.845362424850464,295,32.95472550392151,295,33.084975242614746,295,33.206459045410156,295,33.3035409450531,295,33.419991970062256,295,33.517518281936646,295,33.617855072021484,295,33.721484899520874,295,33.83285713195801,295,33.96018385887146,295,34.075419187545776,295,34.20179510116577,295,34.31441569328308,295,34.43386745452881,295,34.55292296409607,295,34.70617747306824,295,34.81861710548401,295,34.92938160896301,295,35.04162859916687,295,35.16789531707764,295,35.288814306259155,295,35.41816711425781,295,35.52936291694641,295,35.66246819496155,295,35.78488063812256,295,35.94143295288086,295,36.055511474609375,295,36.171355962753296,295,36.283135175704956,295,36.394267559051514,295,36.5072877407074,295,36.61841130256653,295,36.72806906700134,295,36.840869426727295,295,36.965003967285156,295,37.08374738693237,295,37.19618272781372,295,37.357176065444946,295,37.466524839401245,295,37.58065867424011,295,37.70569372177124,295,37.847371339797974,295,37.961400270462036,295,38.088176012039185,295,38.196680307388306,295,38.3200261592865,295,38.432544231414795,295,38.54517912864685,295,38.65747380256653,295,38.77683448791504,295,38.888068437576294,295,38.99557280540466,295,39.12346386909485,295,39.23841047286987,295,39.3653621673584,295,39.485499143600464,295,39.60267782211304,295,39.72026324272156,295,39.83976149559021,295,39.94701051712036,295,40.06405997276306,295,40.17580485343933,295,40.28796935081482,295,40.42097496986389,295,40.53350758552551,295,40.64672899246216,295,40.7755811214447,295,40.88900423049927,295,41.00144696235657,295,41.113701581954956,295,41.25251603126526,295,41.36899018287659,295,41.485496520996094,295,41.596242904663086,295,41.71100091934204,295,41.838419914245605,295,41.95556616783142,295,42.080060958862305,295,42.19554567337036,295,42.30944800376892,295,42.41794681549072,295,42.52208352088928,295,42.634188652038574,295,42.745529890060425,295,42.854655265808105,295,42.987271785736084,295,43.09309482574463,295,43.216965436935425,295,43.31786298751831,295,43.43088126182556,295,43.54867434501648,295,43.665781021118164,295,43.77683973312378,295,43.88740682601929,295,43.99807024002075,295,44.10726833343506,295,44.21481800079346,295,44.328185081481934,295,44.43431615829468,295,44.560762882232666,295,44.67760133743286,295,44.793851375579834,295,44.9064302444458,295,45.020764112472534,295,45.133572816848755,295,45.24781513214111,295,45.36233949661255,295,45.471269607543945,295,45.576356410980225,295,45.70240306854248,295,45.813199281692505,295,45.93985867500305,295,46.04382348060608,295,46.15946960449219,295,46.274457931518555,295,46.38223338127136,295,46.489946603775024,295,46.59248328208923,295,46.693713426589966,295,46.818060636520386,295,46.92127060890198,295,47.02651500701904,295,47.13396430015564,295,47.259377002716064,295,47.377891302108765,295,47.48546099662781,295,47.588454246520996,295,47.68921184539795,295,47.78884196281433,295,47.901872634887695,295,48.02558183670044,295,48.178719997406006,295,48.302178144454956,295,48.40876340866089,295,48.51072072982788,295,48.63643836975098,295,48.73668098449707,295,48.84691405296326,295,48.94435787200928,295,49.11112928390503,295,49.21908473968506,295,49.36428260803223,295,49.46881604194641,295,49.57519006729126,295,49.69590497016907,295,49.80742526054382,295,49.923147678375244,295,50.03000783920288,295,50.141355991363525,295,50.25379681587219,295,50.37737250328064,295,50.50095462799072,295,50.61132836341858,295,50.731889486312866,295,50.83967304229736,295,50.97261905670166,295,51.075425148010254,295,51.18710255622864,295,51.31221270561218,295,51.42520833015442,295,51.53791832923889,295,51.662323236465454,295,51.77704310417175,295,51.883342027664185,295,51.997790813446045,295,52.11219882965088,295,52.24186158180237,295,52.35374855995178,295,52.46219205856323,295,52.57614040374756,295,52.68150877952576,295,52.81096529960632,295,52.91783165931702,295,53.025819301605225,295,53.130170583724976,295,53.248833656311035,295,53.357598066329956,295,53.475566387176514,295,53.598761558532715,295,53.71861720085144,295,53.83104133605957,295,53.990105628967285,295,54.09622931480408,295,54.207067251205444,295,54.31137204170227,295,54.42655086517334,295,54.529863595962524,295,54.631303787231445,295,54.73630452156067,295,54.85997033119202,295,54.96473979949951,295,55.07579803466797,295,55.18287754058838,295,55.281670570373535,295,55.39058542251587,295,55.50532245635986,295,55.604918479919434,295,55.7091281414032,295,55.827882051467896,295,55.933677434921265,295,56.24210238456726,295,56.34127879142761,295,56.445351123809814,295,56.55767560005188,295,56.66600036621094,295,56.77977776527405,295,57.026880741119385,295,57.1346960067749,295,57.44726920127869,295,57.55708909034729,295,57.6586856842041,295,58.012248039245605,295,58.12294793128967,295,58.236315965652466,295,58.35625505447388,295,58.46607565879822,295,58.58178758621216,295,58.70250940322876,295,58.810513973236084,295,58.91903758049011,295,59.03579521179199,295,59.174898862838745,295,59.29417967796326,295,59.41303873062134,295,59.581791162490845,295,59.689948081970215,295,59.85739755630493,295,59.97796678543091,295,60.04550790786743
14,random_graphs/triangle/r1.5k18n12/graph14.lgbin,1502,40.15135312080383,285,607,0,503,0.1201472282409668,469,0.26020145416259766,412,0.4187302589416504,394,0.5682289600372314,376,0.701610803604126,364,0.8486373424530029,361,0.999424934387207,351,1.1395363807678223,350,1.279750108718872,346,1.4236712455749512,341,1.5743072032928467,341,1.8434784412384033,339,1.9708576202392578,339,2.067957878112793,339,2.1877784729003906,335,2.330030918121338,334,2.457068681716919,334,2.559837818145752,334,2.6584928035736084,334,2.759446144104004,334,2.9051458835601807,334,3.0401294231414795,334,3.132915735244751,333,3.2506890296936035,332,3.344041347503662,332,3.4455089569091797,331,3.5562682151794434,331,3.689828634262085,331,3.786864757537842,331,3.892183303833008,331,4.003873586654663,328,4.247307538986206,326,4.37628436088562,325,4.507641792297363,325,4.611717462539673,325,4.723633527755737,325,4.8398613929748535,325,4.939291954040527,324,5.080775499343872,324,5.208242654800415,324,5.36316180229187,324,5.4865851402282715,322,5.658539533615112,322,5.788241147994995,322,5.906672716140747,322,6.012551784515381,322,6.1211769580841064,322,6.238721609115601,322,6.3441150188446045,322,6.485799789428711,322,6.613677740097046,322,6.722851753234863,322,6.852802991867065,322,6.968247175216675,322,7.075372695922852,322,7.17708945274353,322,7.289877891540527,322,7.402490854263306,321,7.685729026794434,319,7.799905300140381,319,7.91753077507019,319,8.026485919952393,319,8.141281127929688,319,8.251665353775024,318,8.394759893417358,318,8.506290912628174,318,8.613553285598755,317,8.756269931793213,317,8.877739191055298,316,8.987144947052002,316,9.098738193511963,316,9.209214687347412,316,9.338544845581055,316,9.442244052886963,316,9.600320816040039,316,9.74100399017334,316,9.842957019805908,316,9.9530668258667,316,10.06276822090149,316,10.168243169784546,316,10.271963357925415,316,10.376258373260498,316,10.50121521949768,316,10.620672941207886,316,10.76712679862976,316,11.083425998687744,316,11.199584007263184,316,11.312835693359375,316,11.418805122375488,316,11.541059017181396,316,11.693139791488647,316,11.796519041061401,316,11.916625261306763,316,12.022149801254272,316,12.137495994567871,315,12.24709963798523,315,12.348103523254395,315,12.454581260681152,315,12.577233076095581,315,12.695685863494873,315,12.821056127548218,315,12.930924892425537,315,13.03577733039856,315,13.147521257400513,315,13.259682655334473,315,13.574017524719238,314,13.741621494293213,311,13.877069473266602,311,13.98910117149353,311,14.09917688369751,310,16.32168674468994,310,16.48792028427124,310,16.59718656539917,310,16.70588970184326,310,16.839848041534424,310,16.9469473361969,310,17.04891085624695,310,17.194982051849365,310,17.294686555862427,309,17.42096757888794,309,17.518317461013794,309,17.65303134918213,309,17.759088277816772,309,17.868876695632935,309,17.992290258407593,309,18.092724084854126,309,18.2482488155365,305,18.384460926055908,305,18.487432718276978,305,18.589465618133545,305,18.742010831832886,305,18.841246128082275,305,18.954697370529175,305,19.064024448394775,305,19.158621788024902,305,19.256632566452026,305,19.370834827423096,304,19.51078772544861,304,19.618847608566284,301,19.75489902496338,299,19.89267635345459,299,20.003801584243774,299,20.11229658126831,299,20.234729290008545,299,20.331198692321777,299,20.433061599731445,299,20.549814224243164,299,20.650895357131958,299,20.809637308120728,299,20.915828466415405,299,21.01721739768982,299,21.265871047973633,299,21.375922679901123,299,21.494980812072754,299,21.607435703277588,299,21.72795081138611,299,21.836431741714478,299,21.944040775299072,299,22.055263996124268,299,22.180763244628906,299,22.328017234802246,299,22.47590470314026,299,22.58330726623535,299,22.690173149108887,299,22.795751094818115,298,22.931552410125732,298,23.045830965042114,298,23.15651297569275,298,23.26642155647278,298,23.37737464904785,298,23.543229579925537,298,23.65304446220398,298,23.771475791931152,298,23.884846925735474,298,24.00934600830078,298,24.130847215652466,298,24.254453897476196,298,24.362749338150024,298,24.468620538711548,298,24.57302474975586,298,24.678643226623535,298,24.788829565048218,298,24.917547702789307,298,25.02529811859131,298,25.148313999176025,298,25.260751247406006,298,25.371062755584717,298,25.47666025161743,298,25.57900595664978,298,25.684143543243408,298,25.793023347854614,298,25.913798570632935,298,26.027536392211914,298,26.159244060516357,298,26.26179552078247,298,26.357765913009644,298,26.472880125045776,298,26.71079993247986,298,26.845759630203247,298,26.9575834274292,298,27.06123995780945,298,27.252581119537354,298,27.35526943206787,298,27.479472637176514,298,27.59496307373047,298,27.692901134490967,298,27.801355361938477,298,27.954025745391846,298,28.055983304977417,298,28.158507347106934,298,28.266508102416992,298,28.368829488754272,298,28.46074867248535,298,28.555285930633545,298,28.662078857421875,298,28.813037395477295,298,28.91443634033203,298,29.011234045028687,298,29.11550545692444,298,29.228350162506104,298,29.337954998016357,298,29.452362775802612,298,29.556626796722412,298,29.66860294342041,298,29.77876305580139,298,29.888811349868774,298,30.014153957366943,298,30.121814250946045,298,30.230127573013306,298,30.333714485168457,298,30.43930172920227,298,30.55116844177246,298,30.679606437683105,298,30.777923822402954,298,30.887789726257324,298,30.99401330947876,298,31.101689100265503,298,31.218315601348877,298,31.329013347625732,298,31.43089485168457,298,31.5442316532135,298,31.652257680892944,298,31.799994468688965,298,31.910563468933105,298,32.013070583343506,298,32.12659978866577,298,32.254995584487915,298,32.3666934967041,295,32.4968364238739,295,32.60077953338623,293,32.74028825759888,293,32.86172652244568,292,33.00283336639404,291,33.139679193496704,285,33.28061556816101,285,33.39358472824097,285,33.50192093849182,285,33.621482610702515,285,33.72495222091675,285,33.831132650375366,285,33.93333029747009,285,34.033355474472046,285,34.15966081619263,285,34.27931618690491,285,34.38851571083069,285,34.48741817474365,285,34.59308481216431,285,34.70802974700928,285,34.84377837181091,285,34.95809030532837,285,35.07084655761719,285,35.182361364364624,285,35.27932667732239,285,35.39457583427429,285,35.5011842250824,285,35.613900661468506,285,35.71491026878357,285,35.82498049736023,285,35.929869651794434,285,36.03225541114807,285,36.131041526794434,285,36.317203521728516,285,36.421263456344604,285,36.515281677246094,285,36.62939763069153,285,36.730368852615356,285,36.85125255584717,285,36.951594829559326,285,37.057990312576294,285,37.16605758666992,285,37.26972556114197,285,37.39306402206421,285,37.489641427993774,285,37.601237058639526,285,37.700642108917236,285,37.80077624320984,285,37.911168575286865,285,38.015764474868774,285,38.11938118934631,285,38.22681403160095,285,38.33389449119568,285,38.442856788635254,285,38.546812534332275,285,38.65904641151428,285,38.76274299621582,285,38.896265268325806,285,39.00983762741089,285,39.12750220298767,285,39.22983765602112,285,39.35593581199646,285,39.468034982681274,285,39.57240843772888,285,39.68535923957825,285,39.81045985221863,285,39.916731119155884,285,40.02662801742554,285,40.13702988624573,285,40.244937896728516,285,40.36389112472534,285,40.47492837905884,285,40.62512445449829,285,40.736377477645874,285,40.84595465660095,285,40.953293323516846,285,41.07052230834961,285,41.18368673324585,285,41.294050455093384,285,41.39936089515686,285,41.50658702850342,285,41.62006878852844,285,41.719685792922974,285,41.83215641975403,285,41.945435523986816,285,42.04936671257019,285,42.16709327697754,285,42.28532910346985,285,42.40167260169983,285,42.51330208778381,285,42.627755641937256,285,42.75263237953186,285,42.85781812667847,285,42.96630144119263,285,43.06889843940735,285,43.188846588134766,285,43.30292057991028,285,43.42948532104492,285,43.54548096656799,285,43.67314386367798,285,43.77913999557495,285,43.884429931640625,285,43.98711919784546,285,44.0959312915802,285,44.201170682907104,285,44.31199860572815,285,44.41436505317688,285,44.51875567436218,285,44.65648436546326,285,44.76535367965698,285,44.87166690826416,285,44.984957695007324,285,45.100937604904175,285,45.21215510368347,285,45.31902194023132,285,45.4725923538208,285,45.592511892318726,285,45.75481128692627,285,45.85979127883911,285,45.96480178833008,285,46.087780237197876,285,46.22180986404419,285,46.34279465675354,285,46.503469705581665,285,46.63039994239807,285,46.74370098114014,285,46.8554322719574,285,46.95915246009827,285,47.07591128349304,285,47.182403564453125,285,47.30564856529236,285,47.409422397613525,285,47.51162910461426,285,47.622058153152466,285,47.752763748168945,285,47.86670804023743,285,47.99798226356506,285,48.107542514801025,285,48.222063302993774,285,48.341591358184814,285,48.45226263999939,285,48.56299567222595,285,48.668322801589966,285,48.77924394607544,285,48.88314867019653,285,48.993258476257324,285,49.10562443733215,285,49.21422243118286,285,49.32237505912781,285,49.444337606430054,285,49.56431579589844,285,49.687546730041504,285,49.78402805328369,285,49.88443660736084,285,50.02942705154419,285,50.125359773635864,285,50.2508909702301,285,50.35259675979614,285,50.45335078239441,285,50.56890153884888,285,50.672931432724,285,50.774662494659424,285,50.88693070411682,285,51.01167368888855,285,51.126424074172974,285,51.226086139678955,285,51.33889603614807,285,51.46517324447632,285,51.5644953250885,285,51.68739891052246,285,51.7868857383728,285,51.88389015197754,285,51.98385977745056,285,52.08366894721985,285,52.17844915390015,285,52.27993965148926,285,52.38021516799927,285,52.49108552932739,285,52.585662841796875,285,52.690184354782104,285,52.82531142234802,285,52.92148494720459,285,53.02220869064331,285,53.12717914581299,285,53.24693536758423,285,53.352126598358154,285,53.46346092224121,285,53.58525061607361,285,53.71310234069824,285,53.82295346260071,285,53.93847131729126,285,54.07398533821106,285,54.184999227523804,285,54.307220697402954,285,54.41483235359192,285,54.51672983169556,285,54.6242311000824,285,54.730310678482056,285,54.835856437683105,285,54.94568848609924,285,55.05860233306885,285,55.17094969749451,285,55.28069734573364,285,55.391294956207275,285,55.4947988986969,285,55.607441425323486,285,55.722562074661255,285,55.822609663009644,285,55.980629444122314,285,56.08690643310547,285,56.192002058029175,285,56.37243628501892,285,56.49030923843384,285,56.6173574924469,285,56.72420310974121,285,56.83027982711792,285,56.95974278450012,285,57.069801330566406,285,57.17608022689819,285,57.281081199645996,285,57.39500021934509,285,57.501598596572876,285,57.61860966682434,285,57.73388695716858,285,57.853251457214355,285,57.97344660758972,285,58.08630299568176,285,58.19171190261841,285,58.295379400253296,285,58.40551042556763,285,58.5073344707489,285,58.61261248588562,285,58.72077560424805,285,58.82308840751648,285,58.93119215965271,285,59.0486421585083,285,59.148324489593506,285,59.25601506233215,285,59.36013126373291,285,59.46468901634216,285,59.565509557724,285,59.67424726486206,285,59.77661633491516,285,59.87084770202637,285,59.970869064331055,285,60.040759801864624
15,random_graphs/triangle/r1.5k18n12/graph15.lgbin,1502,39.591126918792725,278,669,0,547,0.3018076419830322,500,0.44669055938720703,464,0.5761334896087646,405,0.7429792881011963,384,0.8994238376617432,361,1.0800983905792236,352,1.2419161796569824,343,1.4199612140655518,336,1.594712734222412,336,1.715484380722046,334,1.8649020195007324,332,2.0149526596069336,330,2.1756534576416016,329,2.347036838531494,323,2.5163912773132324,323,2.63028621673584,323,2.751042127609253,322,2.9109435081481934,322,3.0368268489837646,317,3.204133987426758,314,3.3714683055877686,311,3.546966791152954,311,3.6790177822113037,308,3.939194440841675,307,4.050791025161743,307,4.1693689823150635,307,4.283310651779175,307,4.403507471084595,307,4.528831958770752,307,4.669287204742432,305,4.833495855331421,304,5.005194664001465,303,5.124531507492065,303,5.242596864700317,303,5.423567056655884,303,5.538537979125977,303,5.662192344665527,301,5.8295512199401855,301,5.949373483657837,301,6.062235593795776,301,6.179248094558716,301,6.297250270843506,301,6.414323091506958,301,6.528799772262573,301,6.640137672424316,301,6.753028631210327,301,6.858560800552368,301,6.972513675689697,301,7.089076519012451,301,7.2007012367248535,301,7.325026988983154,301,7.452802896499634,301,7.557368993759155,301,7.660788297653198,301,7.785290956497192,301,7.895605564117432,301,8.006789445877075,301,8.114583253860474,301,8.231127738952637,301,8.337955236434937,301,8.462482690811157,301,8.570729732513428,301,8.681551933288574,301,8.812875270843506,301,8.94486379623413,301,9.05915880203247,301,9.17149806022644,301,9.305154085159302,301,9.43429684638977,301,9.586233377456665,301,9.707463026046753,301,9.829443216323853,301,9.952325820922852,301,10.086942672729492,301,10.254745960235596,301,10.419665575027466,301,10.550080299377441,301,10.676490068435669,301,10.797134160995483,301,10.993462085723877,301,11.111723184585571,300,11.275500535964966,300,11.456392288208008,299,11.628710508346558,296,11.790732145309448,295,11.95116925239563,293,12.125458240509033,293,12.250362157821655,293,12.394288301467896,292,12.550543308258057,292,12.668456315994263,292,12.806476593017578,290,12.957798480987549,290,13.072679042816162,290,13.211135387420654,290,13.34946346282959,290,13.494107007980347,290,13.62105917930603,290,13.740839958190918,290,13.86123538017273,290,14.005338191986084,290,14.1181161403656,290,14.248053550720215,290,14.36627745628357,290,14.51322078704834,290,14.65140700340271,290,14.789627313613892,290,14.909386157989502,290,15.039772272109985,290,15.157955408096313,290,15.281499147415161,290,15.411537170410156,290,15.530146598815918,290,15.657370805740356,290,15.782880544662476,290,15.90803599357605,290,16.054234743118286,290,16.19740653038025,290,16.310793161392212,290,16.438672065734863,290,16.577697277069092,290,16.697014570236206,290,16.819363594055176,290,16.982478618621826,290,17.098514080047607,290,17.21817684173584,289,17.376708269119263,289,17.53365445137024,289,17.663328170776367,289,17.786718368530273,289,17.90148162841797,289,18.0123507976532,289,18.125544548034668,289,18.274412393569946,289,18.39628577232361,289,18.519182443618774,289,18.64443016052246,289,18.786961793899536,289,18.91612410545349,289,19.04085111618042,289,19.179735898971558,289,19.3001446723938,289,19.424346923828125,289,19.545023918151855,289,19.66908359527588,289,19.78693723678589,289,19.91358971595764,289,20.066640377044678,289,20.187875747680664,289,20.34044861793518,289,20.46446967124939,289,20.581827402114868,289,20.696102619171143,289,20.816676139831543,289,20.931444883346558,289,21.066956043243408,289,21.178760051727295,289,21.294792890548706,289,21.409868955612183,289,21.541893482208252,289,21.66788077354431,289,21.784672260284424,289,21.91562557220459,289,22.025991439819336,289,22.159597396850586,289,22.27286982536316,289,22.3863844871521,289,22.50488257408142,289,22.610060930252075,289,22.727132081985474,289,22.837920665740967,289,22.953328132629395,289,23.07170081138611,289,23.203036069869995,289,23.31715750694275,289,23.456286668777466,289,23.56983733177185,289,23.679636478424072,289,23.805440425872803,289,23.91604471206665,289,24.02301812171936,289,24.134284734725952,289,24.262169122695923,289,24.37577533721924,289,24.492140293121338,289,24.623822689056396,289,24.746901273727417,289,24.887017726898193,289,25.009402751922607,289,25.12565016746521,289,25.267473220825195,289,25.38775086402893,289,25.509664058685303,289,25.635881423950195,289,25.75656771659851,289,25.898080587387085,289,26.02823233604431,289,26.18762707710266,289,26.31680941581726,289,26.438995361328125,289,26.56190276145935,289,26.68651509284973,289,26.81728219985962,289,26.95072841644287,289,27.089750051498413,289,27.21326184272766,289,27.334750175476074,289,27.47946572303772,289,27.590806007385254,289,27.71415638923645,289,27.83414387702942,289,27.95576047897339,289,28.07812762260437,289,28.193111658096313,289,28.308635711669922,289,28.43743586540222,289,28.553868770599365,288,28.71806263923645,288,28.8352632522583,288,28.947008848190308,288,29.084773302078247,288,29.19665265083313,288,29.31522297859192,288,29.43271040916443,288,29.55068278312683,288,29.679859399795532,288,29.799587965011597,288,29.94305157661438,288,30.06931161880493,288,30.202311038970947,288,30.32178568840027,288,30.448144674301147,287,30.601948261260986,287,30.718669176101685,287,30.829923391342163,287,30.943734407424927,287,31.048499822616577,287,31.16171956062317,285,31.3817081451416,285,31.49825954437256,283,31.648980140686035,281,31.763460159301758,281,31.87482500076294,281,31.989125728607178,281,32.098902463912964,281,32.215078353881836,281,32.332669258117676,281,32.47418928146362,281,32.58090424537659,281,32.687153816223145,281,32.79696249961853,281,32.91310167312622,281,33.028239727020264,281,33.15044856071472,281,33.256664752960205,281,33.367427587509155,281,33.496562480926514,281,33.611696004867554,281,33.73306584358215,281,33.85200238227844,281,33.97519087791443,281,34.08366131782532,281,34.20297145843506,281,34.315938234329224,281,34.42575550079346,281,34.547000885009766,281,34.683614015579224,281,34.79365062713623,281,34.917686462402344,281,35.03050422668457,281,35.143333435058594,281,35.26241326332092,281,35.375956296920776,281,35.491631269454956,281,35.61427021026611,281,35.73659014701843,281,35.890044927597046,281,36.03924107551575,281,36.209179162979126,281,36.32737588882446,281,36.44483828544617,281,36.57114243507385,281,36.704315185546875,281,36.84062671661377,281,36.958845376968384,281,37.08252167701721,281,37.1929132938385,281,37.3112051486969,281,37.42481088638306,281,37.544620513916016,281,37.663724422454834,281,37.79870843887329,281,37.93091702461243,281,38.060189962387085,281,38.230257749557495,281,38.36003088951111,281,38.4869704246521,281,38.62826204299927,281,38.74671196937561,281,38.86374616622925,278,39.02686810493469,278,39.131526470184326,278,39.24821734428406,278,39.35522246360779,278,39.475260972976685,278,39.59006428718567,278,39.69851636886597,278,39.809746742248535,278,39.94206261634827,278,40.05006408691406,278,40.16428303718567,278,40.28891634941101,278,40.422131299972534,278,40.52886176109314,278,40.63967037200928,278,40.75528025627136,278,40.86433529853821,278,40.97723627090454,278,41.100109338760376,278,41.209831953048706,278,41.315001010894775,278,41.42319941520691,278,41.533873319625854,278,41.66874408721924,278,41.78278732299805,278,41.90038871765137,278,42.013676404953,278,42.14024209976196,278,42.25838255882263,278,42.374309062957764,278,42.48723292350769,278,42.63675880432129,278,42.75758504867554,278,42.87342977523804,278,43.00917363166809,278,43.131197452545166,278,43.25494027137756,278,43.391276597976685,278,43.504502058029175,278,43.620784282684326,278,43.74189257621765,278,43.88542675971985,278,44.02084231376648,278,44.14827537536621,278,44.26769161224365,278,44.38643527030945,278,44.51952862739563,278,44.81343412399292,278,44.95273160934448,278,45.06977081298828,278,45.18953514099121,278,45.31427884101868,278,45.46717929840088,278,45.585721492767334,278,45.70653486251831,278,45.826038122177124,278,45.951003551483154,278,46.089237213134766,278,46.20214533805847,278,46.32097506523132,278,46.437326192855835,278,46.556499004364014,278,46.68260407447815,278,46.80939030647278,278,46.97373127937317,278,47.09897017478943,278,47.216819047927856,278,47.341562271118164,278,47.46375226974487,278,47.58950161933899,278,47.7186496257782,278,47.848296880722046,278,47.963130474090576,278,48.090800285339355,278,48.20682144165039,278,48.33013296127319,278,48.4544620513916,278,48.575469970703125,278,48.71272373199463,278,48.83811140060425,278,48.95713567733765,278,49.082350730895996,278,49.20361328125,278,49.32620978355408,278,49.43988227844238,278,49.56895399093628,278,49.69392204284668,278,49.81663656234741,278,49.97071146965027,278,50.099178314208984,278,50.222923040390015,278,50.3463454246521,278,50.46873354911804,278,50.610835313797,278,50.71999979019165,278,50.854944467544556,278,50.975842237472534,278,51.10121130943298,278,51.23925161361694,278,51.40119433403015,278,51.524022579193115,278,51.64111685752869,278,51.759644985198975,278,51.89001727104187,278,52.01145911216736,278,52.31149244308472,278,52.43948268890381,278,52.56069898605347,278,52.68204712867737,278,52.80282282829285,278,52.92119359970093,278,53.042794704437256,278,53.16120934486389,278,53.29228162765503,278,53.40834927558899,278,53.52127814292908,278,53.638153314590454,278,53.7629668712616,278,53.880406618118286,278,53.997392654418945,278,54.110785722732544,278,54.227890729904175,278,54.33961057662964,278,54.4559907913208,278,54.58507037162781,278,54.71770644187927,278,54.87598419189453,278,55.02722907066345,278,55.14238882064819,278,55.25591468811035,278,55.37940216064453,278,55.489524364471436,278,55.596073150634766,278,55.71083354949951,278,55.82960319519043,278,55.93517994880676,278,56.046361684799194,278,56.168713092803955,278,56.276691913604736,278,56.38716673851013,278,56.492677450180054,278,56.60456728935242,278,56.71133518218994,278,56.84277009963989,278,56.977293252944946,278,57.085309743881226,278,57.21599340438843,278,57.32059025764465,278,57.433932065963745,278,57.55219602584839,278,57.67105960845947,278,57.79895877838135,278,57.92562294006348,278,58.05657243728638,278,58.18569207191467,278,58.317017555236816,278,58.460893869400024,278,58.57509183883667,278,58.69510507583618,278,58.81122612953186,278,58.9441442489624,278,59.06610107421875,278,59.19333076477051,278,59.31016159057617,278,59.42505741119385,278,59.560866594314575,278,59.66879749298096,278,59.78904104232788,278,59.90901756286621,278,60.03199028968811
16,random_graphs/triangle/r1.5k18n12/graph16.lgbin,1502,39.50309896469116,255,645,0,550,0.13385224342346191,493,0.2665858268737793,426,0.4346799850463867,404,0.5829071998596191,383,0.7337808609008789,368,0.8821578025817871,357,1.0565519332885742,351,1.2268414497375488,318,1.4996488094329834,313,1.6517829895019531,311,1.7771179676055908,298,1.920480728149414,297,2.0516374111175537,288,2.213522434234619,283,2.3715968132019043,282,2.523076057434082,279,2.6708076000213623,279,2.7844278812408447,279,2.899625301361084,279,3.033385992050171,279,3.146836042404175,279,3.2676239013671875,279,3.3856170177459717,278,3.5482280254364014,278,3.6693875789642334,278,3.786656141281128,277,3.9370224475860596,276,4.184778928756714,276,4.299476623535156,275,4.441046953201294,272,4.5889716148376465,272,4.704679727554321,272,4.829986095428467,272,4.948196887969971,272,5.066951036453247,272,5.18950891494751,272,5.31023383140564,272,5.4253809452056885,272,5.562887907028198,272,5.679042816162109,272,5.801044225692749,272,5.925601959228516,272,6.066321849822998,272,6.183589935302734,272,6.301589488983154,272,6.439637660980225,272,6.589021682739258,272,6.719494581222534,272,6.863582611083984,272,6.986653089523315,272,7.112583637237549,270,7.257669448852539,268,7.429808855056763,268,7.581865549087524,268,7.740185976028442,268,7.857503414154053,268,7.978216171264648,268,8.166367292404175,265,8.33149242401123,265,8.453149557113647,262,8.71548080444336,262,8.85340142250061,262,9.00952696800232,262,9.172719478607178,262,9.298183917999268,262,9.415349006652832,262,9.533746480941772,262,9.670799970626831,262,9.795903205871582,262,9.937753200531006,262,10.050984621047974,262,10.180785894393921,262,10.30690884590149,262,10.426684856414795,262,10.5496826171875,262,10.673128604888916,262,10.773958444595337,262,10.884961605072021,262,11.001386165618896,262,11.159856796264648,262,11.287935733795166,262,11.40111756324768,262,11.507277011871338,262,11.616029977798462,262,11.725671768188477,262,11.855304956436157,262,11.962714195251465,262,12.090349912643433,262,12.217720746994019,262,12.366342544555664,262,12.479528427124023,262,12.613494634628296,262,12.742103099822998,262,12.860663890838623,262,12.996374368667603,262,13.110826015472412,262,13.244263172149658,262,13.365082502365112,262,13.477546215057373,262,13.598208904266357,262,13.716724395751953,262,13.835200548171997,262,14.071544170379639,262,14.195006370544434,262,14.333312511444092,262,14.451811790466309,262,14.575184106826782,262,14.700226783752441,262,14.819819688796997,262,14.94334077835083,262,15.060665607452393,262,15.178890228271484,262,15.301257371902466,262,15.443572998046875,262,15.597891569137573,262,15.74384355545044,262,15.863671779632568,262,16.000435829162598,262,16.123690605163574,262,16.246610403060913,262,16.41795063018799,262,16.53957486152649,262,16.682796239852905,262,16.817211866378784,262,16.96083950996399,262,17.088948965072632,262,17.23214101791382,262,17.355134963989258,262,17.48715114593506,262,17.623175382614136,262,17.741416931152344,262,17.858977794647217,262,17.979839324951172,262,18.1093487739563,262,18.23306155204773,262,18.349777698516846,262,18.47303080558777,262,18.5958354473114,262,18.72052788734436,262,18.84296226501465,262,18.978538751602173,262,19.098961114883423,262,19.232563257217407,262,19.35685086250305,262,19.588221311569214,262,19.736857414245605,262,19.89614486694336,262,20.01528573036194,262,20.13725233078003,262,20.29067826271057,262,20.429169178009033,262,20.585912466049194,262,20.71978449821472,262,20.883705377578735,262,21.033968925476074,262,21.183130741119385,262,21.306947231292725,262,21.44450616836548,262,21.572399854660034,262,21.71900773048401,262,21.855233907699585,262,21.98839545249939,262,22.107491731643677,262,22.235926151275635,262,22.358482599258423,262,22.50822615623474,262,22.64362597465515,262,22.767109870910645,262,22.903996467590332,262,23.056015014648438,262,23.187158584594727,262,23.316386222839355,262,23.44456458091736,262,23.57059669494629,262,23.690414905548096,262,23.808400869369507,262,23.936641693115234,262,24.072352170944214,262,24.18781805038452,262,24.311129570007324,262,24.42734384536743,262,24.54572057723999,262,24.666356086730957,262,24.797877073287964,262,24.919050931930542,262,25.067085027694702,262,25.184483766555786,262,25.29770851135254,262,25.417142868041992,262,25.537846565246582,262,25.66629385948181,262,25.78497314453125,262,25.940765142440796,262,26.051875114440918,262,26.181665420532227,262,26.303340673446655,262,26.421140432357788,262,26.535022258758545,262,26.654783725738525,262,26.768837928771973,262,26.88487148284912,262,26.993622303009033,262,27.101593017578125,262,27.22554111480713,262,27.339590787887573,262,27.46926474571228,262,27.60907554626465,262,27.732298135757446,262,27.84659767150879,262,27.955888748168945,262,28.07800269126892,262,28.203702449798584,262,28.328994035720825,262,28.4569833278656,262,28.57068634033203,262,28.69125509262085,262,28.80287003517151,262,28.924685955047607,262,29.058884859085083,262,29.181929111480713,262,29.303194522857666,262,29.429871797561646,262,29.55681800842285,262,29.705252170562744,262,29.82470154762268,262,29.953975677490234,262,30.085258960723877,262,30.205695867538452,262,30.32462215423584,262,30.445310354232788,262,30.57867121696472,262,30.702037572860718,262,30.8379328250885,262,30.96106481552124,262,31.088412761688232,262,31.235878705978394,262,31.35267925262451,262,31.476972818374634,262,31.604151010513306,262,31.72320580482483,262,31.848981142044067,262,32.10987162590027,262,32.228790044784546,262,32.34507942199707,262,32.46275734901428,262,32.60298299789429,262,32.714805603027344,262,32.84211993217468,262,32.97199749946594,262,33.13268852233887,262,33.24916648864746,262,33.370736598968506,262,33.51437592506409,262,33.655686378479004,262,33.81329321861267,262,33.926631450653076,262,34.05442714691162,262,34.18148183822632,262,34.30034160614014,262,34.41886925697327,262,34.53437662124634,262,34.649237394332886,262,34.76322793960571,262,34.875104665756226,262,34.99404740333557,262,35.10673260688782,262,35.21119570732117,262,35.332210302352905,262,35.4441556930542,262,35.57330060005188,262,35.6970751285553,262,35.819881439208984,262,35.946754693984985,262,36.075615882873535,262,36.190001249313354,262,36.31586480140686,262,36.42913365364075,262,36.54614043235779,262,36.65058135986328,262,36.76405215263367,262,36.87723922729492,262,37.00041174888611,262,37.13062810897827,262,37.24451494216919,262,37.35104775428772,262,37.472872734069824,262,37.58643388748169,262,37.70823645591736,262,37.84756422042847,262,37.96623659133911,262,38.07918334007263,262,38.19943118095398,262,38.37397527694702,262,38.505184173583984,262,38.62853980064392,262,38.767613649368286,261,38.89279651641846,261,39.02035617828369,261,39.1413733959198,261,39.2623085975647,261,39.39223384857178,261,39.5038788318634,261,39.64669370651245,261,39.7688934803009,261,39.90292143821716,261,40.022990465164185,261,40.14861845970154,260,40.30377674102783,260,40.42448425292969,259,40.58035349845886,259,40.7006995677948,259,40.817060708999634,259,40.933998584747314,259,41.086740493774414,259,41.214916467666626,258,41.36473202705383,257,41.56514096260071,256,41.72928214073181,255,41.86387276649475,255,41.98334312438965,255,42.11331653594971,255,42.266868591308594,255,42.430997133255005,255,42.55116319656372,255,42.69015407562256,255,42.818877935409546,255,42.93843364715576,255,43.064892053604126,255,43.194868326187134,255,43.31940197944641,255,43.44060254096985,255,43.55305862426758,255,43.65706253051758,255,43.77262353897095,255,43.89191770553589,255,44.00774526596069,255,44.12334632873535,255,44.2425479888916,255,44.50867557525635,255,44.62188220024109,255,44.73399066925049,255,44.857407093048096,255,44.961000204086304,255,45.067862033843994,255,45.185028314590454,255,45.3078556060791,255,45.41830849647522,255,45.562270164489746,255,45.675376415252686,255,45.80694055557251,255,45.9183509349823,255,46.03454661369324,255,46.15185832977295,255,46.27492666244507,255,46.39809322357178,255,46.548192501068115,255,46.672428131103516,255,46.807905435562134,255,46.956746101379395,255,47.08627009391785,255,47.212581157684326,255,47.32727575302124,255,47.464375019073486,255,47.5997211933136,255,47.720479249954224,255,47.85040903091431,255,47.970499992370605,255,48.12798357009888,255,48.25285506248474,255,48.368539810180664,255,48.497085094451904,255,48.689629793167114,255,48.820433378219604,255,48.941203355789185,255,49.059539556503296,255,49.18559765815735,255,49.312894105911255,255,49.44342660903931,255,49.58481001853943,255,49.733723402023315,255,49.87954258918762,255,49.998079776763916,255,50.12043285369873,255,50.24990272521973,255,50.39196705818176,255,50.5118510723114,255,50.63674020767212,255,50.766380310058594,255,50.88693428039551,255,51.00805950164795,255,51.13922882080078,255,51.27583432197571,255,51.40114212036133,255,51.529895067214966,255,51.64625644683838,255,51.7648286819458,255,51.909910678863525,255,52.02750110626221,255,52.15304660797119,255,52.29030680656433,255,52.42832612991333,255,52.554200172424316,255,52.67337083816528,255,52.798678398132324,255,52.93752336502075,255,53.106058835983276,255,53.24159908294678,255,53.36085557937622,255,53.484620332717896,255,53.606648445129395,255,53.73746585845947,255,53.890217781066895,255,54.04270076751709,255,54.20675325393677,255,54.47844171524048,255,54.60925602912903,255,54.742159605026245,255,54.86613965034485,255,54.97851777076721,255,55.12515664100647,255,55.25653076171875,255,55.40184044837952,255,55.57395958900452,255,55.738715410232544,255,55.87269449234009,255,55.984630823135376,255,56.12367367744446,255,56.241249322891235,255,56.40400576591492,255,56.52300572395325,255,56.666741132736206,255,56.80747032165527,255,56.93389630317688,255,57.06118655204773,255,57.19172954559326,255,57.30606126785278,255,57.43241262435913,255,57.552767515182495,255,57.661558866500854,255,57.800042390823364,255,57.91842770576477,255,58.051307916641235,255,58.17332315444946,255,58.300992012023926,255,58.43742084503174,255,58.543304204940796,255,58.65427827835083,255,58.795608043670654,255,58.906179666519165,255,59.018266439437866,255,59.13060688972473,255,59.24278497695923,255,59.360244274139404,255,59.46694540977478,255,59.57307195663452,255,59.684141874313354,255,59.81194734573364,255,59.91949129104614,255,60.02893829345703
17,random_graphs/triangle/r1.5k18n12/graph17.lgbin,1502,39.74263048171997,363,672,0,612,0.16835761070251465,558,0.40337204933166504,526,0.5575838088989258,501,0.7008190155029297,473,0.8243606090545654,433,0.9674186706542969,427,1.1489050388336182,411,1.2993485927581787,399,1.4250547885894775,394,2.8188586235046387,394,2.96472430229187,392,3.1063785552978516,389,3.258145809173584,387,3.3990001678466797,379,3.5399539470672607,376,3.6993651390075684,375,3.8598952293395996,370,3.9982287883758545,368,4.122290134429932,367,4.236169338226318,367,4.346874713897705,367,4.459122896194458,367,4.568541049957275,367,4.727212429046631,367,4.832308292388916,367,4.94202733039856,367,5.066490650177002,365,5.205982446670532,365,5.32830286026001,365,5.469727039337158,365,5.5836098194122314,365,5.690484285354614,365,5.791528701782227,365,5.9382710456848145,365,6.03601336479187,365,6.141878366470337,365,6.2585225105285645,365,6.3618574142456055,365,6.462196588516235,365,6.583933591842651,365,6.6864354610443115,365,6.8234992027282715,365,6.951592206954956,365,7.0551064014434814,365,7.188592195510864,365,7.29944372177124,365,7.400665044784546,365,7.495858430862427,365,7.597735166549683,365,7.711293697357178,365,7.814049482345581,365,7.9335854053497314,365,8.03450322151184,365,8.133870363235474,365,8.240342855453491,365,8.34525752067566,365,8.456226110458374,365,8.564357995986938,365,8.69415020942688,365,8.793413639068604,365,8.891188859939575,365,8.999797821044922,365,9.097543954849243,365,9.206477165222168,365,9.316609144210815,365,9.438555240631104,365,9.546746969223022,365,9.664659976959229,365,9.806823968887329,365,9.91692566871643,365,10.02250599861145,365,10.129966497421265,365,10.243607997894287,365,10.352364540100098,365,10.461949348449707,365,10.577456951141357,365,10.708611726760864,365,10.813763618469238,365,10.93316125869751,365,11.043684005737305,365,11.18150806427002,365,11.295337915420532,365,11.443419694900513,365,11.551912069320679,365,11.669393062591553,365,11.77893590927124,365,11.934711456298828,365,12.056766986846924,365,12.175888061523438,365,12.293898344039917,365,12.400206327438354,365,12.525837659835815,365,12.64746356010437,365,12.758301973342896,365,12.908291101455688,365,13.03220820426941,365,13.146310567855835,365,13.246481895446777,365,13.367445468902588,365,13.473334789276123,365,13.61131501197815,365,13.723298072814941,365,13.837282180786133,365,13.939596891403198,365,14.041411876678467,365,14.183984756469727,365,14.364612817764282,365,14.467450141906738,365,14.56968903541565,365,14.687680721282959,365,14.819202184677124,365,14.933218240737915,365,15.0491201877594,365,15.1733980178833,365,15.288604021072388,365,15.42493486404419,365,15.556169748306274,365,15.656563758850098,365,15.788030624389648,365,15.896985292434692,365,15.99734377861023,365,16.094846487045288,365,16.219510078430176,365,16.325875282287598,365,16.42672085762024,365,16.539979934692383,365,16.639949083328247,365,16.740113019943237,365,16.838711500167847,365,16.94188165664673,365,17.03903603553772,365,17.138981103897095,365,17.277152061462402,365,17.381009817123413,365,17.519390106201172,365,17.627866506576538,365,17.73507833480835,365,17.843733310699463,365,17.952375888824463,365,18.085076808929443,365,18.212385177612305,365,18.355676889419556,365,18.500574588775635,365,18.61132287979126,365,18.713146448135376,365,18.820836067199707,365,18.931278705596924,365,19.064133882522583,365,19.231387853622437,365,19.355626583099365,365,19.49892568588257,365,19.60736870765686,365,19.718636989593506,365,19.84065008163452,365,19.953067541122437,365,20.06647491455078,365,20.176010608673096,365,20.28287672996521,365,20.394250631332397,365,20.50388789176941,365,20.61307692527771,365,20.754395484924316,365,20.869048833847046,365,20.986546993255615,365,21.137453317642212,365,21.30609703063965,365,21.413944482803345,364,21.5460524559021,364,21.65475559234619,364,21.772603511810303,364,21.90516996383667,364,22.034032344818115,364,22.151620388031006,364,22.263875007629395,364,22.39202046394348,364,22.499748945236206,364,22.6351318359375,364,22.756253480911255,364,22.859565258026123,363,23.002922296524048,363,23.136975526809692,363,23.24461531639099,363,23.3895103931427,363,23.4999361038208,363,23.608741521835327,363,23.743855237960815,363,23.867027759552002,363,23.994596481323242,363,24.10091805458069,363,24.214508771896362,363,24.319754600524902,363,24.424324989318848,363,24.5329167842865,363,24.669599056243896,363,24.78370952606201,363,24.911762237548828,363,25.02833390235901,363,25.140496253967285,363,25.278207778930664,363,25.411362171173096,363,25.518112421035767,363,25.625245332717896,363,25.752732753753662,363,25.86276888847351,363,25.97367000579834,363,26.083552360534668,363,26.202784538269043,363,26.33071994781494,363,26.44486093521118,363,26.61900234222412,363,26.726378202438354,363,26.887784719467163,363,27.00425434112549,363,27.11655068397522,363,27.222442865371704,363,27.33805561065674,363,27.451380014419556,363,27.60286521911621,363,27.716506481170654,363,27.872849464416504,363,28.011403560638428,363,28.119098663330078,363,28.22770380973816,363,28.35032033920288,363,28.473241567611694,363,28.627461433410645,363,28.787842750549316,363,28.90219521522522,363,29.010706663131714,363,29.12228751182556,363,29.23460841178894,363,29.386409521102905,363,29.507911205291748,363,29.648038625717163,363,29.76031184196472,363,29.91380023956299,363,30.05035662651062,363,30.17942214012146,363,30.285977125167847,363,30.408780574798584,363,30.523831844329834,363,30.772467851638794,363,30.89020323753357,363,30.9959077835083,363,31.134681224822998,363,31.239235877990723,363,31.34773015975952,363,31.452061653137207,363,31.58837628364563,363,31.79673671722412,363,31.917829275131226,363,32.020479679107666,363,32.12329435348511,363,32.22945261001587,363,32.34078073501587,363,32.44684171676636,363,32.55356788635254,363,32.67209482192993,363,32.779956340789795,363,32.8812894821167,363,33.00629544258118,363,33.104477643966675,363,33.21758675575256,363,33.33546209335327,363,33.44677257537842,363,33.58695030212402,363,33.69262170791626,363,33.82354474067688,363,33.936044454574585,363,34.05275535583496,363,34.17278790473938,363,34.28081822395325,363,34.38102960586548,363,34.4891312122345,363,34.60459899902344,363,34.71659779548645,363,34.830509185791016,363,34.9693489074707,363,35.09969210624695,363,35.22485113143921,363,35.334001779556274,363,35.4552640914917,363,35.56636190414429,363,35.7016327381134,363,35.84811997413635,363,35.96194267272949,363,36.06913900375366,363,36.182265758514404,363,36.292938232421875,363,36.41667079925537,363,36.52893853187561,363,36.65749454498291,363,36.78045105934143,363,36.89666128158569,363,37.013983964920044,363,37.16257381439209,363,37.28367638587952,363,37.38915538787842,363,37.49788975715637,363,37.642817735672,363,37.782132387161255,363,37.8968231678009,363,38.006399393081665,363,38.12669515609741,363,38.23114895820618,363,38.3351194858551,363,38.447197914123535,363,38.57892966270447,363,38.681865215301514,363,38.79955172538757,363,38.9398398399353,363,39.04378819465637,363,39.147977352142334,363,39.25851583480835,363,39.36322593688965,363,39.471720695495605,363,39.57579565048218,363,39.67785882949829,363,39.78279447555542,363,39.90242028236389,363,40.04450011253357,363,40.155404567718506,363,40.25753211975098,363,40.366755962371826,363,40.491793155670166,363,40.625816345214844,363,40.73117542266846,363,40.86536407470703,363,40.970752477645874,363,41.08313035964966,363,41.19510293006897,363,41.34558701515198,363,41.4478178024292,363,41.55907487869263,363,41.6572163105011,363,41.81275129318237,363,41.93745803833008,363,42.04251313209534,363,42.17959952354431,363,42.28481101989746,363,42.4398033618927,363,42.54405856132507,363,42.68329334259033,363,42.79691290855408,363,42.91985821723938,363,43.02859902381897,363,43.132981061935425,363,43.25325417518616,363,43.36575436592102,363,43.47692131996155,363,43.58681058883667,363,43.70097351074219,363,43.80777907371521,363,43.929683685302734,363,44.068000078201294,363,44.17479658126831,363,44.2850079536438,363,44.39794421195984,363,44.504759073257446,363,44.61739206314087,363,44.758914947509766,363,44.91320753097534,363,45.06108832359314,363,45.1853609085083,363,45.28956961631775,363,45.40410566329956,363,45.524877309799194,363,45.64584732055664,363,45.75654101371765,363,45.867656230926514,363,45.97213649749756,363,46.0982129573822,363,46.20846629142761,363,46.3160719871521,363,46.43207788467407,363,46.57603621482849,363,46.71615529060364,363,46.822081327438354,363,46.9284610748291,363,47.045501470565796,363,47.16449332237244,363,47.27880787849426,363,47.39062213897705,363,47.50173783302307,363,47.60789704322815,363,47.77685809135437,363,47.888073682785034,363,48.038575649261475,363,48.142080783843994,363,48.27332854270935,363,48.390430212020874,363,48.509920835494995,363,48.61112856864929,363,48.715006828308105,363,48.84345197677612,363,48.96501064300537,363,49.109418869018555,363,49.20787048339844,363,49.3440637588501,363,49.457457304000854,363,49.57370185852051,363,49.67269420623779,363,49.80800127983093,363,49.90809726715088,363,50.00956749916077,363,50.105387687683105,363,50.20556449890137,363,50.310248136520386,363,50.410022258758545,363,50.51032304763794,363,50.623844146728516,363,50.721866607666016,363,50.83665490150452,363,50.94650888442993,363,51.08042931556702,363,51.238189458847046,363,51.35108160972595,363,51.46514534950256,363,51.62477707862854,363,51.731245040893555,363,51.87212634086609,363,51.994343280792236,363,52.10457468032837,363,52.21067237854004,363,52.32949376106262,363,52.4352662563324,363,52.55459785461426,363,52.66117262840271,363,52.775625228881836,363,52.88806390762329,363,52.99799704551697,363,53.15567922592163,363,53.319398164749146,363,53.48138666152954,363,53.63131499290466,363,53.75026273727417,363,53.85978984832764,363,53.97035837173462,363,54.09544038772583,363,54.204471826553345,363,54.31352376937866,363,54.423757791519165,363,54.543925523757935,363,54.65562033653259,363,54.80180859565735,363,54.910284996032715,363,55.07407808303833,363,55.194340467453,363,55.37436056137085,363,55.50578856468201,363,55.60988640785217,363,55.715784311294556,363,55.82410931587219,363,55.93428182601929,363,56.089741468429565,363,56.20195412635803,363,56.315388202667236,363,56.442047357559204,363,56.55665636062622,363,56.6667742729187,363,56.78871250152588,363,56.89608907699585,363,57.011497259140015,363,57.120898723602295,363,57.27870535850525,363,57.383349895477295,363,57.51708483695984,363,57.65497612953186,363,57.76279926300049,363,57.8696870803833,363,57.97578716278076,363,58.08266854286194,363,58.19827389717102,363,58.36239218711853,363,58.472339153289795,363,58.58968758583069,363,58.722066164016724,363,58.84294509887695,363,58.95060992240906,363,59.07378363609314,363,59.18253779411316,363,59.297415018081665,363,59.444538831710815,363,59.589826583862305,363,59.700891733169556,363,59.81927728652954,363,59.94753575325012,363,60.04385185241699
18,random_graphs/triangle/r1.5k18n12/graph18.lgbin,1502,40.260457277297974,324,705,0,573,0.18197941780090332,529,0.333573579788208,505,0.5057387351989746,490,0.6545553207397461,458,0.8375093936920166,436,1.0014750957489014,433,1.1643643379211426,429,1.3085384368896484,414,1.6028478145599365,412,1.7590465545654297,390,1.9367551803588867,389,2.0520644187927246,367,2.202842950820923,366,2.3546488285064697,366,2.4724855422973633,365,2.634476900100708,364,2.798553705215454,362,3.029751777648926,359,3.1523141860961914,359,3.2657365798950195,359,3.386066198348999,358,3.5222272872924805,353,3.644536256790161,353,3.7630834579467773,353,3.8739771842956543,353,3.9901397228240967,353,4.124723196029663,353,4.238816499710083,352,4.37621283531189,352,4.488072633743286,352,4.642210245132446,352,4.7516937255859375,350,4.949732065200806,350,5.057270288467407,350,5.176573276519775,350,5.298896551132202,347,5.482174396514893,347,5.592278957366943,347,5.700963258743286,347,5.8132805824279785,347,5.93452525138855,347,6.0641028881073,347,6.201658010482788,347,6.322859764099121,347,6.448261260986328,347,6.578768491744995,347,6.693176031112671,347,6.814095973968506,347,6.951848268508911,347,7.070013046264648,347,7.191702842712402,347,7.3030595779418945,347,7.418635129928589,347,7.528020620346069,347,7.651230812072754,347,7.775375604629517,347,7.890594959259033,347,8.07207441329956,347,8.19369649887085,347,8.340897798538208,347,8.480102300643921,347,8.59457778930664,346,8.73923921585083,346,8.854618310928345,346,9.101697444915771,346,9.21900725364685,346,9.338781595230103,346,9.463246822357178,346,9.583759784698486,346,9.70389461517334,346,9.819352149963379,346,9.946900129318237,346,10.067112445831299,346,10.183777093887329,346,10.355530977249146,346,10.518564224243164,346,10.639851093292236,346,10.75400710105896,346,10.869237661361694,346,11.025954484939575,346,11.163262128829956,346,11.280210494995117,345,11.429498195648193,345,11.55514121055603,345,11.668721675872803,345,11.84087085723877,345,11.958053350448608,345,12.079801082611084,345,12.184863328933716,345,12.295793533325195,345,12.396713018417358,345,12.506872653961182,345,12.618579864501953,345,12.74111032485962,345,12.865209102630615,345,12.98436164855957,345,13.09053635597229,345,13.196626901626587,345,13.301464557647705,345,13.420485258102417,345,13.518137216567993,345,13.628279447555542,345,13.738745927810669,345,13.847318172454834,345,14.077494144439697,345,14.192077398300171,345,14.295588254928589,345,14.40682339668274,345,14.521822690963745,345,14.645439624786377,345,14.75500202178955,345,14.886679410934448,345,15.01036262512207,345,15.149570941925049,345,15.298831701278687,345,15.416221141815186,345,15.558181524276733,345,15.698557376861572,345,15.818405628204346,345,15.952017545700073,345,16.073956727981567,345,16.185309410095215,345,16.30215573310852,345,16.43135929107666,345,16.694746494293213,345,16.818636894226074,345,16.95408821105957,345,17.070419311523438,345,17.18409776687622,345,17.3075532913208,345,17.42388892173767,344,17.584040641784668,344,17.70571541786194,344,17.835607767105103,341,17.955822944641113,341,18.125200510025024,341,18.234970808029175,341,18.357442140579224,341,18.489689826965332,341,18.598795652389526,341,18.72156262397766,341,18.84046244621277,341,18.988260746002197,341,19.118799924850464,341,19.233690977096558,341,19.3513445854187,341,19.48420476913452,341,19.612876176834106,341,19.72983717918396,341,19.864202976226807,341,21.836708307266235,341,21.948123693466187,341,22.059268951416016,341,22.169851541519165,341,22.277299165725708,341,22.38243293762207,341,22.508406400680542,341,22.62820053100586,341,22.74024534225464,340,22.8926739692688,340,23.01212501525879,340,23.134652853012085,340,23.251761198043823,340,23.402495622634888,340,23.51448655128479,340,23.67744779586792,340,23.792688369750977,340,23.913390159606934,340,24.028843879699707,339,24.171783685684204,339,24.30080246925354,339,24.432231187820435,339,24.555238962173462,339,24.678532361984253,339,24.793771505355835,339,24.92399525642395,339,25.092400312423706,339,25.22786808013916,339,25.367011547088623,339,25.507336139678955,339,25.627091884613037,339,25.74567413330078,339,25.856433629989624,339,25.97761845588684,339,26.131904125213623,339,26.244027137756348,339,26.3587429523468,339,26.532676696777344,339,26.65043020248413,339,26.784525871276855,339,26.93735647201538,339,27.048970460891724,339,27.166675329208374,339,27.28391122817993,339,27.408791542053223,339,27.52379274368286,339,27.640496969223022,339,27.76201558113098,339,27.882828950881958,339,28.009146451950073,339,28.152750253677368,339,28.261936902999878,339,28.41335654258728,339,28.527819633483887,339,28.659541368484497,339,28.802999258041382,339,28.917559146881104,339,29.05700445175171,339,29.183404445648193,339,29.297598838806152,339,29.440848112106323,339,29.569437265396118,339,29.71199679374695,339,29.846670389175415,339,29.9556405544281,339,30.0724139213562,339,30.1944477558136,339,30.332449913024902,339,30.456008672714233,339,30.575217247009277,339,30.686559438705444,339,30.815088510513306,339,30.948713302612305,339,31.059102296829224,339,31.197592973709106,339,31.31224274635315,339,31.43081307411194,339,31.606593370437622,339,31.72122287750244,339,31.87298893928528,339,31.986292600631714,339,32.143271684646606,339,32.26473617553711,339,32.398722648620605,339,32.50906229019165,339,32.638718605041504,339,32.753562450408936,339,32.8785834312439,339,32.99743103981018,339,33.139902114868164,339,33.25961232185364,339,33.3812575340271,339,33.50956344604492,339,33.61891770362854,339,33.73364567756653,339,33.86726665496826,339,33.98528742790222,339,34.16614747047424,339,34.308637380599976,339,34.45436406135559,339,34.58130884170532,339,34.710609674453735,339,34.83083152770996,339,34.96282386779785,339,35.08174705505371,339,35.19921875,339,35.323471546173096,339,35.43373250961304,339,35.53788876533508,339,35.64468193054199,339,35.76092863082886,339,35.88981747627258,339,35.99853181838989,339,36.12012577056885,339,36.239277362823486,339,36.36624050140381,339,36.48406624794006,339,36.59549927711487,339,36.72881817817688,339,36.85027456283569,339,36.96604585647583,339,37.07133150100708,339,37.2205376625061,339,37.32424330711365,339,37.428719997406006,339,37.55523633956909,339,37.663753032684326,339,37.767481565475464,339,37.87269878387451,339,38.00866961479187,339,38.12536334991455,339,38.230753660202026,339,38.34278964996338,339,38.455031394958496,339,38.5747811794281,339,38.6805784702301,339,38.790162324905396,339,38.90037775039673,339,39.02173185348511,339,39.13495874404907,339,39.255226135253906,339,39.38447308540344,339,39.52881050109863,339,39.638734579086304,339,39.75230431556702,339,39.869383335113525,339,39.990127086639404,339,40.109716176986694,339,40.228445529937744,339,40.34509515762329,339,40.45414924621582,339,40.56190586090088,339,40.67525911331177,339,40.785343408584595,339,40.89672088623047,339,41.011945724487305,339,41.127485275268555,339,41.2590856552124,339,41.37593054771423,339,41.49142551422119,339,41.61952805519104,339,41.7376708984375,339,41.85370182991028,339,41.9888334274292,339,42.123199701309204,339,42.236414194107056,339,42.34370279312134,339,42.450397968292236,339,42.57489061355591,339,42.70086717605591,339,42.81705093383789,339,42.93522119522095,339,43.052072286605835,337,43.22207689285278,337,43.335854291915894,337,43.447099924087524,337,43.56281566619873,337,43.67868494987488,337,43.794715881347656,337,43.912415742874146,337,44.02195358276367,337,44.23684763908386,337,44.34748697280884,337,44.451863288879395,337,44.57566213607788,335,44.71650671958923,335,44.838635206222534,335,44.9444477558136,335,45.054957151412964,333,45.185606718063354,333,45.320040702819824,333,45.454426288604736,333,45.57235074043274,333,45.6815447807312,333,45.795469522476196,333,45.902315855026245,333,46.00716733932495,333,46.11398196220398,333,46.22687768936157,333,46.3433997631073,333,46.46306586265564,333,46.57470107078552,333,46.6857123374939,333,47.031113624572754,333,47.135226011276245,333,47.24219489097595,333,47.34743905067444,333,47.46063017845154,331,47.61163902282715,330,47.7247257232666,330,47.83829045295715,330,47.95908260345459,330,48.07645058631897,330,48.187026500701904,330,48.29981207847595,330,48.412062644958496,330,48.53479814529419,330,48.66213297843933,330,48.771069049835205,329,48.94378733634949,329,49.063929080963135,328,49.19058108329773,328,49.30853772163391,328,49.440224409103394,326,49.588433265686035,326,49.697062730789185,326,49.84458136558533,326,49.956844091415405,326,50.100382566452026,326,50.22497844696045,326,50.364704608917236,326,50.482762575149536,326,50.60949397087097,326,50.72270703315735,326,50.83753299713135,326,50.95367431640625,326,51.09877800941467,326,51.21730160713196,326,51.3526177406311,326,51.467674016952515,326,51.58482003211975,326,51.71710181236267,326,51.83887076377869,326,51.9547553062439,326,52.08791470527649,326,52.19874548912048,326,52.31447410583496,326,52.48411560058594,326,52.60513114929199,326,52.718817710876465,326,52.85321855545044,326,53.012900590896606,326,53.1492600440979,326,53.25873255729675,326,53.425963163375854,326,53.534220933914185,326,53.65341782569885,326,53.75776481628418,326,53.86911940574646,326,53.97629976272583,326,54.098084449768066,326,54.20520544052124,326,54.32796597480774,326,54.437873125076294,326,54.66696643829346,324,54.81394910812378,324,54.934391021728516,324,55.066121101379395,324,55.18134260177612,324,55.30156946182251,324,55.40539765357971,324,55.511234998703,324,55.6323881149292,324,55.739903688430786,324,55.84898591041565,324,55.958330392837524,324,56.079365730285645,324,56.20318031311035,324,56.33099913597107,324,56.49552917480469,324,56.613866329193115,324,56.78130006790161,324,56.9241726398468,324,57.049532413482666,324,57.165401458740234,324,57.279382944107056,324,57.39623045921326,324,57.51508450508118,324,57.63129734992981,324,57.78277826309204,324,57.91269087791443,324,58.03316044807434,324,58.28356313705444,324,58.40005850791931,324,58.51458811759949,324,58.65372014045715,324,58.779576778411865,324,58.902899503707886,324,59.02105188369751,324,59.153409481048584,324,59.264604330062866,324,59.389872550964355,324,59.53215479850769,324,59.65938448905945,324,59.77265405654907,324,59.89090824127197,324,60.024263858795166
19,random_graphs/triangle/r1.5k18n12/graph19.lgbin,1502,40.234177112579346,309,641,0,547,0.17400074005126953,492,0.382922887802124,445,0.6188240051269531,414,0.7597362995147705,371,0.9092316627502441,364,1.045619249343872,364,1.1773583889007568,358,1.472088098526001,349,1.6061046123504639,347,1.753025770187378,345,1.914909839630127,345,2.031712293624878,340,2.1852450370788574,339,2.3309290409088135,331,2.4667153358459473,331,2.5772995948791504,330,2.7258806228637695,328,2.8730316162109375,328,3.0503008365631104,325,3.1756246089935303,325,3.2918248176574707,323,3.4413938522338867,323,3.5466809272766113,322,3.696152448654175,321,3.936911106109619,321,4.047802209854126,321,4.166778326034546,321,4.318655014038086,321,4.426736354827881,321,4.5399861335754395,321,4.670531272888184,321,4.81995701789856,319,4.963139772415161,315,5.16129469871521,315,5.2837419509887695,315,5.394369125366211,314,5.550693035125732,314,5.656418323516846,312,5.773621320724487,312,5.883112192153931,312,5.996518850326538,312,6.115886926651001,312,6.224890947341919,312,6.342033386230469,312,6.493489742279053,312,6.6068031787872314,312,6.742339611053467,312,6.8544933795928955,309,7.006022214889526,309,7.148775815963745,309,7.260672092437744,309,7.37614107131958,309,7.499593496322632,309,7.606983423233032,309,7.707756996154785,309,7.825500249862671,309,7.96113395690918,309,8.070939779281616,309,8.18953251838684,309,8.284878015518188,309,8.397685050964355,309,8.514952659606934,309,8.675216913223267,309,8.796002388000488,309,8.925103187561035,309,9.027697086334229,309,9.137544870376587,309,9.241841316223145,309,9.360061883926392,309,9.47956371307373,309,9.586952209472656,309,9.694163084030151,309,9.80036997795105,309,9.906446933746338,309,10.004903316497803,309,10.10714864730835,309,10.216155052185059,309,10.317388772964478,309,10.418111324310303,309,10.551621198654175,309,10.649592876434326,309,10.749572277069092,309,10.865893602371216,309,11.014506816864014,309,11.12264108657837,309,11.233484745025635,309,11.350220680236816,309,11.46321153640747,309,11.571975708007812,309,11.676180362701416,309,11.786932229995728,309,11.890873432159424,309,11.998064279556274,309,12.110849857330322,309,12.263761281967163,309,12.370014905929565,309,12.479809999465942,309,12.587390661239624,309,12.693730115890503,309,12.818477630615234,309,12.953248262405396,309,13.060330390930176,309,13.185608625411987,309,13.304654598236084,309,13.416107416152954,309,13.521345853805542,309,13.631995677947998,309,13.946860074996948,309,14.058528184890747,309,14.17506742477417,309,14.288144826889038,309,14.410377025604248,309,14.516945838928223,309,14.631491661071777,309,14.744835376739502,309,14.851161003112793,309,14.963909387588501,309,15.10074496269226,309,15.292444944381714,309,15.414028406143188,309,15.575550079345703,309,15.721672058105469,309,15.908427715301514,309,16.03076958656311,309,16.13701820373535,309,16.24767827987671,309,16.35911464691162,309,16.65725350379944,309,16.765792846679688,309,16.87960433959961,309,17.015782356262207,309,17.11771297454834,309,17.24470353126526,309,17.354503870010376,309,17.45500922203064,309,17.563591480255127,309,17.664057731628418,309,17.76300549507141,309,17.87111258506775,309,17.97349715232849,309,18.07373309135437,309,18.174055337905884,309,18.284550666809082,309,18.384406328201294,309,18.4803409576416,309,18.58959126472473,309,18.69546151161194,309,18.800447940826416,309,18.899794340133667,309,19.02202296257019,309,19.125667810440063,309,19.261449813842773,309,19.41732168197632,309,19.52193331718445,309,19.639690399169922,309,19.74034023284912,309,19.843619346618652,309,19.966899633407593,309,20.063848972320557,309,20.171672105789185,309,20.277885675430298,309,20.38222599029541,309,20.492297649383545,309,20.599801301956177,309,20.715131759643555,309,21.030016899108887,309,21.268653392791748,309,21.407028675079346,309,21.51594614982605,309,21.78552794456482,309,21.913931131362915,309,22.059057235717773,309,22.169326782226562,309,22.280973434448242,309,22.383521795272827,309,22.553187131881714,309,22.67372179031372,309,22.78125810623169,309,22.890619039535522,309,22.98917818069458,309,23.118261337280273,309,23.237274169921875,309,23.359312534332275,309,23.475830078125,309,23.58420443534851,309,23.692978382110596,309,23.82742929458618,309,23.936958074569702,309,24.052534818649292,309,24.17656373977661,309,24.28411626815796,309,24.396193981170654,309,24.509166479110718,309,24.615851163864136,309,24.728355646133423,309,24.844722747802734,309,24.95779252052307,309,25.071898698806763,309,25.1954345703125,309,25.290680408477783,309,25.39441180229187,309,25.506616592407227,309,25.614567279815674,309,27.23414921760559,309,27.350072383880615,309,27.4569730758667,309,27.55435085296631,309,27.669554471969604,309,27.76801872253418,309,27.87837243080139,309,27.981720685958862,309,28.085701942443848,309,28.1855149269104,309,28.292959690093994,309,28.472368478775024,309,28.570352792739868,309,28.693065404891968,309,28.827481269836426,309,28.949223518371582,309,29.123416900634766,309,29.229862213134766,309,29.346765518188477,309,29.479570150375366,309,29.595085620880127,309,29.723610639572144,309,29.86864161491394,309,29.998358964920044,309,30.123661756515503,309,30.233838081359863,309,30.341624975204468,309,30.463332176208496,309,30.573914289474487,309,30.683223009109497,309,30.79305124282837,309,30.9055757522583,309,31.014221668243408,309,31.12415337562561,309,31.254735231399536,309,31.370501279830933,309,31.619016647338867,309,31.733310222625732,309,31.989043712615967,309,32.10798621177673,309,32.21919536590576,309,32.33960199356079,309,32.533164501190186,309,32.65453553199768,309,32.84700393676758,309,33.01241755485535,309,33.30032300949097,309,33.59591102600098,309,33.73387265205383,309,33.84642577171326,309,33.94856333732605,309,34.06144666671753,309,34.17337465286255,309,34.289539098739624,309,34.404435873031616,309,34.50900387763977,309,34.643248081207275,309,34.797664165496826,309,34.92379450798035,309,35.03293561935425,309,35.13197088241577,309,35.2401168346405,309,35.36675691604614,309,35.47292160987854,309,35.58905553817749,309,35.72761130332947,309,35.88105821609497,309,35.99081373214722,309,36.128891468048096,309,36.24139213562012,309,36.34842610359192,309,36.4719135761261,309,36.58265686035156,309,36.69324350357056,309,36.80181264877319,309,36.91334509849548,309,37.17598295211792,309,37.28946614265442,309,37.398616790771484,309,37.507574796676636,309,37.62888550758362,309,37.743937492370605,309,37.8545126914978,309,37.960718631744385,309,38.07015037536621,309,38.19100761413574,309,38.30133533477783,309,38.43791484832764,309,38.55184245109558,309,38.66413736343384,309,38.76943874359131,309,38.87678265571594,309,39.019105195999146,309,39.15275859832764,309,39.42736744880676,309,39.53717637062073,309,39.650208711624146,309,39.75867199897766,309,39.869523763656616,309,40.039708614349365,309,40.15395545959473,309,40.296241760253906,309,40.42180514335632,309,40.52839922904968,309,40.641096115112305,309,40.75181698799133,309,40.8893346786499,309,41.02146649360657,309,41.14092779159546,309,41.269195318222046,309,41.37195587158203,309,41.47087478637695,309,41.59106230735779,309,41.695183515548706,309,41.80231595039368,309,41.90409326553345,309,42.00886917114258,309,42.111687660217285,309,42.23589062690735,309,42.341289043426514,309,42.4504337310791,309,42.556453227996826,309,42.71581768989563,309,42.81703972816467,309,42.920350790023804,309,43.01765489578247,309,43.15049886703491,309,43.24475646018982,309,43.35334658622742,309,43.45434069633484,309,43.55851650238037,309,43.65986776351929,309,43.7625687122345,309,43.86181974411011,309,43.96380114555359,309,44.07549715042114,309,44.19513154029846,309,44.33995270729065,309,44.441752195358276,309,44.580185413360596,309,44.683955669403076,309,44.781118869781494,309,44.88977313041687,309,45.03242611885071,309,45.13878583908081,309,45.265671253204346,309,45.37791728973389,309,45.49430513381958,309,45.601194620132446,309,45.73454523086548,309,45.841935873031616,309,45.96918201446533,309,46.1208758354187,309,46.23582148551941,309,46.366395235061646,309,46.492050647735596,309,46.616952419281006,309,46.772018909454346,309,46.877156019210815,309,47.10962104797363,309,47.22215127944946,309,47.33256530761719,309,47.44732856750488,309,47.56795573234558,309,47.68044471740723,309,47.79118585586548,309,47.90710234642029,309,48.01802945137024,309,48.1279022693634,309,48.228362798690796,309,48.33350491523743,309,48.44928026199341,309,48.558287620544434,309,48.67114782333374,309,48.78218936920166,309,48.89924931526184,309,49.01327300071716,309,49.126166582107544,309,49.23884701728821,309,49.39670991897583,309,49.5152587890625,309,49.626789569854736,309,49.73830008506775,309,49.88536620140076,309,49.9997034072876,309,50.0981547832489,309,50.207059383392334,309,50.32785725593567,309,50.43836450576782,309,50.53859186172485,309,50.64914417266846,309,50.7509024143219,309,50.85565185546875,309,50.957451581954956,309,51.062188386917114,309,51.17946195602417,309,51.33705377578735,309,51.447214126586914,309,51.55481767654419,309,51.65463590621948,309,51.75988411903381,309,51.908045291900635,309,52.0241060256958,309,52.129719972610474,309,52.30906128883362,309,52.40913462638855,309,52.52357077598572,309,52.627609968185425,309,52.73136258125305,309,52.85680627822876,309,52.997846603393555,309,53.099849224090576,309,53.205113649368286,309,53.305110692977905,309,53.41606044769287,309,53.52248811721802,309,53.62599802017212,309,53.73109698295593,309,53.99283051490784,309,54.11224389076233,309,54.231672525405884,309,54.355149269104004,309,54.4690957069397,309,54.57238984107971,309,54.76552438735962,309,54.8716778755188,309,54.98609113693237,309,55.12829613685608,309,55.23732590675354,309,55.34068536758423,309,55.4473762512207,309,55.58688926696777,309,55.703887701034546,309,55.81365132331848,309,55.93034839630127,309,56.054802894592285,309,56.161330699920654,309,56.50446391105652,309,56.624616622924805,309,56.7339072227478,309,56.84134340286255,309,56.94728136062622,309,57.05192995071411,309,57.17041492462158,309,57.27721428871155,309,57.3933367729187,309,57.5071337223053,309,57.61537575721741,309,57.774582624435425,309,57.87736988067627,309,58.003260135650635,309,58.12459325790405,309,58.226104736328125,309,58.34545660018921,309,58.45369601249695,309,58.56031537055969,309,58.665003538131714,309,58.770965576171875,309,58.90709710121155,309,59.037373304367065,309,59.17977976799011,309,59.28897142410278,309,59.39338779449463,309,59.49926257133484,309,59.60227560997009,309,59.7365825176239,309,59.87717533111572,309,59.97707986831665,309,60.044097900390625
0,random_graphs/triangle/r1.5k18n12/graph0.lgbin,4017,56.31492519378662,312,688,0,488,1.6447410583496094,437,2.2591378688812256,396,5.606127977371216,367,6.619906902313232,354,7.88454532623291,336,8.448163509368896,336,9.205071926116943,336,9.615671873092651,334,10.452879667282104,325,11.057490110397339,320,11.528989315032959,319,12.191777467727661,317,12.57340407371521,315,12.987683773040771,315,13.664824485778809,315,14.459803819656372,315,14.847487449645996,315,15.765408992767334,315,16.3118577003479,315,16.806082010269165,315,17.65918779373169,315,17.909907817840576,315,18.552687406539917,315,19.33982563018799,315,19.623952388763428,315,19.873053789138794,315,20.960642099380493,315,21.538908004760742,315,22.305586338043213,315,22.93251919746399,315,23.41244077682495,315,24.001314640045166,315,24.482466459274292,315,25.028778553009033,315,25.45975351333618,315,26.02200174331665,315,26.53916907310486,315,27.243870496749878,315,28.83486795425415,315,29.88303828239441,315,30.462494134902954,315,30.96404480934143,315,31.73470973968506,315,32.235522985458374,315,33.52690577507019,315,34.69443988800049,315,35.56257200241089,315,36.13534736633301,315,37.76555061340332,315,38.6209933757782,315,39.179773569107056,315,39.39924383163452,315,40.12070178985596,315,40.64772152900696,315,41.15390419960022,315,41.60701775550842,315,42.824198484420776,315,43.049821615219116,315,43.56148624420166,315,44.47137498855591,315,44.66992115974426,315,46.33648896217346,315,46.84982705116272,315,47.32507038116455,315,48.266467571258545,315,49.42780542373657,315,50.00669836997986,315,50.218266248703,315,50.533040046691895,315,50.73223161697388,315,51.28668141365051,315,51.77315354347229,315,52.383259296417236,315,53.217907428741455,312,53.761457681655884,312,54.3744592666626,312,54.94801354408264,312,55.630369424819946,312,56.12882161140442,312,56.327962160110474,312,56.83533215522766,312,57.38746905326843,312,57.60926580429077,312,58.281221866607666,312,58.79539108276367,312,59.245837926864624,312,59.45721673965454,312,59.872366428375244,312,60.043400287628174
1,random_graphs/triangle/r1.5k18n12/graph1.lgbin,4017,58.4423553943634,299,715,0,519,11.915349960327148,434,12.967265367507935,377,16.687949895858765,349,18.63388991355896,328,19.80795955657959,315,24.87979817390442,313,25.973737239837646,313,26.19617486000061,310,26.98105812072754,310,27.841442346572876,310,28.554643154144287,307,29.704386472702026,303,30.651158332824707,303,34.44707727432251,303,36.42970061302185,303,38.94126844406128,303,39.65891671180725,303,40.29203248023987,302,41.2047963142395,302,42.15576982498169,302,42.83330249786377,302,44.71519613265991,301,45.59492254257202,301,46.339834451675415,301,47.044127464294434,301,47.75852584838867,301,48.945929527282715,301,51.014423847198486,301,51.59901738166809,301,52.310038328170776,301,53.15955185890198,301,55.65519952774048,301,56.50381827354431,300,57.36424374580383,299,57.7651789188385,299,58.57872200012207,299,59.64027261734009,299,60.05518841743469
2,random_graphs/triangle/r1.5k18n12/graph2.lgbin,4017,55.878469944000244,251,556,0,372,1.0177111625671387,311,1.292931318283081,298,2.5612263679504395,289,2.852935314178467,281,3.3898301124572754,272,3.694948196411133,269,4.394885778427124,269,5.056684970855713,264,5.285708904266357,262,6.481640100479126,259,7.446240663528442,257,8.042620182037354,256,8.481961727142334,256,8.662393569946289,255,9.752269268035889,254,10.511581897735596,253,10.981651782989502,253,12.387421607971191,251,13.180108785629272,251,13.370970487594604,251,14.00050687789917,251,14.719316720962524,251,14.92320704460144,251,15.124967575073242,251,15.343980550765991,251,15.592490434646606,251,15.83644700050354,251,16.489461421966553,251,16.728440761566162,251,16.935631036758423,251,17.53078842163086,251,18.175393104553223,251,18.3731472492218,251,19.236188650131226,251,19.455850839614868,251,20.109707832336426,251,20.287925243377686,251,21.11396336555481,251,21.317513942718506,251,22.04142665863037,251,23.951339721679688,251,24.596598863601685,251,24.76730227470398,251,25.44929528236389,251,26.050775051116943,251,26.281981468200684,251,27.048514366149902,251,27.706156730651855,251,27.94663691520691,251,28.153793334960938,251,28.746062994003296,251,29.803324699401855,251,30.73807168006897,251,31.52651858329773,251,32.107030391693115,251,32.62618827819824,251,32.87037420272827,251,33.377485513687134,251,34.235711336135864,251,36.39516353607178,251,36.594298124313354,251,36.795682430267334,251,37.576940059661865,251,38.18048620223999,251,39.03488636016846,251,39.70064187049866,251,39.95431900024414,251,40.152820110321045,251,40.71063542366028,251,40.908443450927734,251,41.557861328125,251,42.026854515075684,251,42.73277449607849,251,43.57171368598938,251,44.755481243133545,251,45.0560519695282,251,47.77532768249512,251,48.50491499900818,251,49.16535186767578,251,49.37516760826111,251,49.621549129486084,251,49.903688192367554,251,51.390804052352905,251,52.13312768936157,251,52.89993858337402,251,53.233500242233276,251,53.45584058761597,251,53.67600345611572,251,54.31488251686096,251,54.919459104537964,251,55.19708704948425,251,55.535144090652466,251,56.18825602531433,251,56.84720039367676,251,57.40463447570801,251,58.196269273757935,251,58.39255738258362,251,58.654908657073975,251,59.300262689590454,251,60.212769746780396
3,random_graphs/triangle/r1.5k18n12/graph3.lgbin,4017,54.79172992706299,220,616,0,420,1.0138704776763916,368,1.6413159370422363,343,2.4140589237213135,322,2.9575858116149902,303,3.5180814266204834,296,4.068113327026367,278,9.060535907745361,237,9.732333421707153,232,10.285681247711182,229,10.734564304351807,225,11.198004961013794,225,11.711566925048828,225,11.888143539428711,225,12.181033849716187,220,12.365445852279663,220,12.835695505142212,220,13.02724313735962,220,13.777755975723267,220,13.961177110671997,220,14.337782144546509,220,14.637208223342896,220,14.982486724853516,220,15.553786277770996,220,15.748725891113281,220,16.327394008636475,220,16.95981454849243,220,17.636829614639282,220,18.208144187927246,220,18.524536848068237,220,18.7620587348938,220,19.390186309814453,220,19.588297605514526,220,19.78609037399292,220,19.99989366531372,220,20.173133373260498,220,20.823330640792847,220,21.450343132019043,220,22.02054238319397,220,22.20641016960144,220,23.013025522232056,220,23.22831964492798,220,23.562437772750854,220,24.35309410095215,220,24.552343368530273,220,25.26983618736267,220,25.565821409225464,220,26.045820951461792,220,26.523878574371338,220,26.782981634140015,220,27.65578007698059,220,27.929466247558594,220,28.427204132080078,220,28.93034601211548,220,29.195650815963745,220,29.830848693847656,220,30.67893934249878,220,31.173470497131348,220,31.734818935394287,220,32.285815477371216,220,32.462212800979614,220,33.08506107330322,220,33.842751264572144,220,34.111963510513306,220,34.30350875854492,220,34.79782295227051,220,35.09240746498108,220,35.691909074783325,220,36.12305498123169,220,36.31304621696472,220,36.7809271812439,220,37.272963762283325,220,37.47396993637085,220,38.10328507423401,220,38.40511703491211,220,38.61213827133179,220,38.93616604804993,220,39.612096548080444,220,40.272932291030884,220,40.79316592216492,220,41.318490743637085,220,41.65828609466553,220,41.95690131187439,220,42.61385154724121,220,43.16769480705261,220,43.34735870361328,220,43.53459048271179,220,44.09352231025696,220,44.85106563568115,220,45.10788440704346,220,45.354313373565674,220,45.92902112007141,220,46.22541284561157,220,46.40943241119385,220,46.9816951751709,220,47.27491331100464,220,47.83292818069458,220,48.05353832244873,220,48.64526438713074,220,49.07688927650452,220,49.37796711921692,220,49.949111223220825,220,50.60038089752197,220,51.155261516571045,220,51.33291935920715,220,52.149484395980835,220,52.737842321395874,220,53.00372338294983,220,53.528141260147095,220,54.18846249580383,220,54.77633881568909,220,55.576157569885254,220,55.922890424728394,220,56.569329261779785,220,56.89493131637573,220,57.13646078109741,220,57.33410310745239,220,57.61378741264343,220,58.33666467666626,220,58.85620427131653,220,59.05008888244629,220,59.567760705947876,220,60.054296016693115
4,random_graphs/triangle/r1.5k18n12/graph4.lgbin,4017,54.809558153152466,257,692,0,502,2.3724992275238037,415,2.990609645843506,395,4.260298490524292,366,5.481332540512085,335,6.322021007537842,315,6.754857778549194,314,7.293666362762451,309,7.88025164604187,307,8.465490341186523,306,9.544572830200195,305,10.381107330322266,304,11.009681701660156,304,11.655222415924072,303,12.390270948410034,303,12.940490961074829,297,13.56315541267395,297,14.479116678237915,297,15.215682744979858,292,15.904176473617554,291,16.426541090011597,291,16.810188055038452,291,17.12922215461731,291,17.73049783706665,291,18.241053581237793,278,18.99390172958374,278,19.738277673721313,273,20.364378452301025,266,21.43345332145691,261,22.560138940811157,258,23.47731852531433,258,24.106156587600708,257,24.357415199279785,257,24.97398352622986,257,25.49010920524597,257,25.784850597381592,257,26.51442527770996,257,27.081319570541382,257,27.268726587295532,257,27.683006286621094,257,27.952739238739014,257,28.21006155014038,257,28.640616178512573,257,29.166075468063354,257,29.378082752227783,257,29.869924783706665,257,30.38263201713562,257,31.091598987579346,257,31.50937581062317,257,32.01769733428955,257,32.50979471206665,257,33.01679229736328,257,33.597233295440674,257,34.04288697242737,257,34.51431441307068,257,34.78727841377258,257,35.32888174057007,257,35.885358572006226,257,36.36981511116028,257,36.68189239501953,257,37.16270685195923,257,37.93800735473633,257,38.482799768447876,257,38.99871277809143,257,39.531901597976685,257,39.994112968444824,257,40.258360147476196,257,40.643669843673706,257,41.104626417160034,257,41.581257820129395,257,42.05207800865173,257,42.32161831855774,257,42.8106746673584,257,43.405173778533936,257,43.90439796447754,257,44.458648920059204,257,44.82164478302002,257,45.32890343666077,257,45.82080006599426,257,46.123207330703735,257,46.53225493431091,257,47.036423444747925,257,47.56899642944336,257,47.779940128326416,257,48.33235430717468,257,48.75427556037903,257,49.19518828392029,257,49.7385368347168,257,49.90482234954834,257,50.179080963134766,257,50.46773862838745,257,50.74821853637695,257,51.33108353614807,257,51.55553913116455,257,51.86019325256348,257,52.446879625320435,257,52.87337923049927,257,53.670156717300415,257,54.164814949035645,257,54.47858810424805,257,55.03373742103577,257,55.30941462516785,257,56.11633253097534,257,56.674498319625854,257,57.236079692840576,257,57.98045778274536,257,58.48574924468994,257,58.72225069999695,257,59.098161458969116,257,59.349440813064575,257,59.92571306228638,257,60.052343130111694
5,random_graphs/triangle/r1.5k18n12/graph5.lgbin,4017,56.940309286117554,286,607,0,424,1.8725483417510986,370,3.3288025856018066,333,4.878995180130005,322,5.373745679855347,320,6.317554712295532,317,7.097721576690674,300,7.9201295375823975,300,8.888910293579102,299,9.442201614379883,298,9.987041473388672,298,10.82136058807373,293,11.294029235839844,293,11.82016658782959,293,12.300496816635132,293,13.080773115158081,293,13.680677652359009,293,14.571903944015503,293,15.482895374298096,293,16.383776426315308,293,17.31005883216858,293,18.293902158737183,291,19.211631059646606,287,20.15347933769226,287,21.632514476776123,286,22.55154252052307,286,23.093908309936523,286,23.839282512664795,286,24.41652488708496,286,25.271981954574585,286,25.810083866119385,286,26.399102687835693,286,27.324305295944214,286,28.452125310897827,286,29.183929920196533,286,29.76684284210205,286,30.558541297912598,286,30.845703125,286,31.421642780303955,286,32.00817131996155,286,32.768810510635376,286,33.255202293395996,286,33.97352623939514,286,35.11921453475952,286,36.093223333358765,286,36.80676531791687,286,37.06580924987793,286,37.60077404975891,286,38.54658126831055,286,39.04887413978577,286,39.59988021850586,286,40.172691106796265,286,40.678438663482666,286,41.22747850418091,286,41.71091079711914,286,42.65632772445679,286,43.37507176399231,286,44.18607783317566,286,44.42673945426941,286,44.7127149105072,286,45.242021799087524,286,45.74980020523071,286,46.7630717754364,286,47.64338302612305,286,48.50241494178772,286,49.330825090408325,286,50.06151294708252,286,50.92203187942505,286,51.43136668205261,286,51.9318413734436,286,52.638917207717896,286,53.273234844207764,286,54.611407995224,286,55.52517652511597,286,56.54843020439148,286,57.051539182662964,286,59.3634569644928,286,60.11922907829285
6,random_graphs/triangle/r1.5k18n12/graph6.lgbin,4017,53.74766492843628,298,662,0,465,0.9968924522399902,403,2.40139102935791,376,3.3315958976745605,344,3.7863950729370117,329,4.0861639976501465,326,4.534337997436523,315,5.016711711883545,314,5.481618642807007,308,5.984365463256836,308,6.49234938621521,308,6.727859258651733,306,7.079360008239746,304,7.519814491271973,304,7.717413663864136,304,7.902169942855835,304,8.322448968887329,304,8.7638258934021,304,9.1262366771698,304,9.393567323684692,304,9.930817604064941,304,10.424232721328735,304,11.012562274932861,304,11.695257425308228,303,12.021420240402222,303,12.22744345664978,300,12.488552331924438,300,12.71044635772705,300,12.927433013916016,300,13.127165794372559,300,13.702385425567627,300,13.916640758514404,300,14.109513282775879,300,14.334275722503662,300,15.028504848480225,300,15.762221336364746,300,16.47931718826294,300,16.6717209815979,300,17.3403217792511,300,17.901681423187256,300,18.097681045532227,300,18.79680824279785,300,19.156322240829468,300,19.74775195121765,300,20.012545108795166,300,20.22473430633545,300,20.413484811782837,300,20.606618881225586,300,21.06407642364502,300,21.67670226097107,300,21.917239904403687,300,22.380715131759644,300,22.934313774108887,300,23.621830463409424,300,24.16740131378174,300,24.370986700057983,300,25.012211561203003,300,25.457518577575684,300,25.688791036605835,300,26.190979719161987,300,26.954729080200195,300,27.3511221408844,300,28.074781894683838,300,28.57583260536194,300,28.791597843170166,300,29.21128821372986,300,29.989863634109497,300,30.8077449798584,300,31.41736626625061,300,31.74463701248169,300,31.986933946609497,300,32.46838355064392,300,32.680238485336304,299,33.680734157562256,299,33.887409687042236,299,34.097681760787964,299,34.305192708969116,299,34.57091546058655,299,35.22915554046631,298,35.84528946876526,298,36.09430170059204,298,36.41318988800049,298,36.609368085861206,298,37.39837884902954,298,37.617589473724365,298,37.83320450782776,298,38.5429630279541,298,39.09074258804321,298,39.31608510017395,298,39.51922941207886,298,39.73647880554199,298,40.486202239990234,298,40.70000171661377,298,41.25904583930969,298,41.853647232055664,298,42.424765825271606,298,42.587817907333374,298,43.30359601974487,298,43.897014141082764,298,44.088340759277344,298,44.56780934333801,298,45.03779888153076,298,45.54864859580994,298,46.226152420043945,298,46.85267972946167,298,47.594482421875,298,47.89968967437744,298,48.09925866127014,298,48.29786705970764,298,48.96904754638672,298,49.254863262176514,298,50.01281404495239,298,50.212063789367676,298,50.48232460021973,298,50.68986105918884,298,50.87819838523865,298,51.40647578239441,298,51.60136961936951,298,51.83222556114197,298,52.033440589904785,298,52.37238526344299,298,52.55044484138489,298,52.75975227355957,298,53.04749011993408,298,53.32037043571472,298,53.51231408119202,298,54.120824575424194,298,54.57183814048767,298,55.214820861816406,298,55.82180166244507,298,56.069151639938354,298,56.29478120803833,298,56.511860609054565,298,56.996216773986816,298,57.2209689617157,298,57.698344469070435,298,58.13631558418274,298,59.14003586769104,298,59.31332850456238,298,59.51233768463135,298,59.827550649642944,298,60.0179340839386
7,random_graphs/triangle/r1.5k18n12/graph7.lgbin,4017,56.76399540901184,391,770,0,550,1.5484282970428467,479,2.619466543197632,430,3.7433903217315674,417,4.491790056228638,410,6.021554231643677,403,6.4067347049713135,399,7.160916328430176,396,7.430190563201904,394,8.367421388626099,394,8.93222951889038,394,9.4364755153656,394,9.61965274810791,394,10.431376218795776,394,11.734395742416382,394,11.9063560962677,394,12.215032815933228,394,13.095520496368408,394,14.028731107711792,394,15.566941499710083,394,16.279064178466797,394,16.94816255569458,394,17.170552492141724,394,17.400989532470703,394,18.19907808303833,394,19.024734020233154,394,19.523051500320435,394,19.72317385673523,393,20.081373691558838,392,20.40938448905945,392,21.248328924179077,392,22.42979383468628,392,22.886460781097412,392,23.934213876724243,392,24.180252075195312,392,24.70388126373291,392,25.338285446166992,392,25.803683519363403,392,26.495144844055176,392,27.92515540122986,392,28.16715145111084,392,28.6323561668396,392,29.568445920944214,392,30.238080978393555,392,30.72556233406067,392,31.82155442237854,392,32.762755393981934,392,33.45408630371094,392,34.236937046051025,391,35.31294226646423,391,36.74915266036987,391,37.20673084259033,391,38.109429597854614,391,39.04018521308899,391,39.57758617401123,391,40.51503086090088,391,41.038546323776245,391,41.41496801376343,391,41.72695803642273,391,42.93973636627197,391,43.37553954124451,391,44.008873462677,391,44.98106670379639,391,45.184011459350586,391,46.58212876319885,391,47.417272329330444,391,48.31740403175354,391,49.24929094314575,391,49.95607566833496,391,51.111119508743286,391,51.67286562919617,391,52.619531869888306,391,53.998138427734375,391,54.911978244781494,391,55.82207012176514,391,56.33241271972656,391,56.87079334259033,391,58.15178418159485,391,59.60219669342041,391,60.062150955200195
8,random_graphs/triangle/r1.5k18n12/graph8.lgbin,4017,55.31944823265076,281,623,0,434,2.9405806064605713,381,3.5063958168029785,342,6.371544361114502,336,7.396282196044922,329,7.89867639541626,329,8.183325290679932,328,8.950908899307251,326,9.495552062988281,325,10.753340482711792,319,11.052835702896118,309,11.376696586608887,306,11.60706090927124,302,12.097521305084229,301,12.962021112442017,300,13.642143726348877,299,15.389299154281616,297,15.914029836654663,297,16.48584008216858,297,16.71402668952942,296,16.988364696502686,296,17.700138807296753,296,17.90843629837036,294,18.572707653045654,294,18.820441246032715,293,19.363696098327637,293,19.587275743484497,290,19.80471158027649,290,20.05606961250305,285,20.91644811630249,285,21.381710290908813,285,21.640551805496216,284,22.217039346694946,284,23.176888704299927,284,24.098612785339355,284,25.034764051437378,284,25.283654928207397,284,25.48723530769348,284,25.73971152305603,284,26.031123399734497,284,27.520357608795166,284,28.275460720062256,284,28.50395441055298,284,29.093111038208008,284,29.43043279647827,284,29.635598182678223,284,30.19258952140808,284,30.38621711730957,284,30.616941213607788,284,30.897613286972046,284,31.50738787651062,284,31.77587628364563,284,31.99885845184326,284,32.82836699485779,284,33.04521346092224,284,33.28587102890015,284,33.97147727012634,284,34.55715894699097,284,34.853206157684326,284,35.11585521697998,284,35.427146673202515,284,36.21991562843323,284,36.39492583274841,284,37.15900540351868,284,37.3682758808136,284,38.20074248313904,284,38.74166488647461,284,39.74401068687439,284,40.74650740623474,284,40.97452974319458,284,41.524330139160156,284,43.25616455078125,284,44.666844844818115,284,45.33245491981506,284,45.83395075798035,284,46.1748993396759,284,46.89733266830444,284,47.57729530334473,284,48.133198499679565,284,48.723479986190796,284,49.907591581344604,284,50.10613679885864,284,50.676936626434326,284,51.3301796913147,284,51.55917477607727,284,51.76095485687256,284,51.986863136291504,284,52.56945824623108,284,52.74970817565918,282,53.29793643951416,282,53.805307388305664,282,54.471795320510864,282,54.97675633430481,281,55.44131779670715,281,56.45291757583618,281,56.69121170043945,281,56.901636838912964,281,57.09552788734436,281,57.29235768318176,281,57.48833179473877,281,57.688432693481445,281,58.46429967880249,281,58.68688178062439,281,58.893415451049805,281,59.95942234992981,281,60.050312757492065
9,random_graphs/triangle/r1.5k18n12/graph9.lgbin,4017,53.70833206176758,321,679,0,462,1.013993263244629,416,4.532142400741577,389,5.051079750061035,360,6.335841655731201,358,7.722256898880005,348,8.258929252624512,339,8.589021444320679,331,9.08063292503357,328,9.602977514266968,322,9.87336540222168,321,10.194801568984985,321,10.640836954116821,321,10.834322929382324,321,11.01836609840393,321,11.5324547290802,321,11.722930669784546,321,12.01424503326416,321,12.529961585998535,321,13.082407236099243,321,13.386041402816772,321,13.75115418434143,321,14.057999610900879,321,14.951662063598633,321,15.240403175354004,321,15.549863815307617,321,16.068056106567383,321,16.390318632125854,321,16.59444284439087,321,16.811875820159912,321,17.047816038131714,321,17.338775396347046,321,17.707538604736328,321,18.229620456695557,321,19.16827940940857,321,19.639216899871826,321,20.16972327232361,321,20.396645069122314,321,20.839528560638428,321,21.174827098846436,321,21.48966360092163,321,21.860219478607178,321,22.16123127937317,321,22.45593237876892,321,23.06804633140564,321,23.321853399276733,321,23.606046438217163,321,23.991323232650757,321,24.554206132888794,321,24.84046220779419,321,25.044750452041626,321,25.31407594680786,321,25.61242151260376,321,26.092363834381104,321,26.412267446517944,321,26.603358268737793,321,26.903302907943726,321,27.444826364517212,321,27.624929189682007,321,28.277167797088623,321,28.802456378936768,321,29.15645480155945,321,29.49653172492981,321,29.725473642349243,321,29.980007886886597,321,30.30139183998108,321,30.5250563621521,321,30.837425470352173,321,31.128884077072144,321,31.80112862586975,321,32.04103636741638,321,32.54944944381714,321,33.132543087005615,321,33.3921422958374,321,33.68164873123169,321,34.20272755622864,321,34.62225914001465,321,34.83474922180176,321,35.16968512535095,321,35.45644283294678,321,35.866920948028564,321,36.39513564109802,321,36.90984749794006,321,37.36331605911255,321,37.86194729804993,321,38.224982500076294,321,38.58173751831055,321,38.81880569458008,321,39.16719198226929,321,39.449442863464355,321,39.66095805168152,321,40.05620241165161,321,40.385952949523926,321,40.69433069229126,321,40.98427987098694,321,41.582106828689575,321,42.12823557853699,321,42.433539152145386,321,42.65980386734009,321,42.843393087387085,321,43.086437702178955,321,43.486005544662476,321,44.19476056098938,321,44.72163939476013,321,44.9140682220459,321,45.12874889373779,321,45.66752076148987,321,46.07029843330383,321,46.643216609954834,321,47.02906036376953,321,47.59608817100525,321,48.7582688331604,321,48.98733448982239,321,49.26157331466675,321,49.72440481185913,321,50.332905530929565,321,51.19455862045288,321,51.92176342010498,321,52.26007914543152,321,52.69895005226135,321,53.03100609779358,321,53.65054273605347,321,53.969287395477295,321,54.708331823349,321,55.34735441207886,321,55.61468434333801,321,56.07171058654785,321,56.41758179664612,321,56.636314153671265,321,56.92728638648987,321,57.163660764694214,321,57.38235569000244,321,57.81167960166931,321,58.13183093070984,321,58.45551633834839,321,58.77699422836304,321,59.08090138435364,321,59.29682493209839,321,59.70439410209656,321,60.07641386985779
10,random_graphs/triangle/r1.5k18n12/graph10.lgbin,4017,55.401509284973145,323,693,0,506,2.666865587234497,430,9.822549104690552,386,10.384743452072144,371,10.823993682861328,342,11.277747392654419,334,11.614216566085815,328,11.848896026611328,328,12.384584426879883,328,12.689197063446045,328,12.970231533050537,327,13.571210622787476,325,14.046216249465942,325,14.569972276687622,325,15.060775756835938,325,15.58448076248169,325,15.753634929656982,325,16.057280778884888,324,16.295333862304688,324,16.80345392227173,324,17.08883833885193,323,17.71795392036438,323,17.933906316757202,323,18.232309103012085,323,18.68913221359253,323,19.21834421157837,323,19.919909238815308,323,20.170056104660034,323,20.771724224090576,323,21.386059284210205,323,22.065841913223267,323,22.355268001556396,323,22.83831000328064,323,23.502864122390747,323,23.7094144821167,323,23.97587513923645,323,24.432921171188354,323,24.616529941558838,323,25.20798087120056,323,25.807491779327393,323,26.368292570114136,323,26.982316970825195,323,27.618757963180542,323,28.084320068359375,323,28.374847650527954,323,28.919507265090942,323,29.099851846694946,323,29.69346284866333,323,30.14829158782959,323,30.336670637130737,323,30.81386137008667,323,31.386091232299805,323,31.71885895729065,323,32.288533449172974,323,32.75772953033447,323,33.21916651725769,323,33.73417067527771,323,34.284849882125854,323,35.2831609249115,323,35.50472974777222,323,35.72346568107605,323,36.224634647369385,323,36.84163522720337,323,37.43815541267395,323,37.98687148094177,323,38.500789165496826,323,38.68171739578247,323,38.8656165599823,323,39.37062931060791,323,39.93362379074097,323,40.15330219268799,323,40.69050645828247,323,41.11906671524048,323,41.66970252990723,323,42.38309955596924,323,42.64795231819153,323,42.95928192138672,323,43.4404571056366,323,43.78132486343384,323,44.129820823669434,323,44.338078022003174,323,44.7561411857605,323,45.349454402923584,323,46.14079666137695,323,46.689438581466675,323,46.86892509460449,323,47.68974828720093,323,48.4464635848999,323,49.01847696304321,323,49.57463574409485,323,50.037272691726685,323,50.4879846572876,323,50.727561950683594,323,50.9310405254364,323,51.50250267982483,323,52.29192614555359,323,52.91484069824219,323,53.39416289329529,323,54.09844899177551,323,54.637895822525024,323,55.20634913444519,323,55.66598415374756,323,56.23988580703735,323,56.5781364440918,323,57.15352392196655,323,57.545790910720825,323,58.41587042808533,323,58.91747498512268,323,59.72746300697327,323,60.06236243247986
11,random_graphs/triangle/r1.5k18n12/graph11.lgbin,4017,54.990478515625,273,640,0,477,0.532395601272583,377,10.473211288452148,363,13.031142234802246,320,13.562161684036255,316,13.958058834075928,313,14.735340595245361,311,15.320608854293823,309,16.27631974220276,303,16.59285855293274,302,16.95332932472229,301,17.594310522079468,301,18.11441469192505,301,18.38904309272766,301,18.76129698753357,301,19.232885122299194,301,19.769874811172485,301,19.951406717300415,301,20.255337476730347,297,20.72221326828003,290,21.020659923553467,290,21.57218050956726,290,21.875477075576782,290,22.24009132385254,290,22.49930477142334,290,22.881031274795532,289,23.398613691329956,288,24.01990246772766,288,24.237524032592773,288,24.66533088684082,286,25.028260707855225,286,25.264818906784058,286,25.824281692504883,286,26.41989517211914,286,26.715651273727417,286,27.45068120956421,286,27.79806113243103,284,28.88329267501831,275,29.32374906539917,275,29.636577367782593,273,30.215377807617188,273,30.436720609664917,273,30.812461137771606,273,31.421164751052856,273,31.877138376235962,273,32.178950786590576,273,32.54868268966675,273,32.833500385284424,273,33.0488760471344,273,33.7546820640564,273,33.99975395202637,273,34.5430691242218,273,35.07129955291748,273,35.29486393928528,273,35.88263654708862,273,36.18769669532776,273,36.65763282775879,273,37.20790123939514,273,37.498762130737305,273,37.7081344127655,273,37.95675349235535,273,38.469226598739624,273,38.72885227203369,273,39.18875002861023,273,39.552239656448364,273,40.00928711891174,273,40.41431283950806,273,40.995469093322754,273,41.56712579727173,273,41.935096740722656,273,42.54693865776062,273,42.899250984191895,273,43.197041273117065,273,43.80018186569214,273,44.43681216239929,273,44.86208939552307,273,45.09251546859741,273,45.746296644210815,273,46.09602975845337,273,46.39128041267395,273,46.88348126411438,273,47.18119478225708,273,47.49011206626892,273,48.07174873352051,273,48.34101700782776,273,48.60602021217346,273,49.09233522415161,273,49.575852155685425,273,49.89563345909119,273,50.18977952003479,273,50.75661611557007,273,51.34763765335083,273,51.860294580459595,273,52.21624946594238,273,52.87805962562561,273,53.34468865394592,273,53.53922915458679,273,53.81338095664978,273,54.24580121040344,273,54.69613790512085,273,55.02547526359558,273,55.331862688064575,273,55.673094272613525,273,56.131327867507935,273,56.610641956329346,273,56.91470766067505,273,57.19605994224548,273,57.517884254455566,273,57.81735634803772,273,59.35271620750427,273,59.95449900627136,273,60.051286458969116
12,random_graphs/triangle/r1.5k18n12/graph12.lgbin,4017,54.431172609329224,268,594,0,404,0.39887046813964844,374,0.9118251800537109,360,2.7931456565856934,338,3.8193442821502686,311,4.878431081771851,293,5.514530181884766,289,5.7741453647613525,288,6.386565446853638,285,6.929615497589111,285,7.434726715087891,285,7.894269227981567,283,8.359955787658691,283,8.60866928100586,283,9.159311771392822,283,9.387030601501465,283,9.642616987228394,283,10.280507564544678,283,10.803131818771362,283,11.456002712249756,283,12.021531343460083,283,12.715637922286987,283,13.11203670501709,283,13.314349174499512,283,13.51045823097229,283,14.082122087478638,283,14.79632830619812,283,15.296995639801025,283,15.81408143043518,281,16.40616488456726,281,17.239173889160156,281,18.00826144218445,281,18.92508864402771,281,19.631344079971313,279,20.88997769355774,279,21.09481167793274,278,21.766592264175415,275,22.307416439056396,272,23.065718412399292,269,23.649933576583862,268,23.928381204605103,268,24.15019655227661,268,24.63085627555847,268,25.17403483390808,268,25.698877096176147,268,25.86427640914917,268,26.11495304107666,268,26.734657049179077,268,26.936173677444458,268,27.52272343635559,268,27.691113233566284,268,27.87077784538269,268,28.378902673721313,268,28.585874319076538,268,29.10966920852661,268,30.14196538925171,268,30.327703952789307,268,30.792800188064575,268,31.328018188476562,268,31.9240562915802,268,32.393051624298096,268,32.76225161552429,268,32.96617388725281,268,33.474846839904785,268,33.669854402542114,268,33.94853138923645,268,34.16424560546875,268,34.38168287277222,268,35.102877378463745,268,35.670470237731934,268,36.41690707206726,268,36.60043787956238,268,36.88333058357239,268,37.06369161605835,268,37.33366417884827,268,37.95516347885132,268,38.20406627655029,268,38.93167161941528,268,39.12847828865051,268,39.63982319831848,268,39.804768800735474,268,40.336172580718994,268,40.50709795951843,268,41.03172779083252,268,41.62199544906616,268,41.78677988052368,268,41.99806022644043,268,42.51467227935791,268,42.68345761299133,268,42.86294460296631,268,43.39845418930054,268,44.04794526100159,268,44.23490619659424,268,44.42648935317993,268,45.089547872543335,268,45.669095277786255,268,46.7527072429657,268,46.950883626937866,268,47.13367414474487,268,47.64873147010803,268,48.20616006851196,268,48.762086391448975,268,48.93785834312439,268,49.46711492538452,268,49.65328025817871,268,49.97064280509949,268,50.23931121826172,268,50.7338981628418,268,50.89425802230835,268,51.10899090766907,268,51.281923055648804,268,51.76005458831787,268,51.97300720214844,268,52.25289988517761,268,52.972172021865845,268,53.243704080581665,268,53.85702705383301,268,54.39305782318115,268,54.98666954040527,268,55.18519830703735,268,55.738282680511475,268,56.056533336639404,268,56.22061777114868,268,56.57484030723572,268,56.853885889053345,268,57.06917190551758,268,57.57265067100525,268,57.78562903404236,268,58.221766233444214,268,58.756946325302124,268,59.24811267852783,268,59.49345350265503,268,59.83647894859314,268,60.0475378036499
13,random_graphs/triangle/r1.5k18n12/graph13.lgbin,4017,55.0812668800354,283,589,0,389,0.6862764358520508,339,1.6948931217193604,318,2.2319467067718506,309,3.5498931407928467,300,4.477563858032227,299,5.067625284194946,296,6.006232261657715,296,7.141382694244385,296,7.356695890426636,296,7.623056888580322,296,8.329795360565186,293,10.342731714248657,288,10.613462209701538,288,10.820145606994629,284,11.769165754318237,283,12.298336505889893,283,12.574908256530762,283,13.033392190933228,283,13.89820408821106,283,14.722912549972534,283,14.907144546508789,283,15.16960620880127,283,15.666807889938354,283,16.186719179153442,283,17.369688272476196,283,18.276663303375244,283,18.84115958213806,283,19.48223614692688,283,20.206618547439575,283,20.848167657852173,283,21.59720540046692,283,21.775437355041504,283,21.97049069404602,283,22.46106266975403,283,22.981075525283813,283,23.243358612060547,283,23.564513206481934,283,24.66258931159973,283,25.13363003730774,283,25.387378454208374,283,26.034514665603638,283,26.18772530555725,283,26.373369455337524,283,26.914574146270752,283,27.15669870376587,283,27.38438868522644,283,27.92615556716919,283,28.657888412475586,283,29.534278869628906,283,30.37628674507141,283,30.90761375427246,283,31.40220332145691,283,32.0618155002594,283,32.54229712486267,283,32.7642388343811,283,33.26775002479553,283,33.54810309410095,283,34.262508153915405,283,34.85913443565369,283,35.58852791786194,283,35.804553508758545,283,36.785085916519165,283,36.98970437049866,283,38.23889422416687,283,38.46881127357483,283,38.665481090545654,283,38.99870705604553,283,39.51198101043701,283,40.30268931388855,283,41.12710475921631,283,41.42474031448364,283,41.96313238143921,283,42.16966652870178,283,42.50188708305359,283,42.874871253967285,283,43.18414330482483,283,44.029461145401,283,44.28625845909119,283,44.50234508514404,283,44.74465012550354,283,45.124284505844116,283,45.415332078933716,283,45.5982711315155,283,46.39040446281433,283,47.146058797836304,283,47.60687279701233,283,48.10967803001404,283,48.57902407646179,283,49.566545724868774,283,50.152424335479736,283,50.48891282081604,283,50.68859338760376,283,50.919689416885376,283,52.061230182647705,283,52.5429904460907,283,52.89554810523987,283,53.17335033416748,283,54.38483428955078,283,54.630249977111816,283,54.95385813713074,283,55.2631516456604,283,55.84635305404663,283,56.137186765670776,283,56.33532452583313,283,56.90859079360962,283,57.769692182540894,283,58.24970293045044,283,58.5537588596344,283,59.70101022720337,283,59.96131610870361,283,60.04708433151245
14,random_graphs/triangle/r1.5k18n12/graph14.lgbin,4017,56.36303520202637,267,607,0,422,2.7566893100738525,373,4.31223201751709,348,5.816346883773804,316,7.0355730056762695,306,7.773157119750977,303,8.908295631408691,302,10.055938243865967,282,10.98425030708313,275,11.491805076599121,272,12.09766697883606,271,12.99550986289978,271,13.844246625900269,271,14.842031955718994,271,15.093024253845215,271,15.865190744400024,271,16.694422483444214,271,17.740081310272217,271,18.471035480499268,271,19.271722078323364,271,19.561214685440063,271,20.223755598068237,271,20.41607904434204,271,21.262444496154785,271,21.72244119644165,271,22.226074695587158,271,23.118167877197266,271,23.31744694709778,271,23.943092346191406,271,25.02483630180359,271,25.421976327896118,271,26.0966899394989,271,26.47835111618042,270,27.129271984100342,270,27.35160994529724,270,27.58692693710327,270,28.066396713256836,270,28.785762786865234,270,29.0307514667511,268,29.32430076599121,267,30.381361722946167,267,31.262699365615845,267,31.470154285430908,267,32.256264209747314,267,32.47791790962219,267,32.797051429748535,267,33.594547271728516,267,34.48926329612732,267,34.79500222206116,267,35.14565873146057,267,35.74076700210571,267,36.42902421951294,267,36.61162877082825,267,36.88282299041748,267,37.5137825012207,267,38.11374878883362,267,38.42612099647522,267,38.66119194030762,267,39.54727554321289,267,40.24855399131775,267,40.499499797821045,267,41.59546995162964,267,42.37932205200195,267,42.98987364768982,267,43.34472703933716,267,43.816290616989136,267,44.225568771362305,267,45.29016900062561,267,45.88550543785095,267,46.187642335891724,267,47.03200888633728,267,47.23427128791809,267,47.795658826828,267,48.037070512771606,267,48.97926425933838,267,49.782180309295654,267,50.08567929267883,267,50.38751459121704,267,50.87393093109131,267,51.73359727859497,267,51.984670639038086,267,52.76027321815491,267,55.23228144645691,267,56.020439863204956,267,56.3039186000824,267,56.94254207611084,267,57.15437936782837,267,58.12985587120056,267,59.227498292922974,267,60.17541193962097
15,random_graphs/triangle/r1.5k18n12/graph15.lgbin,4017,54.737162351608276,272,669,0,462,1.9831256866455078,396,4.6576316356658936,344,6.358051776885986,321,7.45587158203125,312,8.18215823173523,304,9.078706502914429,303,9.772315740585327,301,10.372586488723755,296,11.027722358703613,289,11.782417297363281,289,12.000025510787964,289,12.870830059051514,289,14.046481847763062,289,15.244718551635742,289,15.997480630874634,282,16.26464056968689,280,17.024431705474854,278,18.02467393875122,278,19.12837505340576,278,19.340489864349365,278,19.650676012039185,278,19.897560358047485,278,20.13116145133972,278,20.730196952819824,278,20.939327001571655,278,21.822070598602295,278,22.00892210006714,278,22.774845361709595,278,22.974353551864624,278,23.31615400314331,278,23.83912205696106,278,24.663801193237305,278,25.314573526382446,278,25.51188015937805,278,25.709777116775513,278,25.945751428604126,278,26.727877855300903,278,26.949030876159668,278,27.504953145980835,278,27.79246234893799,278,28.45061469078064,278,29.02743911743164,278,29.24243998527527,278,29.442095518112183,278,29.694900035858154,274,30.69789457321167,273,31.24863600730896,273,31.461732625961304,273,31.676422595977783,273,31.96307396888733,273,32.65910601615906,273,33.212599754333496,273,33.42032861709595,273,33.96787476539612,273,34.47305202484131,273,34.655285596847534,273,34.880399227142334,273,35.10156202316284,273,35.4416708946228,273,36.13210582733154,273,36.72031378746033,273,36.99317193031311,273,37.351988315582275,273,38.21253299713135,273,38.87598013877869,273,39.11766505241394,273,39.88635325431824,273,40.084020376205444,273,40.84786295890808,273,41.453553676605225,273,41.991992473602295,273,42.18474817276001,273,42.365185499191284,273,42.92375612258911,273,43.11659288406372,273,43.716012477874756,273,43.91550898551941,273,44.10243344306946,273,44.61896085739136,273,44.83594536781311,273,45.1812698841095,273,45.42433547973633,273,46.135274171829224,273,47.04401683807373,273,47.62957549095154,273,47.84907341003418,273,48.44113564491272,273,49.34007906913757,273,49.56860637664795,273,49.96357274055481,273,50.6505913734436,273,50.8288357257843,273,51.0234591960907,273,51.630244731903076,273,51.90864014625549,273,52.11314129829407,273,53.04033088684082,273,53.28636646270752,273,53.49722099304199,273,53.788403034210205,273,54.32362413406372,273,54.58815932273865,273,55.25030303001404,273,55.52964782714844,273,55.78009486198425,272,57.06366539001465,272,57.664647817611694,272,57.89880681037903,272,58.13557958602905,272,58.34059381484985,272,58.54556941986084,272,58.77185368537903,272,59.127676486968994,272,59.36913204193115,272,59.56472706794739,272,59.742663860321045,272,60.05302309989929
16,random_graphs/triangle/r1.5k18n12/graph16.lgbin,4017,54.66090178489685,254,645,0,440,0.806410551071167,363,1.894606590270996,294,2.277215003967285,282,2.951519727706909,267,3.5860400199890137,259,4.334060192108154,259,4.953014850616455,258,5.206049919128418,258,5.715191841125488,258,6.2826128005981445,258,6.5396339893341064,258,7.273082256317139,258,7.544335842132568,257,8.094488143920898,257,8.686742067337036,257,8.967464685440063,257,9.603204250335693,257,9.780571460723877,257,10.30430555343628,257,10.897490501403809,257,11.44106936454773,257,12.015836477279663,257,12.628659963607788,257,12.826184749603271,257,13.355800151824951,257,13.970072507858276,257,14.179402112960815,257,14.686267375946045,257,15.292558908462524,257,15.793077945709229,257,16.290032863616943,257,16.795318841934204,257,17.45606255531311,257,17.748883485794067,257,18.398216009140015,257,18.884772539138794,257,19.460781812667847,257,20.024364233016968,257,20.211681842803955,257,20.6434485912323,255,20.938660621643066,255,21.42203712463379,255,21.949982166290283,255,22.451788425445557,255,22.973402976989746,255,23.160338878631592,255,23.397491693496704,255,23.66256856918335,255,24.402984857559204,255,24.928682327270508,255,25.38603711128235,255,25.905476093292236,255,26.558101177215576,255,26.75383162498474,255,27.380138397216797,255,27.8956139087677,255,28.484664916992188,255,28.73964500427246,255,29.262712955474854,255,29.72238063812256,255,30.35964608192444,255,31.10723304748535,255,31.754653692245483,255,32.34384799003601,255,32.65119242668152,255,33.410670042037964,255,33.68932604789734,255,34.157289266586304,255,34.679420709609985,255,35.43193244934082,255,35.631020069122314,255,36.401647329330444,255,37.014697790145874,255,37.3355495929718,255,37.86810255050659,255,38.36614441871643,255,38.961445569992065,254,39.44030284881592,254,39.62753987312317,254,40.199018716812134,254,40.778130769729614,254,41.30388569831848,254,41.84116840362549,254,42.02736711502075,254,42.33732271194458,254,42.9161262512207,254,43.63301181793213,254,44.314308166503906,254,44.85349678993225,254,45.60620069503784,254,46.12471866607666,254,46.96367907524109,254,47.55471706390381,254,48.249762296676636,254,48.80751180648804,254,49.305575370788574,254,49.864306688308716,254,50.43809723854065,254,50.623404026031494,254,51.44302845001221,254,51.950668811798096,254,52.48380470275879,254,53.30415320396423,254,53.8077597618103,254,54.03998613357544,254,54.606398820877075,254,55.14184355735779,254,55.69959759712219,254,56.3793158531189,254,56.94715619087219,254,57.52202892303467,254,58.38753294944763,254,59.36137294769287,254,59.95129609107971,254,60.052825927734375
17,random_graphs/triangle/r1.5k18n12/graph17.lgbin,4017,55.05824851989746,341,672,0,550,3.157320737838745,478,4.515059232711792,468,5.4467175006866455,442,7.472031831741333,438,9.143094539642334,427,11.908860921859741,407,12.631098508834839,399,13.143930673599243,390,13.8272225856781,375,14.319698810577393,373,14.987819910049438,371,15.816171646118164,371,16.060376167297363,371,16.427449941635132,369,17.159114837646484,369,17.62384819984436,346,18.46636390686035,343,18.944469928741455,343,19.386202812194824,343,19.610777854919434,343,19.814314126968384,341,20.21644902229309,341,20.546579837799072,341,20.919397830963135,341,21.64846158027649,341,21.84478735923767,341,22.197105407714844,341,22.808319568634033,341,23.03683066368103,341,23.314018964767456,341,24.22487211227417,341,24.848137617111206,341,25.145201683044434,341,25.684149265289307,341,26.001161575317383,341,26.277419567108154,341,26.568256616592407,341,26.923410892486572,341,27.246843338012695,341,28.21707558631897,341,28.54988932609558,341,29.13722801208496,341,30.047119855880737,341,31.814270973205566,341,32.60240697860718,341,33.44181847572327,341,33.88206648826599,341,34.1342716217041,341,34.39909601211548,341,34.667736768722534,341,34.903982400894165,341,35.16562819480896,341,35.420140981674194,341,35.73058605194092,341,35.99479365348816,341,36.27984666824341,341,37.25276494026184,341,38.085933685302734,341,38.988847494125366,341,39.46196794509888,341,39.71654558181763,341,39.92103862762451,341,40.16832900047302,341,40.409568786621094,341,40.70249080657959,341,40.988319873809814,341,41.29939031600952,341,42.30940389633179,341,43.62323522567749,341,43.86824107170105,341,44.13206720352173,341,44.350255727767944,341,44.70369243621826,341,44.99632740020752,341,45.55346465110779,341,45.768916606903076,341,46.282604932785034,341,46.554826498031616,341,46.75126624107361,341,46.96967887878418,341,47.74561834335327,341,48.03266644477844,341,48.34550333023071,341,48.694748401641846,341,49.246474504470825,341,49.539318561553955,341,49.98073959350586,341,50.35296106338501,341,50.913275957107544,341,51.19746732711792,341,51.766053915023804,341,52.09906077384949,341,52.332820653915405,341,52.64774775505066,341,52.921714067459106,341,53.25645136833191,341,53.481624603271484,341,53.74457907676697,341,53.95902442932129,341,54.252177715301514,341,54.767895221710205,341,55.07059073448181,341,55.81421422958374,341,56.519367933273315,341,56.75623822212219,341,56.975998640060425,341,57.43598508834839,341,57.73102355003357,341,58.06809878349304,341,58.402586460113525,341,58.796242475509644,341,59.18068337440491,341,59.43227696418762,341,59.73053789138794,341,60.06609559059143
18,random_graphs/triangle/r1.5k18n12/graph18.lgbin,4017,57.63092827796936,339,705,0,501,2.6972289085388184,446,6.512195110321045,391,7.407850027084351,373,11.243829727172852,356,12.058836698532104,356,12.763658285140991,356,13.381826877593994,352,14.391526222229004,345,15.631414413452148,344,16.60150909423828,344,17.32989192008972,344,17.53492546081543,344,18.55119824409485,344,19.880167961120605,344,21.038519382476807,344,21.339144229888916,341,21.99048089981079,340,24.55464196205139,339,25.566988229751587,339,26.29800796508789,339,26.914129734039307,339,28.118520259857178,339,28.50048518180847,339,29.166301250457764,339,30.115471839904785,339,31.34513258934021,339,32.265228509902954,339,33.20439529418945,339,33.76574754714966,339,38.43327713012695,339,39.442848205566406,339,40.25669884681702,339,40.91594171524048,339,41.63685941696167,339,41.90005970001221,339,42.447134256362915,339,43.387736082077026,339,43.97435402870178,339,44.94488000869751,339,46.02069044113159,339,47.236777782440186,339,48.02563142776489,339,48.9698441028595,339,50.84463667869568,339,52.073620319366455,339,52.63139724731445,339,53.331390619277954,339,54.18285608291626,339,54.51601481437683,339,55.816593170166016,339,56.92126750946045,339,57.317014932632446,339,58.37920618057251,339,60.053327560424805
19,random_graphs/triangle/r1.5k18n12/graph19.lgbin,4017,58.01843047142029,297,641,0,457,3.620847463607788,410,4.275641441345215,331,4.970787286758423,324,6.0115320682525635,309,8.801236152648926,302,9.620685815811157,301,10.405328512191772,300,11.056498050689697,300,11.70950198173523,300,13.475751876831055,300,14.053407669067383,300,14.960358381271362,300,15.794301748275757,300,16.68438410758972,300,17.919720888137817,300,18.602418184280396,299,18.922722339630127,299,21.69642734527588,299,22.77575373649597,299,23.750792026519775,299,24.402472496032715,299,25.423619747161865,299,26.279510736465454,299,26.867952346801758,299,27.54974627494812,299,28.486743450164795,299,30.197730541229248,299,31.770181894302368,299,32.45072603225708,299,36.21532082557678,299,36.972670793533325,299,38.08517146110535,299,39.722172021865845,299,40.68860673904419,299,41.6061646938324,299,46.22150015830994,299,47.17830729484558,299,47.95081925392151,299,48.56934309005737,299,50.276726961135864,299,51.19552040100098,298,52.875040769577026,298,55.786036252975464,298,56.84548592567444,297,57.97682476043701,297,59.70666718482971,297,60.087268114089966
