Index,File,CVcalc,OptTime,CrFinal,Cr1,T1,Cr2,T2...
0,random_graphs/triangle/r1.5k24n16/graph0.lgbin,1438,41.87805986404419,944,1739,0,1656,0.3902156352996826,1561,0.7395930290222168,1506,1.071847677230835,1475,1.4149808883666992,1413,1.963634967803955,1361,2.594688892364502,1353,3.0788230895996094,1257,3.378331422805786,1170,3.698288679122925,1131,4.017966270446777,1091,4.380913257598877,1090,4.716548919677734,1090,5.0278003215789795,1090,5.264933347702026,1065,5.573486089706421,1045,6.229754447937012,1044,6.576359033584595,1040,6.878526210784912,1012,7.221017122268677,1002,7.5248847007751465,1002,7.9951887130737305,992,8.306501865386963,992,8.59549069404602,989,8.952875852584839,984,9.263823509216309,984,9.532755136489868,984,9.802706480026245,984,10.065401315689087,982,10.356201171875,982,10.614510774612427,964,10.976535320281982,964,11.270015716552734,963,11.711952447891235,963,12.139591455459595,963,12.367710828781128,963,12.829582691192627,961,13.168440341949463,960,13.724890947341919,960,14.0141761302948,959,14.32631540298462,959,14.617608785629272,958,14.889169692993164,957,15.194535732269287,957,15.530663967132568,957,15.79721474647522,956,16.124489784240723,956,16.3728609085083,956,16.77706789970398,956,17.235766887664795,956,17.521541118621826,956,17.808480739593506,956,18.160465955734253,954,18.43189024925232,954,18.707488536834717,954,19.007265329360962,954,19.309558629989624,945,19.620951890945435,945,19.908546924591064,945,20.343305826187134,945,20.812820196151733,945,21.081483364105225,945,21.38388681411743,945,21.6954402923584,945,22.11240291595459,945,22.364307641983032,945,22.616609573364258,945,22.874054193496704,945,23.169806480407715,945,23.49824857711792,945,23.749387741088867,945,24.199971914291382,945,24.45174479484558,945,24.727936506271362,945,24.984095335006714,945,25.261784076690674,945,25.493053436279297,945,25.815919160842896,945,26.065586805343628,945,26.357802152633667,945,26.615079164505005,945,27.039004802703857,945,27.285884857177734,945,27.546595096588135,945,27.823668479919434,945,28.24514865875244,945,28.574520111083984,945,28.866968154907227,945,29.278874397277832,945,29.530134916305542,945,29.808991193771362,945,30.107925176620483,945,30.397801637649536,945,30.676650762557983,945,31.010918378829956,945,31.44480323791504,945,31.709243774414062,945,31.967820167541504,945,32.24106168746948,945,32.52847981452942,945,32.81315231323242,945,33.17622375488281,945,33.61362290382385,945,33.89147472381592,945,34.18480348587036,945,34.438053607940674,945,34.71073818206787,945,34.995808601379395,945,35.33058571815491,945,35.596421241760254,945,35.84837555885315,945,36.28494715690613,945,36.599846839904785,945,36.84598517417908,945,37.12714743614197,945,37.44126796722412,945,37.722830057144165,945,38.072410583496094,945,38.344688177108765,945,38.59216785430908,945,39.03758931159973,945,39.5103919506073,945,39.79240679740906,945,40.09783148765564,945,40.395970821380615,945,40.75382351875305,945,41.0265109539032,945,41.4681396484375,945,41.909838914871216,945,42.19213318824768,945,42.49820399284363,945,42.790804624557495,945,43.14457869529724,945,43.417036294937134,945,43.750725507736206,945,44.18669819831848,945,44.64322328567505,945,44.93651843070984,945,45.22402095794678,945,45.50903272628784,945,45.814330101013184,945,46.158395767211914,945,46.43443036079407,945,46.87638068199158,945,47.174793004989624,945,47.46036100387573,945,47.74693322181702,945,48.206586599349976,945,48.47610569000244,945,48.837064027786255,945,49.11633849143982,945,49.415010929107666,945,49.699052810668945,945,49.97317337989807,944,50.27380728721619,944,50.542415142059326,944,50.89782953262329,944,51.171881914138794,944,51.61632513999939,944,52.066720724105835,944,52.36938190460205,944,52.698466062545776,944,53.136815547943115,944,53.410473585128784,944,53.827385663986206,944,54.124138832092285,944,54.39867806434631,944,54.73620367050171,944,54.99132204055786,944,55.254180669784546,944,55.535993814468384,944,55.81457996368408,944,56.07864332199097,944,56.40685057640076,944,56.66600012779236,944,56.93731927871704,944,57.193955421447754,944,57.50137972831726,944,57.771886348724365,944,58.120564699172974,944,58.38494801521301,944,58.6864058971405,944,58.97700786590576,944,59.262640714645386,944,59.60882019996643,944,60.06173539161682
1,random_graphs/triangle/r1.5k24n16/graph1.lgbin,1438,40.50727200508118,829,1622,0,1557,0.26003217697143555,1509,0.5894262790679932,1446,2.2805655002593994,1427,2.6096789836883545,1366,3.06502628326416,1311,3.6581826210021973,1208,3.979929208755493,1174,4.303217887878418,1094,4.613207578659058,1087,5.386194467544556,1059,5.6788294315338135,964,6.01181697845459,964,6.269789695739746,964,6.539551258087158,962,6.77264666557312,962,7.089954376220703,957,7.443545341491699,945,7.733095169067383,927,8.025666236877441,911,8.304215669631958,906,8.608958959579468,903,8.959793090820312,902,9.183856725692749,898,9.490697622299194,898,9.73868441581726,898,10.012292385101318,898,10.260999202728271,898,10.514559507369995,896,10.831310033798218,896,11.064786911010742,894,11.311167001724243,891,11.604278802871704,879,11.936623811721802,879,12.217737674713135,879,12.451478242874146,875,12.755762815475464,875,12.97426986694336,873,13.276298761367798,873,13.511554718017578,873,13.836872816085815,873,14.10727596282959,873,14.36150050163269,873,14.683469533920288,872,14.985825061798096,872,15.230165719985962,872,15.517187118530273,872,15.749701261520386,872,15.987334728240967,872,16.3118679523468,872,16.56524634361267,865,16.86864924430847,861,17.255592584609985,861,17.582451105117798,861,17.86553430557251,844,18.14454984664917,842,18.419149160385132,842,18.658104181289673,842,18.93308687210083,836,19.244535446166992,836,19.49013590812683,836,19.809789419174194,836,20.069775819778442,836,20.349029541015625,836,20.6722731590271,835,20.944663763046265,835,21.184303760528564,834,21.469144821166992,834,21.70973491668701,834,21.981462955474854,834,22.30526041984558,834,22.56466817855835,834,22.894938230514526,834,23.177776098251343,834,23.43072772026062,834,23.659539937973022,834,23.886948108673096,834,24.14317297935486,829,24.42567229270935,829,24.6774320602417,829,25.00100612640381,829,25.27541494369507,829,25.587963342666626,829,25.83988928794861,829,26.08955216407776,829,26.318697690963745,829,26.584668397903442,829,26.837017059326172,829,27.151689767837524,829,27.39753007888794,829,27.71830415725708,829,28.04295516014099,829,28.496233701705933,829,28.763309240341187,829,29.00040292739868,829,29.236758708953857,829,29.51598024368286,829,29.77041006088257,829,30.0962336063385,829,30.420778512954712,829,30.675530195236206,829,30.94354009628296,829,31.18149161338806,829,31.425541877746582,829,31.692363739013672,829,32.00872802734375,829,32.313979625701904,829,32.797062158584595,829,33.045734882354736,829,33.29081845283508,829,33.52862310409546,829,33.779542207717896,829,34.04825448989868,829,34.36910319328308,829,34.67934799194336,829,34.923832654953,829,35.15070652961731,829,35.3779661655426,829,35.837055921554565,829,36.15098810195923,829,36.38956379890442,829,36.6289176940918,829,36.889445543289185,829,37.11547899246216,829,37.33109998703003,829,37.59095239639282,829,37.83962082862854,829,38.09178805351257,829,38.303706645965576,829,38.54346418380737,829,38.77524256706238,829,39.09304642677307,829,39.317070960998535,829,39.57849931716919,829,39.851205587387085,829,40.09875750541687,829,40.3463978767395,829,40.56156945228577,829,40.80128192901611,829,41.11601543426514,829,41.42999219894409,829,41.670254707336426,829,41.91132974624634,829,42.18318748474121,829,42.42783522605896,829,42.6791615486145,829,42.919357776641846,829,43.2274911403656,829,43.553438901901245,829,43.82780861854553,829,44.06230306625366,829,44.31003928184509,829,44.57039737701416,829,44.89136219024658,829,45.21135640144348,829,45.49000883102417,829,45.720032691955566,829,45.945082664489746,829,46.1891725063324,829,46.50170421600342,829,46.818254232406616,829,47.08251190185547,829,47.298436880111694,829,47.54582118988037,829,47.855684995651245,829,48.166187047958374,829,48.40526866912842,829,48.67569613456726,829,48.91654634475708,829,49.161542654037476,829,49.47287440299988,829,49.790764570236206,829,50.05715537071228,829,50.501341342926025,829,50.72738337516785,829,50.96877384185791,829,51.19552445411682,829,51.510430574417114,829,51.8263156414032,829,52.1232385635376,829,52.38492298126221,829,52.61865282058716,829,52.85985803604126,829,53.108524322509766,829,53.42897653579712,829,53.741018533706665,829,53.97792601585388,829,54.203094244003296,829,54.65420889854431,829,54.966546297073364,829,55.276992082595825,829,55.54493021965027,829,55.78523898124695,829,56.01821279525757,829,56.27014756202698,829,56.50520443916321,829,56.82877063751221,829,57.14306449890137,829,57.38418698310852,829,57.61844205856323,829,57.93994212150574,829,58.158292055130005,829,58.38698959350586,829,58.603654623031616,829,58.84026384353638,829,59.089417457580566,829,59.32914113998413,829,59.649792194366455,829,60.09839725494385
2,random_graphs/triangle/r1.5k24n16/graph2.lgbin,1438,43.761911392211914,855,1672,0,1614,0.6729567050933838,1521,1.0212903022766113,1440,1.2815680503845215,1399,1.5635192394256592,1340,1.8661994934082031,1293,2.189661741256714,1226,2.851357936859131,1170,4.234216213226318,1122,4.655280590057373,1083,4.943114280700684,1062,5.220550060272217,1062,5.490454196929932,1061,6.005119323730469,1035,6.263153314590454,1034,6.666541814804077,1023,6.9442877769470215,991,7.290557384490967,985,7.5628297328948975,976,7.8828675746917725,974,8.167672634124756,962,8.883051633834839,962,9.54324722290039,934,9.884888172149658,934,10.14198613166809,931,10.39979362487793,928,10.73129415512085,916,10.973153352737427,914,11.272866249084473,912,11.553189039230347,912,11.79236888885498,912,12.026759624481201,905,12.380734205245972,905,12.846381425857544,903,13.128527879714966,903,13.384583234786987,903,13.807391166687012,903,14.451623916625977,903,14.68969440460205,903,15.169189214706421,903,15.42911148071289,903,15.704173564910889,901,16.00413203239441,900,16.274521350860596,895,16.586286544799805,895,16.82277226448059,895,17.08280110359192,892,17.503832817077637,892,17.954464197158813,890,18.602234601974487,886,18.89169144630432,886,19.36600399017334,886,19.61447763442993,884,19.862640142440796,884,20.127766609191895,884,20.404476642608643,881,21.6061429977417,881,22.823400735855103,881,23.06602644920349,881,23.480393886566162,881,23.714860916137695,881,24.19965696334839,881,24.464886903762817,881,24.704394578933716,881,24.976654529571533,881,25.202330350875854,881,25.46179509162903,881,26.067864418029785,881,26.54355788230896,881,26.77888512611389,881,27.006085872650146,881,27.27154541015625,881,27.54347562789917,881,27.79719114303589,881,28.413999557495117,881,28.884751558303833,881,29.120307683944702,881,29.348944187164307,881,29.578600883483887,881,29.85202431678772,881,30.120763063430786,881,30.37036108970642,881,30.602644443511963,881,31.087300062179565,881,31.693943738937378,881,31.954294204711914,881,32.198363065719604,881,32.43266820907593,881,32.66597533226013,881,32.93397259712219,881,33.194384813308716,881,33.80379605293274,881,34.081419467926025,881,34.346718311309814,881,34.77017569541931,881,34.99690818786621,881,35.223060846328735,881,35.493051052093506,881,36.10035729408264,881,36.36292481422424,881,36.61426639556885,881,37.021618604660034,881,37.25924754142761,881,37.51675367355347,881,37.75628161430359,881,38.242902994155884,881,38.51766562461853,881,38.77607989311218,881,39.01321601867676,881,39.43599462509155,881,39.69535279273987,881,39.92973041534424,881,40.20573306083679,881,40.44415736198425,881,40.90346646308899,881,41.49217462539673,881,41.76035189628601,879,42.021129846572876,879,42.249186277389526,874,42.67011880874634,874,42.923115730285645,874,43.19048023223877,874,43.65166926383972,874,43.869547843933105,874,44.09614133834839,874,44.36412239074707,874,44.62538123130798,874,44.85632801055908,874,45.26185584068298,874,45.50786852836609,874,45.77406597137451,874,46.24070501327515,872,46.833062410354614,872,47.450459480285645,872,47.69664120674133,872,47.92328953742981,872,48.160146713256836,872,48.404826641082764,872,48.865856885910034,872,49.46111345291138,872,49.92735528945923,865,50.188814878463745,865,50.420247316360474,862,50.85914707183838,862,51.156437397003174,862,51.41049122810364,862,51.69320726394653,862,51.94868087768555,860,52.210270404815674,860,52.43224573135376,860,52.6723415851593,860,53.156654596328735,859,53.42364740371704,859,53.69444251060486,858,53.940534591674805,855,54.5356764793396,855,55.019262075424194,855,55.28257346153259,855,55.570547103881836,855,55.81132483482361,855,56.08553981781006,855,56.308395862579346,855,56.56780385971069,855,56.850072622299194,855,57.27192497253418,855,57.50853681564331,855,57.782201528549194,855,58.00406503677368,855,58.22550916671753,855,58.48234152793884,855,58.96019244194031,855,59.19220018386841,855,59.461464405059814,855,59.68860650062561,855,59.96568465232849,855,60.09935283660889
3,random_graphs/triangle/r1.5k24n16/graph3.lgbin,1438,42.690330505371094,832,1682,0,1609,0.5258240699768066,1529,0.8100738525390625,1440,1.1016209125518799,1382,1.4178466796875,1245,1.7446799278259277,1195,2.4629268646240234,1115,2.849229097366333,1070,3.10005784034729,1046,3.601484537124634,1031,3.901421308517456,989,4.186259746551514,989,4.432783603668213,984,4.8246166706085205,953,5.093914031982422,944,5.3945863246917725,942,5.678701162338257,942,6.047170162200928,937,6.671525001525879,937,7.102100610733032,936,7.357426404953003,917,7.650453329086304,913,7.901461124420166,913,8.589098930358887,905,8.857380867004395,905,9.08791708946228,905,9.343546390533447,904,9.58607268333435,902,9.85282278060913,897,10.198049068450928,897,10.494898557662964,890,10.867531776428223,887,11.154411315917969,887,11.419569730758667,887,11.667330265045166,887,12.048390626907349,882,12.298066139221191,882,12.546170711517334,882,12.803411960601807,882,13.477783441543579,881,13.770426511764526,881,14.146989583969116,881,14.399004936218262,879,14.647606372833252,875,14.902986764907837,874,15.200081825256348,874,15.41972804069519,874,15.71042776107788,874,15.971781730651855,872,16.260794639587402,872,16.507528066635132,870,16.775790214538574,870,17.09221124649048,870,17.79702353477478,870,18.029085874557495,869,18.281734228134155,869,18.568792819976807,869,18.99952745437622,869,19.254992961883545,866,19.54345154762268,866,19.793052434921265,861,20.021923303604126,861,20.70062279701233,859,20.992984294891357,859,21.242663621902466,859,21.459239959716797,859,21.710533380508423,859,21.99255394935608,859,22.238422632217407,846,22.604784727096558,846,22.975739002227783,846,23.20418906211853,839,23.475183963775635,839,23.715644121170044,839,23.97319531440735,839,24.656723737716675,839,24.900875091552734,839,25.115314722061157,839,25.36661648750305,839,25.610027551651,839,25.969719648361206,838,26.249382257461548,838,26.501080989837646,838,26.925687789916992,838,27.154374599456787,838,27.401792526245117,838,27.650503635406494,838,27.8741557598114,838,28.101563215255737,833,28.429981231689453,833,28.70475125312805,833,29.377694606781006,833,29.628154277801514,833,29.875080108642578,833,30.124796628952026,832,30.48790979385376,832,31.131330251693726,832,31.37464737892151,832,31.775442838668823,832,31.995500564575195,832,32.20575761795044,832,32.567099809646606,832,32.81265163421631,832,33.05388951301575,832,33.70322632789612,832,33.94995594024658,832,34.37191557884216,832,34.60113787651062,832,34.84087014198303,832,35.1136519908905,832,35.35957908630371,832,35.60075926780701,832,36.2709424495697,832,36.51996326446533,832,36.76128149032593,832,37.137542724609375,832,37.37716889381409,832,37.639954805374146,832,37.852787733078,832,38.09601283073425,832,38.33953237533569,832,38.55691576004028,832,39.22689366340637,832,39.46470594406128,832,39.71167230606079,832,40.081448793411255,832,40.306092977523804,832,40.54350781440735,832,40.77548694610596,832,41.01937484741211,832,41.703328132629395,832,41.93765473365784,832,42.18690323829651,832,42.43249320983887,832,42.669153451919556,832,43.04312539100647,832,43.26630234718323,832,43.6994366645813,832,44.04457712173462,832,44.32080698013306,832,44.56609654426575,832,44.79017877578735,832,45.151674032211304,832,45.81253004074097,832,46.24156594276428,832,46.51240944862366,832,46.757790088653564,832,46.98456692695618,832,47.21336245536804,832,47.580201387405396,832,47.822346925735474,832,48.269909381866455,832,48.94191908836365,832,49.20837640762329,832,49.62515568733215,832,49.834776878356934,832,50.07934093475342,832,50.31264638900757,832,50.558244466781616,832,51.2291157245636,832,51.43906497955322,832,51.68377876281738,832,51.92661118507385,832,52.16640520095825,832,52.59362816810608,832,53.276846408843994,832,53.64355754852295,832,53.86474275588989,832,54.1088547706604,832,54.35246014595032,832,54.62453055381775,832,54.874980211257935,832,55.250656604766846,832,55.46285939216614,832,55.69488573074341,832,55.935011863708496,832,56.17653226852417,832,56.5932080745697,832,56.862101316452026,832,57.071091175079346,832,57.304288387298584,832,57.66955804824829,832,57.92238736152649,832,58.19828128814697,832,58.42048668861389,832,58.66972541809082,832,59.357584953308105,832,59.59386587142944,832,59.84158778190613,832,60.09466099739075
4,random_graphs/triangle/r1.5k24n16/graph4.lgbin,1438,51.68436288833618,904,1770,0,1719,22.56739044189453,1703,25.057413339614868,1645,25.387843370437622,1506,25.72484254837036,1481,26.014800310134888,1430,26.322016716003418,1400,26.602737188339233,1369,27.007798433303833,1270,27.290241718292236,1163,27.57193112373352,1073,27.889666080474854,1039,28.142917156219482,1039,28.38630509376526,1039,28.6655375957489,1008,28.91162395477295,1006,29.197932958602905,993,29.49165630340576,985,29.821523189544678,976,30.12474489212036,944,30.430744171142578,935,30.762680530548096,935,32.47860336303711,935,32.75745940208435,934,33.00969195365906,933,33.317739725112915,930,33.597007036209106,928,33.912776947021484,928,34.183434009552,928,34.431695222854614,922,34.6723735332489,922,34.94719386100769,922,35.24168133735657,922,35.48864984512329,921,35.74609565734863,921,35.98836803436279,914,36.26096868515015,914,36.53472590446472,914,38.24440860748291,914,38.52490758895874,914,38.803266525268555,914,39.0846483707428,914,39.335208892822266,914,39.60644817352295,914,39.8544135093689,914,40.108410358428955,914,40.38830828666687,914,42.080617904663086,914,42.5956826210022,914,42.87467432022095,914,43.14853763580322,914,43.39336800575256,914,43.654425621032715,913,43.93116903305054,913,44.17281746864319,913,44.40750193595886,913,44.68432593345642,913,44.96334934234619,913,46.694544553756714,913,46.99888634681702,913,47.246620893478394,913,47.51612448692322,912,47.818958044052124,912,48.08738899230957,912,48.329176902770996,912,48.5781569480896,912,48.844582319259644,912,50.43200445175171,912,52.15359544754028,912,52.431947231292725,908,54.08745861053467,908,54.3562707901001,908,54.588520765304565,908,54.81300902366638,908,55.04995059967041,908,55.311394691467285,907,55.59182047843933,907,55.830464124679565,907,56.08219313621521,907,56.349544048309326,906,57.611735582351685,906,57.872278451919556,906,58.44326043128967,904,58.67644190788269,904,58.93434929847717,904,59.18384265899658,904,59.443886518478394,904,59.70918011665344,904,60.10568857192993
5,random_graphs/triangle/r1.5k24n16/graph5.lgbin,1438,43.764795780181885,738,1626,0,1501,0.30242013931274414,1443,1.1192715167999268,1439,1.7342169284820557,1336,2.4062705039978027,1290,2.665248155593872,1261,3.364140748977661,1223,3.624999523162842,1148,3.9318013191223145,1023,4.194526433944702,974,4.518006086349487,931,4.828000545501709,873,5.593159914016724,864,5.846693754196167,864,6.105029344558716,864,6.323429584503174,864,6.8976335525512695,853,8.516811847686768,848,8.761148929595947,846,9.199984788894653,844,9.488074779510498,842,9.995508909225464,819,10.260684251785278,796,10.564077615737915,796,10.819013833999634,795,11.048059225082397,792,11.290602922439575,792,11.892504930496216,792,12.104034423828125,788,12.491718053817749,786,12.767428159713745,786,12.98769998550415,786,13.208893775939941,783,13.51097297668457,775,13.804277658462524,775,14.05718445777893,770,14.312421321868896,770,14.532754898071289,770,14.785467147827148,770,15.478090047836304,769,15.746911764144897,769,15.975194215774536,768,16.27762794494629,768,16.52760362625122,766,16.788036823272705,766,17.010021448135376,766,17.424941062927246,765,17.687442779541016,765,17.9147846698761,763,18.165510177612305,762,18.453860759735107,762,18.700822353363037,761,18.949392318725586,757,19.214092016220093,756,19.519206523895264,756,20.107375144958496,754,20.798684120178223,754,21.282027006149292,754,21.50086212158203,753,21.787508249282837,753,21.997101545333862,753,22.224645137786865,753,22.881985187530518,747,23.209330797195435,747,23.4774010181427,747,25.038073778152466,747,25.293949604034424,747,25.520965337753296,747,25.747427940368652,747,25.973605394363403,746,26.227774381637573,746,26.4520263671875,746,27.04802370071411,742,27.34202003479004,742,27.590912580490112,742,27.842501163482666,742,28.4457848072052,742,28.670926332473755,742,28.90087103843689,742,29.56055212020874,742,29.807960510253906,742,30.06103754043579,742,30.27963161468506,742,30.680080890655518,742,30.90408682823181,742,31.1163489818573,742,31.343865156173706,742,31.986875295639038,742,32.209795236587524,742,32.469364404678345,742,32.72132754325867,742,32.93657875061035,742,33.18383741378784,742,33.78859758377075,742,34.0068154335022,742,34.23371887207031,742,34.45590019226074,742,34.71244263648987,742,34.96473407745361,742,35.20876622200012,742,35.817583322525024,742,37.37807369232178,742,37.600507974624634,742,37.816142559051514,742,38.03520464897156,742,38.29000449180603,742,38.513598918914795,742,38.732951402664185,742,38.9506561756134,742,39.17822289466858,742,39.42691349983215,742,39.648967027664185,742,39.894384145736694,742,40.113189935684204,742,40.763420820236206,742,40.988561153411865,742,41.21584224700928,742,41.71484613418579,742,41.93735909461975,742,42.18403148651123,742,42.836766481399536,742,43.063082695007324,742,43.28977847099304,742,43.70230221748352,742,43.92182445526123,742,44.1455934047699,742,44.38963770866394,742,44.647353172302246,742,44.899362564086914,742,45.54749417304993,742,46.132784843444824,742,46.38109540939331,742,46.63445329666138,742,46.88417983055115,742,47.536041021347046,742,48.135541915893555,742,48.35858964920044,742,48.577860593795776,742,48.80688953399658,742,49.051666021347046,742,49.30833148956299,742,49.88828682899475,742,50.1046404838562,742,50.35827970504761,742,50.58535552024841,742,50.83206915855408,742,51.235233783721924,742,51.45322060585022,742,51.67280864715576,742,51.923712491989136,742,52.14192342758179,742,52.38444256782532,742,53.03309178352356,742,53.25681161880493,742,53.75410056114197,742,53.98345685005188,742,54.2354633808136,742,54.47994565963745,742,55.058589458465576,742,55.701594829559326,742,55.92336988449097,742,56.14996266365051,742,56.560033082962036,742,56.78041696548462,742,57.0240695476532,741,57.28495192527771,741,57.51173734664917,741,57.74028277397156,741,57.96612906455994,741,58.57782602310181,738,59.13499903678894,738,59.348374366760254,738,59.57610058784485,738,60.10509395599365
6,random_graphs/triangle/r1.5k24n16/graph6.lgbin,1438,43.72506237030029,952,1676,0,1626,0.3587617874145508,1561,0.6669824123382568,1485,1.2086496353149414,1436,1.9884324073791504,1375,2.299962282180786,1308,2.6023058891296387,1255,3.094701051712036,1215,3.368433952331543,1146,4.763449430465698,1104,5.086252450942993,1079,5.356508255004883,1079,5.574681997299194,1070,5.8613433837890625,1070,6.779982089996338,1069,7.089646577835083,1059,7.398147821426392,1057,7.701154470443726,1052,7.97623872756958,1038,8.277003765106201,1033,8.607598066329956,1018,8.909891366958618,1018,9.171844244003296,1001,9.490033149719238,1001,9.762766122817993,996,10.057076454162598,996,10.279049634933472,996,10.610975742340088,986,10.967354774475098,985,11.243022918701172,983,11.533006429672241,983,11.798242807388306,983,12.05262041091919,983,12.498650074005127,983,12.767975330352783,979,13.055160284042358,978,13.323990106582642,977,13.608483076095581,974,13.909210443496704,974,14.186744689941406,974,14.451928853988647,974,14.711637258529663,974,14.97705602645874,974,15.23797082901001,973,15.484936714172363,973,16.54459834098816,973,16.870990991592407,973,17.112199544906616,973,17.352922677993774,973,17.625540256500244,973,17.889936923980713,973,18.157897472381592,973,18.42241883277893,973,18.69386649131775,973,19.589088916778564,973,19.831318855285645,973,20.060423374176025,973,20.37020516395569,973,20.597501277923584,973,20.847967863082886,973,21.285247564315796,973,22.197749137878418,973,22.44296145439148,973,22.69135355949402,973,22.948835849761963,973,23.216794967651367,973,24.11734676361084,973,24.358487129211426,973,24.591373682022095,973,24.85736346244812,973,25.09352993965149,973,25.353604555130005,973,25.614052772521973,973,25.93426775932312,973,26.97976803779602,973,27.213879346847534,973,27.487003087997437,973,27.921854734420776,973,28.166138648986816,973,28.41547989845276,973,28.650429010391235,973,29.564996242523193,973,29.81858730316162,973,30.136791944503784,973,30.385026693344116,973,30.606351613998413,973,30.846129655838013,973,31.09502077102661,973,31.32368516921997,973,31.638368606567383,973,32.52726459503174,973,32.77152872085571,973,33.007264614105225,973,33.2487952709198,973,33.497923374176025,973,33.750532150268555,973,33.990525245666504,973,34.254464626312256,973,34.584086418151855,973,34.81590557098389,973,35.08863568305969,973,35.35550022125244,973,35.613295555114746,973,35.85671401023865,973,36.094223499298096,973,36.36517858505249,973,36.626479625701904,973,36.96015739440918,973,37.21593427658081,973,37.47557544708252,973,37.72031569480896,968,38.0245041847229,968,38.25303864479065,968,38.50348138809204,968,38.77928590774536,968,39.11320114135742,968,39.368412017822266,960,39.64305901527405,960,40.66832256317139,960,40.91616940498352,960,41.13963842391968,960,41.415576696395874,960,42.33921027183533,960,42.60183048248291,960,42.936471939086914,960,43.166589975357056,960,43.44894313812256,960,44.37844276428223,960,44.9094717502594,960,45.174681425094604,960,45.49769353866577,960,45.74532747268677,959,46.0204644203186,959,46.281588554382324,959,46.53940534591675,959,46.80625796318054,959,47.03199481964111,959,47.26356244087219,957,47.523186445236206,957,47.860103130340576,957,48.09027910232544,957,49.0074257850647,957,49.27090620994568,957,49.54158091545105,957,50.06945300102234,957,50.31561088562012,957,50.62892270088196,957,50.87230372428894,955,51.15094208717346,955,51.38799858093262,955,51.65771675109863,955,51.900463342666626,955,52.80999183654785,955,53.06683301925659,955,53.31708097457886,955,53.58293414115906,955,53.82156491279602,955,54.06815195083618,954,54.6129355430603,954,54.84857535362244,952,55.12531876564026,952,56.09052896499634,952,57.204233169555664,952,57.46375393867493,952,57.70342302322388,952,57.953962087631226,952,58.21090006828308,952,58.46474361419678,952,58.69977140426636,952,58.96150350570679,952,59.22543525695801,952,59.492196559906006,952,60.11437487602234
7,random_graphs/triangle/r1.5k24n16/graph7.lgbin,1438,39.27298069000244,872,1628,0,1581,0.5257368087768555,1419,0.8661792278289795,1352,1.1493613719940186,1262,1.4822278022766113,1213,1.8003509044647217,1161,2.114408254623413,1133,2.5002241134643555,1095,2.92099928855896,1033,3.2340128421783447,1029,3.5151526927948,1028,3.7799832820892334,1028,4.046632528305054,1025,4.371018648147583,1025,4.602391481399536,998,5.012558698654175,983,5.423215627670288,976,5.74001932144165,948,6.098111629486084,948,6.437879323959351,942,6.861103057861328,939,7.128089189529419,939,7.355015993118286,939,7.596125602722168,918,7.884505271911621,918,8.16534948348999,916,8.47526502609253,914,8.76582956314087,914,9.017541408538818,914,9.267149686813354,914,9.527375221252441,914,9.788816213607788,914,10.02499532699585,914,10.30678677558899,914,10.52398157119751,883,10.939414262771606,883,11.284511089324951,881,11.643460988998413,881,11.912678241729736,878,12.197526454925537,875,12.471288919448853,873,12.814117193222046,873,13.059503316879272,873,13.29907512664795,872,13.642417430877686,872,13.862243175506592,872,14.07995080947876,872,14.356948375701904,872,14.602850675582886,872,14.936866521835327,872,15.345499992370605,872,15.598410367965698,872,15.8239164352417,872,16.076199054718018,872,16.355719566345215,872,16.58891725540161,872,16.853127479553223,872,17.18418550491333,872,17.44192361831665,872,17.712580919265747,872,17.97058653831482,872,18.26366138458252,872,18.60145092010498,872,18.840531587600708,872,19.125322580337524,872,19.366894721984863,872,19.610002279281616,872,19.871678590774536,872,20.128326416015625,872,20.407023906707764,872,20.69853162765503,872,20.91572093963623,872,21.270949125289917,872,21.524370193481445,872,21.767964839935303,872,22.02962565422058,872,22.309478759765625,872,22.530574083328247,872,22.87532949447632,872,23.123421669006348,872,23.549055576324463,872,23.8266499042511,872,24.062636613845825,872,24.320969581604004,872,24.548481941223145,872,24.876671075820923,872,25.16313648223877,872,25.446643590927124,872,25.705148935317993,872,25.947251319885254,872,26.20527720451355,872,26.424607753753662,872,26.76673460006714,872,27.042988061904907,872,27.27455711364746,872,27.52175498008728,872,27.785059690475464,872,28.044732570648193,872,28.292836904525757,872,28.571410655975342,872,28.797363758087158,872,29.03992247581482,872,29.292293548583984,872,29.537319660186768,872,29.803651571273804,872,30.03744339942932,872,30.329288244247437,872,30.561208724975586,872,30.788097858428955,872,31.043081283569336,872,31.30315589904785,872,31.55963706970215,872,31.830979824066162,872,32.073943853378296,872,32.36117744445801,872,32.5845148563385,872,32.944069385528564,872,33.19571542739868,872,33.460973024368286,872,33.73995113372803,872,33.971246004104614,872,34.25598502159119,872,34.48491549491882,872,34.83103084564209,872,35.09936046600342,872,35.37409448623657,872,35.61571216583252,872,35.907883644104004,872,36.12830567359924,872,36.470545053482056,872,36.73872947692871,872,37.004324197769165,872,37.28022861480713,872,37.50475549697876,872,37.745489835739136,872,38.073763370513916,872,38.35158371925354,872,38.64383554458618,872,38.89856243133545,872,39.17750644683838,872,39.514790534973145,872,39.799530029296875,872,40.05577492713928,872,40.304542779922485,872,40.58135771751404,872,40.80587649345398,872,41.227285623550415,872,41.573413133621216,872,41.83353519439697,872,42.065415382385254,872,42.327735900878906,872,42.66792941093445,872,42.935683727264404,872,43.19413375854492,872,43.43112254142761,872,43.75911903381348,872,44.023529291152954,872,44.28075575828552,872,44.56896996498108,872,44.794501543045044,872,45.13353419303894,872,45.39402675628662,872,45.6815242767334,872,45.92481780052185,872,46.15008306503296,872,46.3780460357666,872,46.63789653778076,872,46.946253299713135,872,47.20464730262756,872,47.46575450897217,872,47.757392168045044,872,47.99686646461487,872,48.25743842124939,872,48.59186100959778,872,48.852447748184204,872,49.113539934158325,872,49.40562057495117,872,49.634970903396606,872,49.88232207298279,872,50.23015332221985,872,50.48965835571289,872,50.74523401260376,872,50.9728684425354,872,51.26185584068298,872,51.495614767074585,872,51.75000357627869,872,51.960034132003784,872,52.36581254005432,872,52.657979011535645,872,52.91866493225098,872,53.24077391624451,872,53.4974582195282,872,53.78785729408264,872,54.02508473396301,872,54.31273794174194,872,54.559978723526,872,54.78792667388916,872,55.11496019363403,872,55.36983585357666,872,55.7722647190094,872,56.006773710250854,872,56.25804090499878,872,56.47276496887207,872,56.773844718933105,872,57.05953884124756,872,57.46550679206848,872,57.67897701263428,872,58.01099348068237,872,58.274733781814575,872,58.49880933761597,872,58.76002049446106,872,59.11151576042175,872,59.380232095718384,872,59.63908052444458,872,59.866488218307495,872,60.09978914260864
8,random_graphs/triangle/r1.5k24n16/graph8.lgbin,1438,41.85677766799927,974,1761,0,1685,0.5671818256378174,1649,1.1411609649658203,1612,1.523324966430664,1555,2.424429416656494,1533,4.941556692123413,1431,5.312562942504883,1342,5.653522253036499,1267,5.973921537399292,1217,6.656758785247803,1210,7.143143177032471,1177,7.42308497428894,1143,7.714472055435181,1143,7.968277454376221,1135,8.240058898925781,1097,8.569573879241943,1087,8.925878524780273,1084,9.560519456863403,1065,9.879605531692505,1032,10.158265590667725,1029,10.737417936325073,1026,11.14030408859253,1024,11.405695915222168,1024,11.640182495117188,1023,12.08770489692688,1023,12.352099180221558,1014,12.686672687530518,1014,12.964793920516968,1014,13.248965978622437,1013,13.57788348197937,1013,13.856896162033081,1013,14.29485273361206,1011,14.595775604248047,1007,14.889905214309692,1005,15.189507246017456,1000,15.479869842529297,1000,15.851996421813965,1000,16.240175485610962,1000,16.524234533309937,995,16.808622360229492,990,17.11142659187317,990,17.39344358444214,990,17.65494441986084,990,17.902076959609985,990,18.183511972427368,984,18.645421743392944,984,19.100438117980957,984,19.356016159057617,984,19.64973020553589,984,19.868783235549927,984,20.23540496826172,984,20.522656440734863,984,20.75386953353882,984,21.019668102264404,984,21.29930067062378,982,21.5776469707489,982,21.810354232788086,980,22.10171937942505,980,22.352783203125,980,22.71217441558838,980,22.99015188217163,979,23.292992115020752,979,23.521442413330078,979,23.89492654800415,978,24.155340909957886,978,24.43080759048462,977,24.659401178359985,977,25.01599669456482,977,25.43243718147278,977,25.70909094810486,977,25.99102258682251,977,26.25667691230774,974,26.52205753326416,974,26.800451040267944,974,27.03444218635559,974,27.29467535018921,974,27.573299884796143,974,27.948158740997314,974,28.23857307434082,974,28.53165602684021,974,28.8022518157959,974,29.058191299438477,974,29.289703369140625,974,29.576038360595703,974,29.95896053314209,974,30.24085021018982,974,30.50532054901123,974,30.755006313323975,974,31.02316927909851,974,31.307445287704468,974,31.690643548965454,974,31.977828979492188,974,32.27669978141785,974,32.56551384925842,974,32.830100536346436,974,33.075711250305176,974,33.36306834220886,974,33.62578558921814,974,33.916558265686035,974,34.1628577709198,974,34.43289542198181,974,34.720380544662476,974,35.10304522514343,974,35.3896062374115,974,35.65683627128601,974,35.922849893569946,974,36.36260962486267,974,36.648720026016235,974,36.9349000453949,974,37.20786499977112,974,37.45413613319397,974,37.74101376533508,974,37.993943214416504,974,38.28500533103943,974,38.55006408691406,974,38.80962371826172,974,39.0988929271698,974,39.49408507347107,974,39.76667094230652,974,40.070871353149414,974,40.33171010017395,974,40.62225675582886,974,41.001305103302,974,41.380640506744385,974,41.65592098236084,974,41.92263436317444,974,42.17398285865784,974,42.459646463394165,974,42.74914288520813,974,43.13023066520691,974,43.4033989906311,974,43.66331243515015,974,43.90948700904846,974,44.20151734352112,974,44.474063873291016,974,44.9083833694458,974,45.19308614730835,974,45.455748319625854,974,45.71501398086548,974,46.00503730773926,974,46.39023780822754,974,46.66807150840759,974,46.90677213668823,974,47.19602131843567,974,47.46097493171692,974,47.74515676498413,974,47.99880838394165,974,48.28117084503174,974,48.66088843345642,974,48.9004065990448,974,49.136961460113525,974,49.416507720947266,974,49.671576499938965,974,49.959362268447876,974,50.24452590942383,974,50.51114845275879,974,50.904125452041626,974,51.18844962120056,974,51.600194454193115,974,51.867661476135254,974,52.16323161125183,974,52.45944833755493,974,52.72868204116821,974,53.11086654663086,974,53.39275121688843,974,53.80072331428528,974,54.05876898765564,974,54.348002672195435,974,54.63639521598816,974,55.02065181732178,974,55.30731129646301,974,55.599016189575195,974,55.84669733047485,974,56.09611916542053,974,56.31479525566101,974,56.58726620674133,974,56.84108352661133,974,57.205599308013916,974,57.62981200218201,974,57.89095973968506,974,58.16877794265747,974,58.4599187374115,974,58.717267751693726,974,58.97279977798462,974,59.2254958152771,974,59.4856812953949,974,59.85388946533203,974,60.10949730873108
9,random_graphs/triangle/r1.5k24n16/graph9.lgbin,1438,40.308910846710205,883,1698,0,1615,1.6933703422546387,1590,2.2032151222229004,1530,2.491042137145996,1429,3.000168800354004,1416,3.3027889728546143,1376,3.5522685050964355,1258,4.022106409072876,1206,4.308796167373657,1167,4.779241561889648,1131,5.042324542999268,1114,5.394140243530273,1086,5.745622396469116,1086,6.032213449478149,1084,6.459242105484009,1081,6.723055839538574,1077,6.983307123184204,1063,7.529026746749878,1057,7.810450077056885,1052,8.272626876831055,1032,8.513290643692017,1019,8.784351348876953,1019,9.014519929885864,1019,9.23822546005249,988,9.527498722076416,988,9.766943216323853,986,10.021731853485107,986,10.458980798721313,979,10.685038089752197,970,10.941761016845703,958,11.337355375289917,958,11.679779767990112,958,11.86401891708374,955,12.119510650634766,953,12.402289867401123,953,12.614656209945679,953,12.859452724456787,953,13.081302881240845,943,13.35132884979248,933,13.634945631027222,933,13.863294839859009,930,14.129828214645386,930,14.31775426864624,929,14.696251630783081,921,14.950100660324097,921,15.227298259735107,921,15.428515672683716,920,15.68503189086914,920,15.911720991134644,920,16.133452892303467,919,16.368474006652832,912,16.613800525665283,912,16.822646856307983,912,17.060657024383545,912,17.33690643310547,906,17.561320304870605,903,17.791133403778076,903,17.99013090133667,899,18.239620447158813,899,18.452390432357788,898,18.677888870239258,896,18.94743824005127,896,19.175229787826538,896,19.411497354507446,896,19.634418725967407,896,19.876541137695312,896,20.160813331604004,895,20.384085655212402,893,20.72927713394165,892,21.069640636444092,892,21.392096757888794,892,21.616418600082397,892,21.847996950149536,891,22.122246026992798,891,22.325435876846313,891,22.564157485961914,891,22.75865387916565,891,22.982145071029663,891,23.230093955993652,887,23.48516583442688,887,23.70962142944336,887,23.946687698364258,887,24.158108949661255,887,24.43194890022278,887,24.67628812789917,887,24.893967151641846,887,25.120452880859375,887,25.359878301620483,887,25.585792779922485,885,25.92217755317688,885,26.26348352432251,885,26.48037314414978,885,26.75445294380188,885,26.940441608428955,885,27.18306875228882,885,27.410053491592407,883,27.61129903793335,883,27.83381175994873,883,28.111477851867676,883,28.443262338638306,883,28.627954959869385,883,28.8710994720459,883,29.09841299057007,883,29.3050594329834,883,29.52150249481201,883,29.75014567375183,883,30.026111602783203,883,30.21353507041931,883,30.45402765274048,883,30.645305395126343,883,30.859078407287598,883,31.081418991088867,883,31.284152507781982,883,31.562476873397827,883,31.801771640777588,883,31.997817754745483,883,32.220677614212036,883,32.43585538864136,883,32.66353106498718,883,32.9404354095459,883,33.176676988601685,883,33.37268328666687,883,33.60286569595337,883,33.82955002784729,883,34.51865077018738,883,34.70892953872681,883,34.98864436149597,883,35.20492148399353,883,35.441882848739624,883,35.65047001838684,883,35.894766092300415,883,36.12016248703003,883,36.39680027961731,883,36.634374380111694,883,36.85149621963501,883,37.07841753959656,883,37.32238817214966,883,37.60070180892944,883,38.2515971660614,883,38.501933574676514,883,38.72743010520935,883,38.928237199783325,883,39.165868520736694,883,39.391634941101074,883,39.63565802574158,883,39.910754680633545,883,40.56706190109253,883,40.75371551513672,883,40.96975922584534,883,41.19540190696716,883,41.42236351966858,883,41.69825315475464,883,41.91420388221741,883,42.570289611816406,883,42.75773811340332,883,42.961082220077515,883,43.185402393341064,883,43.45570945739746,883,44.11738348007202,883,44.33032965660095,883,44.52348589897156,883,44.799975872039795,883,45.01696419715881,883,45.19965720176697,883,45.47329664230347,883,45.70955300331116,883,45.95143508911133,883,46.17650771141052,883,46.378228425979614,883,46.64902377128601,883,46.88655734062195,883,47.12420344352722,883,47.89604830741882,883,48.11097574234009,883,48.35400366783142,883,48.6312141418457,883,48.870949506759644,883,49.10675525665283,883,49.34516382217407,883,49.57184314727783,883,49.81699514389038,883,50.00100874900818,883,50.2419548034668,883,50.4806272983551,883,50.73830842971802,883,50.96204113960266,883,51.162333965301514,883,51.37715983390808,883,51.60260272026062,883,51.84125280380249,883,52.08610558509827,883,52.307902574539185,883,52.4908447265625,883,52.707149267196655,883,52.93386673927307,883,53.16969966888428,883,53.49536061286926,883,53.67560791969299,883,53.89183831214905,883,54.11603045463562,883,54.297186613082886,883,54.51172184944153,883,54.72558641433716,883,55.39701533317566,883,55.67404532432556,883,55.868759632110596,883,56.07646083831787,883,56.31941628456116,883,56.56507682800293,883,56.84095859527588,883,57.041953563690186,883,57.223140716552734,883,57.461209535598755,883,57.732962131500244,883,57.92936038970947,883,58.14281630516052,883,58.41263818740845,883,58.62771558761597,883,58.916950941085815,883,59.101436138153076,883,59.32911682128906,883,59.566481590270996,883,59.7495322227478,883,59.96122598648071,883,60.09006142616272
10,random_graphs/triangle/r1.5k24n16/graph10.lgbin,1438,47.34384298324585,904,1955,0,1873,0.8993268013000488,1782,1.130009651184082,1675,2.5782763957977295,1576,3.138353109359741,1509,6.7207252979278564,1439,7.024557828903198,1404,7.326673746109009,1314,7.610209226608276,1276,8.072316884994507,1174,8.53972053527832,1092,8.780395269393921,1092,9.004682302474976,1089,9.389231204986572,1089,9.634191751480103,1075,10.117136240005493,1073,12.200892210006714,1062,12.507827281951904,1042,12.793686866760254,1008,13.07272481918335,1008,14.928819417953491,1003,15.183417797088623,1000,15.477489709854126,1000,15.695285081863403,1000,15.886037349700928,998,16.173062324523926,997,16.44897747039795,992,16.73036241531372,992,16.96636199951172,992,17.206921100616455,992,17.43656301498413,992,17.68266987800598,984,17.94352126121521,984,18.16677689552307,984,19.69432806968689,984,19.939414262771606,984,20.177227020263672,984,20.374808311462402,967,20.654487133026123,963,20.938312292099,963,21.178507566452026,963,21.426687717437744,962,21.66055655479431,962,21.887255668640137,962,23.43661069869995,962,23.666346073150635,961,23.965941190719604,961,24.191315412521362,960,24.431665897369385,960,24.63135051727295,960,24.87529492378235,960,26.412140369415283,960,26.656258821487427,960,26.879672527313232,959,27.22160768508911,954,27.510798931121826,954,27.75857901573181,952,28.04533576965332,952,28.280460834503174,952,28.502915143966675,951,28.8528311252594,951,29.094295740127563,951,29.31671953201294,951,30.266857624053955,951,30.51533031463623,951,30.75175189971924,951,30.983537197113037,951,31.19965934753418,948,31.498955726623535,948,31.739073753356934,948,31.97958016395569,948,32.20539832115173,948,33.15416884422302,948,33.400376319885254,945,33.67977690696716,945,33.90061402320862,945,34.15295672416687,943,34.5072922706604,942,34.753350496292114,942,34.97811579704285,941,36.98249864578247,941,38.67712759971619,941,38.91831398010254,941,39.16185712814331,941,39.397316694259644,939,39.634307861328125,939,39.8587281703949,938,40.100016832351685,938,40.342103004455566,938,40.58772277832031,934,40.87500715255737,934,41.118818283081055,934,42.59620499610901,931,42.86296272277832,928,43.15872406959534,928,43.39953136444092,928,43.65475249290466,923,43.933905839920044,923,44.164252042770386,923,45.63697290420532,921,46.012611627578735,921,46.25472068786621,921,46.77594041824341,920,47.06691908836365,920,47.27295160293579,920,47.50769805908203,920,48.98727774620056,920,49.23201656341553,920,49.472692251205444,920,49.703853607177734,920,51.811482191085815,914,52.068804025650024,914,52.28001070022583,914,52.5259268283844,914,52.75256013870239,914,53.00773358345032,909,53.300469398498535,909,53.538233518600464,909,53.73878622055054,909,55.215301752090454,908,55.47603368759155,908,55.71890139579773,907,55.99299740791321,907,56.223398208618164,904,56.53517985343933,904,56.80514359474182,904,57.029046297073364,904,57.265416622161865,904,57.489996910095215,904,58.93116998672485,904,59.17165803909302,904,59.38861274719238,904,59.615676164627075,904,59.83889627456665,904,60.04143023490906
11,random_graphs/triangle/r1.5k24n16/graph11.lgbin,1438,42.69563102722168,883,1667,0,1587,0.4979252815246582,1562,0.7698788642883301,1516,1.0215022563934326,1475,1.553429365158081,1390,1.8525216579437256,1253,2.169618606567383,1226,2.481790065765381,1090,2.7287728786468506,1057,3.4253273010253906,1044,3.788151264190674,963,4.095474004745483,958,4.433802366256714,949,4.751662492752075,949,4.973444938659668,928,6.206262111663818,923,6.4510416984558105,917,7.323121786117554,916,7.598664045333862,908,7.864716291427612,906,8.173946857452393,900,8.743728637695312,900,9.517099380493164,900,9.774514436721802,900,10.013963222503662,898,10.280454874038696,898,10.531577825546265,898,10.807672023773193,898,11.707555294036865,895,12.630177021026611,893,12.94812560081482,891,13.914109945297241,891,14.165508031845093,891,15.087861776351929,887,15.334747314453125,885,15.604315280914307,885,15.828741312026978,885,16.085362911224365,885,16.3210768699646,884,16.59099555015564,884,16.859276056289673,884,17.11901593208313,884,17.456346035003662,884,17.691604614257812,884,17.952327251434326,884,18.21237540245056,884,18.437403917312622,884,18.697972774505615,884,18.948859214782715,884,19.488346099853516,884,19.74505066871643,884,19.98895573616028,884,20.232442140579224,884,20.78254222869873,884,21.1503963470459,884,21.454638242721558,884,21.721585035324097,884,22.269198894500732,884,22.528194904327393,884,22.782164812088013,884,23.34137225151062,884,23.62459897994995,884,23.88856029510498,884,24.107182025909424,884,24.64886450767517,884,24.91589903831482,883,25.144479274749756,883,25.39196014404297,883,25.627469301223755,883,25.90380072593689,883,26.60564661026001,883,26.897140502929688,883,27.129226684570312,883,27.371336221694946,883,27.62959599494934,883,27.879883289337158,883,28.157134771347046,883,28.390222787857056,883,28.952861309051514,883,29.166008234024048,883,29.41372299194336,883,29.669797897338867,883,29.929404258728027,883,30.18079710006714,883,30.417317152023315,883,30.79853367805481,883,31.039984941482544,883,31.296117544174194,883,31.57272481918335,883,31.84964108467102,883,32.13911318778992,883,32.37637901306152,883,32.939101457595825,883,33.23875188827515,883,33.57862615585327,883,33.831889629364014,883,34.09968972206116,883,34.37152099609375,883,34.62940502166748,883,35.19548583030701,883,35.44907069206238,883,35.710171937942505,883,35.973758697509766,883,36.24002170562744,883,36.492958545684814,883,37.05495500564575,883,37.61788988113403,883,37.872705936431885,883,38.124534606933594,883,38.386590003967285,883,38.60896706581116,883,38.86685824394226,883,39.22850036621094,883,39.78520178794861,883,40.048532247543335,883,40.30791664123535,883,40.57700872421265,883,40.802778482437134,883,41.042919874191284,883,41.32354712486267,883,41.89508628845215,883,42.15096974372864,883,42.4121949672699,883,42.68891954421997,883,42.9327130317688,883,43.1915807723999,883,43.754534006118774,883,44.015400648117065,883,44.2678747177124,883,44.53194069862366,883,44.75228762626648,883,44.994436740875244,883,45.257813930511475,883,45.536258697509766,883,46.09642219543457,883,46.35158634185791,883,46.59489941596985,883,46.85230612754822,883,47.064220666885376,883,47.29294753074646,883,47.54759764671326,883,48.09917140007019,883,48.36181569099426,883,48.625834226608276,883,48.846362352371216,883,49.07539248466492,883,49.34076714515686,883,49.59336280822754,883,49.85560417175293,883,50.3803813457489,883,50.593846797943115,883,50.83059024810791,883,51.09476900100708,883,51.3148455619812,883,51.887690782547,883,52.13946747779846,883,52.659382343292236,883,52.897905588150024,883,53.16308259963989,883,53.73050618171692,883,54.111238956451416,883,54.36065053939819,883,54.654645919799805,883,55.15940880775452,883,55.42557072639465,883,55.685818910598755,883,55.92820954322815,883,56.16968393325806,883,56.36979651451111,883,56.625062227249146,883,56.86534857749939,883,57.4123272895813,883,57.656245708465576,883,57.9753851890564,883,58.23124861717224,883,58.77881121635437,883,59.32770347595215,883,59.537893295288086,883,59.78783178329468,883,60.114309310913086
12,random_graphs/triangle/r1.5k24n16/graph12.lgbin,1438,41.075435161590576,781,1650,0,1571,0.26284074783325195,1501,0.5296890735626221,1372,1.132755994796753,1297,1.6062209606170654,1200,1.9245517253875732,1128,2.2273285388946533,1079,2.509140968322754,1065,2.7783045768737793,1049,3.13700532913208,1013,3.841407060623169,973,4.12876296043396,931,4.432660102844238,931,4.6962058544158936,931,4.943041801452637,931,5.371227264404297,931,5.80809760093689,931,6.1674933433532715,923,6.430516242980957,923,7.139167070388794,912,7.413416385650635,912,7.670884847640991,905,7.954035520553589,896,8.25868844985962,896,8.54023814201355,895,8.75361704826355,895,9.013500690460205,895,9.233848333358765,894,9.494689702987671,892,9.76485276222229,892,10.01678729057312,888,10.301573753356934,878,10.605291604995728,878,10.838567972183228,878,11.098387479782104,878,11.34458041191101,878,11.605547666549683,861,11.905101299285889,861,12.159730195999146,861,12.38149905204773,861,13.080369234085083,848,13.345075607299805,840,13.604915142059326,840,13.838470697402954,836,14.118297338485718,832,14.380640745162964,832,14.63931655883789,832,14.880985736846924,829,15.128446817398071,829,15.57854700088501,827,15.876134395599365,827,16.127063035964966,827,16.35311222076416,827,17.059678554534912,827,17.319386959075928,818,17.602768421173096,818,17.84965705871582,818,18.099192142486572,818,18.557231187820435,818,19.27328586578369,818,19.528539657592773,818,19.743642568588257,805,20.032630443572998,802,20.30699896812439,798,20.595531940460205,798,20.84410858154297,798,21.09415340423584,796,21.327616453170776,796,22.02063798904419,796,22.240700721740723,791,22.53849148750305,791,22.790335655212402,789,23.03455400466919,789,23.282291173934937,789,23.500069618225098,789,23.761624336242676,789,23.992790937423706,789,24.217056274414062,789,24.917980432510376,789,25.169284105300903,789,25.613596200942993,789,25.872002601623535,789,26.377811670303345,789,26.63766050338745,789,26.867833852767944,789,27.10915231704712,789,27.832318544387817,789,28.08425998687744,789,28.32555317878723,789,28.57850956916809,789,28.813934564590454,789,29.059604167938232,789,29.318158626556396,789,29.547189950942993,789,30.24698829650879,789,30.497414350509644,789,30.73684525489807,789,31.190998792648315,789,31.451889276504517,789,31.707204818725586,789,31.935980558395386,789,32.15560007095337,789,32.39312934875488,789,33.10170388221741,789,33.354440450668335,789,33.59750771522522,789,33.858402490615845,789,34.08799076080322,789,34.30862903594971,789,34.99891114234924,789,35.249895095825195,789,35.508381366729736,789,35.75365400314331,789,36.01011681556702,789,36.26555132865906,789,36.69752788543701,789,36.93143963813782,789,37.14743161201477,789,37.861835956573486,789,38.12160682678223,789,38.35662317276001,789,38.795387983322144,789,39.01288199424744,789,39.713308334350586,789,39.97148060798645,789,40.20460486412048,786,40.44481682777405,786,40.66388177871704,786,40.88739275932312,786,41.13900113105774,786,41.37125635147095,786,41.63408374786377,786,41.86562728881836,785,42.25472378730774,785,42.502403259277344,785,42.71980404853821,785,42.958049297332764,785,43.21698522567749,785,43.43118929862976,785,43.66449952125549,785,43.92225766181946,785,44.371214151382446,785,44.62037658691406,785,44.88246035575867,785,45.12422800064087,785,45.345428228378296,785,45.603033781051636,785,45.838714838027954,785,46.063735246658325,785,46.32661771774292,785,46.56843423843384,782,46.87688422203064,782,47.142444372177124,782,47.3791823387146,782,47.63533163070679,782,47.9982590675354,782,48.260156869888306,782,48.707709312438965,782,48.95467138290405,782,49.17791557312012,782,49.44313335418701,782,49.700379371643066,782,50.13651394844055,782,50.41137647628784,782,50.65348958969116,782,50.879403591156006,782,51.14243173599243,782,51.404553174972534,782,51.85059356689453,782,52.10130977630615,782,52.34280753135681,782,52.56121802330017,782,52.82267737388611,782,53.05848264694214,782,53.318257093429565,782,53.535974979400635,782,53.76974177360535,782,54.02992844581604,781,54.46448636054993,781,54.72781276702881,781,54.94872784614563,781,55.20275354385376,781,55.42918848991394,781,55.67438840866089,781,56.132052421569824,781,56.585060834884644,781,56.84436893463135,781,57.095255613327026,781,57.33429980278015,781,57.557759284973145,781,57.995519399642944,781,58.23479509353638,781,58.697001457214355,781,59.05366230010986,781,59.30369806289673,781,59.54993724822998,781,59.77594017982483,781,60.11153483390808
13,random_graphs/triangle/r1.5k24n16/graph13.lgbin,1438,42.26965570449829,797,1501,0,1390,0.34224820137023926,1294,0.6245064735412598,1226,1.216257095336914,1180,1.8624122142791748,1145,2.1571075916290283,1116,2.472904920578003,1040,2.7820346355438232,943,3.0396265983581543,926,3.3268017768859863,896,4.308629751205444,878,4.829232454299927,878,5.080748796463013,867,5.545862436294556,862,6.395467281341553,842,6.8821446895599365,842,7.108430624008179,842,7.359756708145142,839,7.663635969161987,828,8.180164337158203,825,8.481044292449951,823,8.97440242767334,823,9.185293912887573,823,9.626038789749146,823,9.891414880752563,823,10.116511821746826,823,10.372448205947876,823,10.628944396972656,823,11.303035974502563,823,11.546494483947754,823,11.768407583236694,814,12.054722785949707,814,12.300252199172974,812,12.550806283950806,810,12.989898681640625,810,13.240851163864136,808,13.491701602935791,808,13.712103843688965,808,13.975838422775269,808,14.671683311462402,808,14.923524618148804,808,15.163345098495483,808,15.407716035842896,808,16.09677767753601,808,16.304078340530396,808,16.556809663772583,808,16.802842378616333,808,17.02322030067444,808,17.288995027542114,808,17.541879415512085,808,17.772525310516357,808,18.012313842773438,808,18.239039659500122,808,18.724980354309082,808,18.975321769714355,808,19.244994163513184,808,19.4659526348114,808,19.71725082397461,808,19.951300382614136,808,20.178078413009644,808,20.388213634490967,808,20.642778635025024,808,20.891311645507812,808,21.118414640426636,808,21.568712949752808,808,21.833679914474487,808,22.523642539978027,808,22.758211374282837,808,23.015739679336548,808,23.624106407165527,808,23.864548683166504,808,24.117619037628174,808,24.386212587356567,808,25.073349475860596,808,25.315731287002563,808,25.570213794708252,808,25.79223346710205,808,26.04617667198181,808,26.29009199142456,808,26.7878475189209,808,27.47978973388672,808,27.71805214881897,808,27.972100019454956,808,28.23031497001648,808,28.4590322971344,808,28.7103853225708,808,29.19025468826294,808,29.641209602355957,808,30.13157868385315,808,30.83963108062744,808,31.076570987701416,808,31.32317566871643,808,31.576068878173828,808,31.827097177505493,808,32.038185596466064,808,32.721012592315674,808,32.99225878715515,808,33.231160402297974,808,33.48392915725708,808,33.73848032951355,808,33.968730449676514,808,34.197439432144165,808,34.86962127685547,808,35.1373016834259,808,35.375301122665405,808,35.87018156051636,808,36.119110107421875,808,36.344651222229004,808,36.595977544784546,808,37.30632019042969,808,37.57575440406799,808,38.03286933898926,808,38.27494740486145,808,38.52738618850708,808,38.74685525894165,808,38.97263193130493,808,39.225950956344604,808,39.49515914916992,808,39.73516893386841,808,39.98678278923035,808,40.21239614486694,808,40.439751625061035,808,40.66164207458496,808,40.91635584831238,808,41.60128831863403,808,41.87139558792114,808,42.114399433135986,808,42.36491012573242,808,42.84634447097778,808,43.10023236274719,808,43.30620360374451,808,44.00251865386963,808,44.269463539123535,801,44.81303524971008,801,45.049994230270386,797,45.34950518608093,797,45.58867359161377,797,45.838072538375854,797,46.09054899215698,797,46.31296348571777,797,46.564411640167236,797,47.05794978141785,797,47.7370240688324,797,48.00393223762512,797,48.2495801448822,797,48.485050201416016,797,48.73150396347046,797,48.95551300048828,797,49.63827204704285,797,49.90572547912598,797,50.14046669006348,797,50.38532280921936,797,50.63228416442871,797,50.860835313797,797,51.54632520675659,797,51.81454586982727,797,52.052884101867676,797,52.30075430870056,797,52.52481722831726,797,52.77125835418701,797,53.48444437980652,797,53.750279903411865,797,53.97416400909424,797,54.22583746910095,797,54.479514837265015,797,55.152642011642456,797,55.422688245773315,797,55.662822246551514,797,55.91067934036255,797,56.13673138618469,797,56.38861131668091,797,56.63711881637573,797,57.333081007003784,797,57.59589433670044,797,57.84320664405823,797,58.066797494888306,797,58.31727957725525,797,58.5524218082428,797,58.80196523666382,797,59.489656925201416,797,59.75183868408203,797,60.0010461807251
14,random_graphs/triangle/r1.5k24n16/graph14.lgbin,1438,44.26376914978027,808,1566,0,1511,0.34792137145996094,1451,0.8685753345489502,1408,1.9460618495941162,1329,2.216960906982422,1278,2.474078416824341,1206,2.932893753051758,1143,3.1815059185028076,1121,4.18829607963562,1043,4.450080871582031,1016,4.7021424770355225,948,4.991239309310913,948,5.6388936042785645,948,5.87925910949707,929,6.175087928771973,912,6.438565015792847,883,6.7468039989471436,877,7.41516900062561,875,7.6674065589904785,867,7.921111345291138,867,8.13059115409851,865,8.525182723999023,864,9.020484447479248,864,9.243607997894287,855,9.554391384124756,855,9.813317775726318,853,10.116292953491211,847,10.358977794647217,847,10.58584976196289,844,11.363327741622925,844,11.616552829742432,833,12.45917010307312,831,12.698744058609009,823,12.959829330444336,823,13.184496402740479,823,13.56637454032898,823,14.390544891357422,818,14.648226976394653,817,14.90911054611206,817,15.131820917129517,817,15.343424081802368,817,16.353891849517822,817,16.903976440429688,816,17.161083936691284,816,17.3850200176239,815,17.625629663467407,815,17.841301679611206,815,18.423789978027344,815,18.9675030708313,815,19.18897271156311,815,19.41805911064148,815,19.654792308807373,815,19.919519424438477,815,20.136226177215576,815,20.38824152946472,815,20.605963230133057,815,21.16277527809143,815,21.401785135269165,815,21.665262460708618,815,21.880746841430664,815,22.107216835021973,815,22.602591276168823,815,22.82206916809082,815,23.189120531082153,815,23.741528034210205,815,24.000577926635742,815,24.212403774261475,815,24.45141363143921,815,24.6819486618042,815,24.90798258781433,815,25.11945366859436,815,25.370490312576294,815,25.588945388793945,815,25.83114266395569,815,26.037771940231323,815,26.2929744720459,815,26.51269030570984,815,27.313822269439697,815,27.53182554244995,815,28.51017999649048,815,28.76729416847229,815,28.985907554626465,815,29.19998812675476,815,29.457802295684814,815,29.695822954177856,815,29.923778533935547,815,30.272818088531494,815,30.49052405357361,815,30.742589473724365,815,31.74515128135681,815,31.990887880325317,815,32.25165152549744,815,32.467981576919556,815,33.02129507064819,815,33.24620223045349,815,33.46913981437683,815,33.72730088233948,815,33.985710859298706,815,34.19453287124634,815,35.190434217453,815,35.433228969573975,815,35.96443247795105,815,36.19405245780945,815,36.417391777038574,815,36.63833546638489,815,36.89251685142517,815,37.15372896194458,815,37.70593452453613,815,37.92857909202576,815,38.14841604232788,815,38.37118363380432,815,38.62640047073364,815,38.868918895721436,815,39.12807774543762,815,39.57329201698303,815,39.994616985321045,815,40.53909611701965,815,40.7620165348053,815,40.98280644416809,815,41.2380485534668,813,41.50063347816467,813,41.993478775024414,813,42.24867081642151,813,42.5099401473999,813,42.87681698799133,813,43.086376428604126,813,43.309794425964355,813,43.53411889076233,813,44.07703351974487,813,44.33328819274902,813,45.31428050994873,813,45.53701043128967,813,46.41241765022278,813,46.63667058944702,811,46.89966058731079,810,47.189229011535645,810,47.44537949562073,810,48.440284967422485,808,48.65840792655945,808,49.09344172477722,808,49.643574714660645,808,49.88569664955139,808,50.10484504699707,808,50.3619704246521,808,50.585689067840576,808,50.94647693634033,808,51.49104166030884,808,51.73765683174133,808,51.9566855430603,808,52.21570873260498,808,52.43965530395508,808,52.991111278533936,808,53.235581398010254,808,54.23807740211487,808,54.49759268760681,808,54.71698784828186,808,54.944483518600464,808,55.166954040527344,808,56.16220784187317,808,56.425737380981445,808,56.644699573516846,808,56.867403984069824,808,57.28423357009888,808,57.66288495063782,808,57.88449478149414,808,58.14637303352356,808,58.73304581642151,808,58.9556987285614,808,59.17936158180237,808,59.71866250038147,808,59.93793344497681,808,60.098705530166626
15,random_graphs/triangle/r1.5k24n16/graph15.lgbin,1438,40.522281646728516,993,1960,0,1847,0.2716028690338135,1779,0.7044272422790527,1769,1.1494841575622559,1715,1.439056396484375,1642,1.8283405303955078,1534,2.3275153636932373,1472,2.860368490219116,1415,3.537074565887451,1351,3.829615831375122,1333,4.391263484954834,1217,4.690718412399292,1108,5.019135236740112,1106,5.5400495529174805,1099,5.888404607772827,1097,6.140873670578003,1097,6.4300220012664795,1087,6.683422327041626,1069,6.977639436721802,1069,7.37346339225769,1053,7.673098087310791,1053,7.9221978187561035,1027,8.21578335762024,1022,8.463904619216919,1022,8.716289281845093,1022,8.977941751480103,1022,9.216225385665894,1022,9.47214961051941,1022,9.720480680465698,1019,9.980005264282227,1018,10.322979211807251,1018,10.612292051315308,1018,10.870445251464844,1018,11.123951435089111,1018,11.3724524974823,1015,11.864691495895386,1015,12.473110675811768,1015,12.731491804122925,1015,12.954650163650513,1011,13.242274284362793,1011,13.45957064628601,1010,13.879894495010376,1010,14.105494976043701,1010,14.387420892715454,1010,14.644310474395752,1010,15.141173839569092,1010,15.394540786743164,1010,15.626761674880981,1010,16.001234769821167,1002,16.2557213306427,1002,16.491690397262573,1002,16.735636234283447,1002,17.00038981437683,1002,17.294326066970825,1002,17.721425771713257,1002,17.98484492301941,997,18.75837278366089,997,19.20389747619629,997,19.58638095855713,997,19.836026668548584,997,20.050649404525757,997,20.298860788345337,997,20.581022024154663,997,20.838210821151733,995,21.083454847335815,995,21.318760633468628,993,21.591696977615356,993,21.830634355545044,993,22.229640245437622,993,22.475277423858643,993,22.719626426696777,993,22.94814682006836,993,23.198315382003784,993,23.47990655899048,993,23.736706018447876,993,24.166203260421753,993,24.550984144210815,993,24.80625057220459,993,25.050658464431763,993,25.277288675308228,993,25.527336597442627,993,25.754950523376465,993,25.971489906311035,993,26.257615089416504,993,26.683865308761597,993,27.177835702896118,993,27.571738958358765,993,27.82319736480713,993,28.067023992538452,993,28.311315298080444,993,28.56133008003235,993,28.795789003372192,993,29.08162784576416,993,29.295956134796143,993,29.696810483932495,993,29.94403386116028,993,30.168922424316406,993,30.41723942756653,993,30.65827226638794,993,31.162666082382202,993,31.625129461288452,993,31.87628483772278,993,32.12518048286438,993,32.346168756484985,993,32.56448793411255,993,32.807289600372314,993,33.04715657234192,993,33.30224061012268,993,33.54129981994629,993,33.78786110877991,993,34.182049036026,993,34.403738498687744,993,34.64953970909119,993,34.89700984954834,993,35.14844584465027,993,35.65547251701355,993,36.0504047870636,993,36.26401686668396,993,36.54900312423706,993,36.763795137405396,993,37.11162352561951,993,37.35599374771118,993,37.60760188102722,993,38.01539587974548,993,38.26068925857544,993,38.53834080696106,993,38.78736114501953,993,39.04398727416992,993,39.45689415931702,993,39.85682821273804,993,40.36871314048767,993,40.62231755256653,993,40.85005784034729,993,41.14887523651123,993,41.410805225372314,993,41.63733196258545,993,41.867950677871704,993,42.116918087005615,993,42.37074112892151,993,42.67478084564209,993,42.907114028930664,993,43.15832185745239,993,43.407469034194946,993,43.65022897720337,993,44.049041509628296,993,44.297640323638916,993,44.54956912994385,993,44.77320623397827,993,45.01272463798523,993,45.26107883453369,993,45.70268893241882,993,45.94528388977051,993,46.19487380981445,993,46.61244463920593,993,46.845672369003296,993,47.08872699737549,993,47.33945107460022,993,47.58622884750366,993,48.0234956741333,993,48.41692018508911,993,48.64838647842407,993,48.86805272102356,993,49.107837438583374,993,49.35885000228882,993,49.60765218734741,993,49.856972217559814,993,50.073140144348145,993,50.316715240478516,993,50.602014780044556,993,50.8522846698761,993,51.096060037612915,993,51.47116255760193,993,51.69466185569763,993,51.94381880760193,993,52.34606885910034,993,52.587812423706055,993,52.829888343811035,993,53.109917640686035,993,53.5254909992218,993,53.77880549430847,993,54.001710176467896,993,54.24425196647644,993,54.528363943099976,993,54.778526306152344,993,54.99668908119202,993,55.215065717697144,993,55.46000647544861,993,55.83171844482422,993,56.07693696022034,993,56.323562145233154,993,56.608033418655396,993,56.85960030555725,993,57.07690715789795,993,57.47552800178528,993,57.909669637680054,993,58.15312695503235,993,58.43999671936035,993,58.658177614212036,993,58.90543580055237,993,59.149529695510864,993,59.51619601249695,993,59.89271330833435,993,60.0978000164032
16,random_graphs/triangle/r1.5k24n16/graph16.lgbin,1438,42.89137029647827,915,1889,0,1809,0.4712843894958496,1704,0.8049952983856201,1640,1.1918764114379883,1533,1.5495905876159668,1420,2.0929417610168457,1298,2.36793851852417,1293,2.8653171062469482,1203,3.163695812225342,1179,3.400134801864624,1124,3.706418514251709,1082,4.2618632316589355,1082,4.8452308177948,1082,5.110244035720825,1060,5.4265406131744385,1058,5.743693590164185,1013,6.023575782775879,993,7.248840093612671,982,7.786938190460205,964,8.124697208404541,964,8.474197626113892,961,8.68156886100769,961,8.887761116027832,956,9.141043901443481,956,9.38174295425415,956,9.599289417266846,956,9.841561079025269,956,10.126761674880981,956,10.358062267303467,955,10.687957763671875,951,11.55024528503418,951,12.392085075378418,951,12.829636335372925,947,13.169587850570679,939,13.454586029052734,939,13.70867133140564,937,14.071227312088013,933,14.648238182067871,933,15.019203662872314,931,15.264936685562134,931,15.506277799606323,929,16.0775465965271,929,16.672128438949585,928,17.032660245895386,924,17.557421445846558,924,17.766086101531982,924,17.970932722091675,924,18.21530771255493,924,18.50136685371399,924,19.173497438430786,924,19.45054793357849,924,19.658517360687256,924,19.904776573181152,924,20.146835803985596,924,20.500683069229126,924,20.759756803512573,924,20.989265203475952,924,21.640445470809937,924,21.849178314208984,924,22.093023538589478,924,22.30064845085144,924,22.582507371902466,924,22.85536289215088,924,23.097951412200928,924,23.447447776794434,924,23.67245626449585,924,23.92781949043274,924,24.560407638549805,924,24.77151322364807,924,25.045281887054443,924,25.3345890045166,924,25.57579231262207,924,25.94404125213623,924,26.242136478424072,924,26.501248121261597,924,26.864893913269043,924,27.106838941574097,924,27.36114239692688,924,27.587531566619873,924,27.876692533493042,924,28.12111759185791,924,28.48417329788208,924,28.72506856918335,924,28.95277214050293,924,29.21221899986267,924,29.867154121398926,924,30.074872732162476,924,30.36435317993164,924,30.60990858078003,924,30.884609937667847,924,31.12715244293213,924,31.48385524749756,924,31.741629123687744,924,32.042375326156616,924,32.690253019332886,921,33.31140851974487,921,33.88200259208679,921,34.17080569267273,921,34.416956186294556,921,34.68955326080322,921,35.05585789680481,921,35.299190044403076,921,35.55865812301636,921,35.79988217353821,921,36.22626781463623,921,36.892147064208984,921,37.177409410476685,921,37.42526888847351,921,37.670947551727295,921,38.044002532958984,921,38.287325382232666,921,38.67773795127869,921,39.33245801925659,921,39.57969570159912,921,39.78093695640564,921,40.06966280937195,921,40.43059015274048,921,40.67473554611206,921,41.33134341239929,921,41.53697729110718,921,41.78116035461426,918,42.35554122924805,918,42.64415669441223,918,43.014626264572144,918,43.22300577163696,918,43.46606993675232,918,44.11604380607605,918,44.60865497589111,918,44.855716943740845,918,45.11321043968201,918,45.312201499938965,918,45.58511805534363,918,45.86855363845825,918,46.223966121673584,918,46.46588754653931,918,47.11034059524536,918,47.31791043281555,918,47.56216764450073,918,47.821895360946655,918,48.09271836280823,918,48.37892270088196,918,48.74653124809265,918,48.99177122116089,918,49.20332670211792,918,49.85283589363098,918,50.305469274520874,918,50.54925537109375,918,50.80761098861694,918,51.005208253860474,918,51.25016164779663,918,51.90359878540039,918,52.13994002342224,918,52.38956332206726,918,52.64983296394348,918,52.92192840576172,918,53.134069204330444,918,53.78254270553589,918,54.02108144760132,918,54.27689743041992,918,54.487449407577515,918,54.77904796600342,918,54.99299478530884,918,55.22513270378113,915,55.87528872489929,915,56.26353931427002,915,56.52439761161804,915,56.99063158035278,915,57.3424859046936,915,57.54492902755737,915,57.829755783081055,915,58.21234607696533,915,58.44601774215698,915,58.93141794204712,915,59.1321234703064,915,59.42205452919006,915,59.80587315559387,915,60.088249921798706
17,random_graphs/triangle/r1.5k24n16/graph17.lgbin,1438,41.34658622741699,967,1711,0,1590,0.5597114562988281,1504,0.8614954948425293,1454,1.410430908203125,1343,1.7059910297393799,1332,2.1244986057281494,1262,2.4102978706359863,1229,2.670194387435913,1167,2.9652111530303955,1135,3.2383129596710205,1119,3.610924005508423,1088,3.91788387298584,1072,4.643848419189453,1072,4.897381544113159,1072,5.6147191524505615,1054,5.893998861312866,1047,6.1769959926605225,1042,6.464000463485718,1010,6.702194929122925,1008,6.948649644851685,1008,7.173704385757446,1008,7.4325244426727295,1008,7.678374528884888,1007,7.943251132965088,1006,8.176589012145996,1006,8.400524854660034,996,8.637568950653076,993,8.928367137908936,993,9.158349990844727,993,9.358574390411377,992,9.65582275390625,992,9.911359071731567,992,10.598205089569092,992,10.961371660232544,985,11.219290018081665,985,11.626121759414673,985,11.836243867874146,978,12.115403652191162,978,12.360995531082153,972,12.648338556289673,971,12.880145072937012,971,13.122460126876831,971,13.816030740737915,971,14.07166075706482,971,14.327004432678223,969,14.59825611114502,969,14.830050706863403,969,15.068978548049927,969,15.313447713851929,969,16.015861988067627,969,16.259865522384644,969,16.516576766967773,969,16.72213053703308,969,16.963517665863037,969,17.479111433029175,969,17.734883785247803,969,17.97813892364502,969,18.2243332862854,969,18.475005388259888,969,18.702333688735962,969,18.931639909744263,969,19.189695358276367,969,19.43958830833435,969,19.67290234565735,969,19.873084783554077,969,20.565166473388672,969,20.7956964969635,969,21.003664016723633,969,21.261685132980347,969,21.62228536605835,969,21.867032051086426,969,22.151835680007935,969,22.391507863998413,969,22.64144515991211,969,23.07869577407837,969,23.764121532440186,969,23.99578595161438,969,24.25125241279602,969,24.64266037940979,969,24.85696816444397,969,25.10333824157715,969,25.34348225593567,969,26.039934396743774,969,26.27259349822998,969,26.53036856651306,969,26.76249074935913,969,27.003907680511475,969,27.69789457321167,969,27.901756048202515,969,28.144163608551025,969,28.389394283294678,969,28.598109006881714,969,28.85258388519287,969,29.14315104484558,969,29.818691968917847,969,30.06228470802307,969,30.297598838806152,969,30.51101326942444,969,30.72539758682251,969,30.970096111297607,969,31.672532558441162,969,32.027162075042725,969,32.25983786582947,969,32.50263714790344,969,32.74746322631836,969,33.00088572502136,969,33.20727825164795,969,33.45248079299927,969,34.1512405872345,969,34.37454295158386,969,34.60902738571167,969,34.82298398017883,969,35.34835958480835,969,35.59511399269104,969,35.85215163230896,969,36.14939498901367,969,36.396605491638184,969,36.60038948059082,969,36.84126543998718,969,37.53464412689209,969,37.76669955253601,969,37.98065948486328,969,38.223554611206055,969,38.481534481048584,969,38.72827386856079,969,38.933735609054565,969,39.172245502471924,969,39.865413665771484,969,40.09433889389038,969,40.3255078792572,969,40.585551023483276,969,40.83249807357788,969,41.08278799057007,969,41.322041034698486,969,41.53299808502197,969,41.761985540390015,969,42.002050161361694,969,42.256441593170166,969,42.49831962585449,969,42.70016121864319,969,42.93485116958618,969,43.147024154663086,969,43.83989667892456,969,44.067917585372925,969,44.284321308135986,969,44.544326066970825,969,44.7512001991272,969,44.984644174575806,969,45.4113667011261,968,45.69114303588867,968,45.92439651489258,968,46.15833234786987,968,46.506868839263916,968,46.76221776008606,968,47.007458448410034,967,47.25639295578003,967,47.94750237464905,967,48.19147086143494,967,48.423356771469116,967,48.680901527404785,967,49.37951993942261,967,49.67887568473816,967,49.9103364944458,967,50.270617961883545,967,50.53028702735901,967,50.89340424537659,967,51.140204429626465,967,51.38154125213623,967,51.666571855545044,967,51.90513324737549,967,52.585248947143555,967,52.83526825904846,967,53.07796597480774,967,53.31076693534851,967,53.515939712524414,967,53.766154289245605,967,53.990010261535645,967,54.264660358428955,967,54.63885188102722,967,54.8889799118042,967,55.14586806297302,967,55.39802360534668,967,55.63695240020752,967,55.859257221221924,967,56.072075605392456,967,56.31189155578613,967,56.544381618499756,967,56.74939703941345,967,56.99288082122803,967,57.2169623374939,967,57.50365710258484,967,57.8677544593811,967,58.10939335823059,967,58.35754346847534,967,58.604891538619995,967,58.82737851142883,967,59.06052017211914,967,59.2741060256958,967,59.526068449020386,967,59.767202854156494,967,60.09943699836731
18,random_graphs/triangle/r1.5k24n16/graph18.lgbin,1438,42.97344899177551,783,1595,0,1552,0.4685325622558594,1493,1.2810182571411133,1419,1.778606653213501,1328,2.1094212532043457,1222,2.892937421798706,1139,3.4570324420928955,1035,3.7543489933013916,1000,4.060544729232788,938,4.410966634750366,919,4.691760301589966,883,5.688845634460449,863,5.970343828201294,862,6.692509412765503,862,7.276079416275024,847,7.601996421813965,837,7.89241886138916,835,8.140730142593384,835,8.398586511611938,833,8.690534353256226,826,8.97262954711914,823,9.19308352470398,820,10.40603494644165,820,12.053579568862915,819,12.29861831665039,819,12.537101984024048,818,12.836954593658447,818,13.346057653427124,817,13.62774920463562,817,13.906635284423828,817,14.183088541030884,816,14.443386316299438,815,14.782573699951172,815,15.022798299789429,812,15.285256624221802,812,15.515286207199097,800,16.35335874557495,800,17.119038581848145,800,17.34628987312317,800,17.563483953475952,800,17.822852611541748,800,18.105543613433838,798,18.38528537750244,797,18.654454231262207,797,18.922383308410645,793,19.581093072891235,793,20.241377353668213,789,20.57356023788452,789,20.824386596679688,789,21.093292474746704,789,21.834325075149536,789,22.087918281555176,789,22.36363172531128,789,22.596429109573364,789,22.832318782806396,789,23.569888591766357,789,23.81311583518982,789,24.112048625946045,786,24.367674350738525,786,24.630724906921387,786,24.898087739944458,786,25.13459587097168,786,25.349167823791504,786,25.76868176460266,786,26.003301858901978,786,26.5285062789917,786,26.773629426956177,786,27.020020484924316,786,27.2561514377594,786,27.526923656463623,786,27.74564790725708,786,28.006758451461792,786,28.249387502670288,786,28.46954369544983,786,28.73287582397461,786,28.97107195854187,786,29.24954843521118,786,29.48527455329895,786,29.88254952430725,786,30.177516222000122,786,30.45177912712097,786,31.21414875984192,786,31.462475061416626,786,31.707072734832764,786,31.972508192062378,786,32.209343910217285,786,32.44123649597168,786,32.71497559547424,786,33.4682092666626,786,33.73040771484375,786,34.020474672317505,786,34.28604769706726,786,34.52966833114624,786,34.75208020210266,786,35.03760242462158,786,35.79368472099304,786,36.01199698448181,786,36.26322078704834,786,36.49500608444214,786,36.7108588218689,786,36.93124508857727,786,37.20296549797058,786,37.45129203796387,786,38.198572874069214,786,38.416845083236694,786,38.65044331550598,786,38.870638370513916,786,39.093822956085205,786,39.37283897399902,786,39.623412132263184,786,39.90420699119568,786,40.16920328140259,786,40.38051629066467,786,40.6503210067749,786,41.39528727531433,786,41.625147581100464,786,41.84534573554993,786,42.118239641189575,786,42.39256954193115,786,42.63521480560303,786,42.85521912574768,786,43.123613357543945,786,43.37124037742615,786,43.5944128036499,786,43.8151273727417,786,44.081769704818726,786,44.36488318443298,786,44.60957622528076,786,44.87792897224426,786,45.09610939025879,786,45.30219602584839,786,45.53245735168457,786,46.28298997879028,786,46.54814863204956,786,46.82503342628479,786,47.06730937957764,786,47.3383629322052,786,47.54914879798889,786,47.7737603187561,786,47.99775433540344,786,48.21379041671753,786,48.96099829673767,786,49.177685499191284,786,49.46820402145386,786,49.71554231643677,786,49.98885989189148,786,50.1903600692749,786,50.43821835517883,786,50.67218017578125,786,51.425952672958374,786,51.65774059295654,786,51.92025065422058,786,52.2022225856781,786,52.46172261238098,786,52.70684504508972,786,52.93466758728027,786,53.67504668235779,786,53.9024977684021,786,54.13107204437256,786,54.37756299972534,786,54.64066743850708,785,54.966721296310425,785,55.24284863471985,784,55.55677247047424,784,55.76629400253296,784,56.523332357406616,784,56.74579215049744,784,56.99156308174133,784,57.257633447647095,783,57.580618143081665,783,57.8489830493927,783,58.603498220443726,783,58.81848335266113,783,59.0434787273407,783,59.28375840187073,783,59.786675691604614,783,60.013957262039185
19,random_graphs/triangle/r1.5k24n16/graph19.lgbin,1438,42.632031202316284,910,1686,0,1582,1.6178019046783447,1512,2.3978381156921387,1449,2.720337390899658,1412,3.230994701385498,1366,4.330353498458862,1307,4.612642288208008,1285,5.022094249725342,1246,5.36821985244751,1194,5.69892144203186,1092,6.123125076293945,1073,6.404409408569336,1071,7.164691686630249,1071,7.4114439487457275,1071,8.065896034240723,1071,8.346154928207397,1036,8.677290678024292,1032,8.97040319442749,1026,9.258439779281616,1005,9.533761262893677,1000,9.81251335144043,994,10.106384515762329,994,10.348950147628784,980,10.638809204101562,980,10.881505966186523,976,11.630918264389038,976,12.31222128868103,968,12.58211874961853,968,12.817673444747925,968,13.099524021148682,968,13.344109296798706,968,13.600232601165771,964,13.940598726272583,964,14.175478458404541,964,14.466612339019775,964,15.017281532287598,960,15.298586368560791,960,15.897650241851807,956,16.192718744277954,956,16.433708667755127,956,16.68225622177124,953,16.97144317626953,953,17.20251774787903,953,17.451905488967896,953,17.7264084815979,930,18.054481506347656,930,18.30021047592163,930,18.578261852264404,930,18.820873260498047,928,19.094018936157227,928,19.56642723083496,928,19.820035219192505,928,20.052313327789307,928,20.28966999053955,925,20.59213137626648,922,20.913272619247437,922,21.185479402542114,920,21.499635934829712,920,21.76282525062561,914,22.086400508880615,914,22.357787370681763,914,22.58004856109619,914,23.121270179748535,914,23.587996244430542,914,23.84925675392151,914,24.098435640335083,912,24.48343801498413,912,24.762235641479492,912,25.047966957092285,912,25.295053482055664,912,25.511356830596924,912,26.070729732513428,912,26.323846578598022,912,27.015966653823853,911,27.301140069961548,911,27.545635223388672,910,27.822972536087036,910,28.096532583236694,910,28.38951802253723,910,28.644990921020508,910,28.87970542907715,910,29.438952445983887,910,29.968181610107422,910,30.21125817298889,910,30.449164152145386,910,30.72368049621582,910,31.002759218215942,910,31.454795837402344,910,31.704018354415894,910,31.994235038757324,910,32.24952292442322,910,32.80493116378784,910,33.05462384223938,910,33.28160357475281,910,33.51751685142517,910,33.75763654708862,910,34.02558255195618,910,34.302098751068115,910,34.53320002555847,910,34.77268958091736,910,35.0533926486969,910,35.31733775138855,910,35.58222961425781,910,35.81418251991272,910,36.05186438560486,910,36.2880744934082,910,36.512898445129395,910,36.77696657180786,910,37.02449893951416,910,37.259140968322754,910,37.49833393096924,910,37.7590069770813,910,38.31065273284912,910,38.55715370178223,910,38.7988486289978,910,39.28891730308533,910,39.535009145736694,910,39.783589363098145,910,40.0615975856781,910,40.34263777732849,910,40.5813775062561,910,40.843387842178345,910,41.40531635284424,910,41.65107703208923,910,41.87672257423401,910,42.40066981315613,910,42.63331079483032,910,42.90264701843262,910,43.18332505226135,910,43.43386769294739,910,43.70258855819702,910,44.26398777961731,910,44.49288868904114,910,45.16377067565918,910,45.40493106842041,910,45.68414330482483,910,45.97359347343445,910,46.22123050689697,910,46.82267093658447,910,47.102532148361206,910,47.32965898513794,910,48.010326623916626,910,48.29510521888733,910,48.57948970794678,910,49.12756538391113,910,49.41235899925232,910,49.92731046676636,910,50.1866569519043,910,50.45480155944824,910,50.69222831726074,910,50.970269441604614,910,51.20619058609009,910,51.76333022117615,910,52.02210474014282,910,52.59196352958679,910,52.84599781036377,910,53.319413900375366,910,53.59490442276001,910,53.83235192298889,910,54.38259720802307,910,54.618999004364014,910,54.84551548957825,910,55.10717153549194,910,55.337324142456055,910,55.61421513557434,910,55.84751105308533,910,56.38696217536926,910,56.65528750419617,910,56.88599157333374,910,57.14790391921997,910,57.378010511398315,910,57.594008445739746,910,57.83404064178467,910,58.406349182128906,910,58.68651986122131,910,58.96702551841736,910,59.20680594444275,910,59.762516021728516,910,60.043944120407104
20,random_graphs/triangle/r1.5k24n16/graph20.lgbin,1438,39.92998194694519,1013,1946,0,1886,0.2885887622833252,1815,1.008166790008545,1682,1.3824613094329834,1607,1.6591451168060303,1561,1.9283208847045898,1443,2.2216315269470215,1387,2.4717423915863037,1321,2.7411792278289795,1278,3.0356931686401367,1217,3.3263919353485107,1164,3.5798261165618896,1164,3.805922508239746,1153,4.291206359863281,1119,4.542168855667114,1119,4.761137962341309,1119,5.126490831375122,1111,5.40862250328064,1109,5.669674396514893,1106,6.199540853500366,1105,6.452088832855225,1084,6.788221597671509,1084,7.0342607498168945,1084,7.457324743270874,1078,7.700864791870117,1078,7.912804365158081,1078,8.136203050613403,1074,8.431871175765991,1066,8.71901249885559,1066,8.95767092704773,1060,9.270719051361084,1060,9.518020391464233,1053,9.777802467346191,1050,10.037167072296143,1050,10.26413893699646,1050,10.511192321777344,1050,10.99759316444397,1048,11.284540176391602,1048,11.724884748458862,1047,12.005464792251587,1029,12.259072065353394,1027,12.497578144073486,1023,12.763116836547852,1023,12.991399765014648,1023,13.210289239883423,1023,13.448254346847534,1023,13.67285704612732,1023,13.916934251785278,1023,14.387693881988525,1022,14.630889177322388,1022,14.846320867538452,1022,15.065787315368652,1022,15.308019161224365,1022,15.515175819396973,1014,15.776652336120605,1014,16.027888298034668,1014,16.247201919555664,1014,16.47573208808899,1014,16.703344106674194,1013,16.987080097198486,1013,17.233897924423218,1013,17.71806240081787,1013,17.9389488697052,1013,18.15250325202942,1013,18.368295907974243,1013,18.613470792770386,1013,18.841527462005615,1013,19.066580533981323,1013,19.275773286819458,1013,19.749423265457153,1013,19.99517321586609,1013,20.287359952926636,1013,20.53192973136902,1013,20.75738501548767,1013,20.984644889831543,1013,21.469386100769043,1013,21.707775592803955,1013,21.94740056991577,1013,22.19208598136902,1013,22.609962940216064,1013,22.85706329345703,1013,23.080996990203857,1013,23.296667098999023,1013,23.515482187271118,1013,23.7563054561615,1013,23.993249893188477,1013,24.23109722137451,1013,24.439894199371338,1013,24.665242433547974,1013,24.914910554885864,1013,25.13513731956482,1013,25.611194133758545,1013,25.829439640045166,1013,26.068878412246704,1013,26.311022520065308,1013,26.52051091194153,1013,26.743055820465088,1013,26.989830493927002,1013,27.28048014640808,1013,27.504485845565796,1013,27.968252420425415,1013,28.184778690338135,1013,28.426424980163574,1013,28.671480417251587,1013,28.88263487815857,1013,29.166174173355103,1013,29.41115665435791,1013,29.638097524642944,1013,29.87758994102478,1013,30.09825563430786,1013,30.553683757781982,1013,30.79985785484314,1013,31.00950026512146,1013,31.258264780044556,1013,31.478716373443604,1013,31.719038724899292,1013,31.93963360786438,1013,32.40330958366394,1013,32.647228717803955,1013,32.85798645019531,1013,33.476948261260986,1013,33.72664737701416,1013,33.94524884223938,1013,34.18554759025574,1013,34.41233515739441,1013,34.63202381134033,1013,35.12846374511719,1013,35.36946129798889,1013,35.588205099105835,1013,35.82794713973999,1013,36.05358409881592,1013,36.26538419723511,1013,36.48664927482605,1013,36.95627427101135,1013,37.19897961616516,1013,37.435747385025024,1013,37.64956092834473,1013,38.11780405044556,1013,38.34233546257019,1013,38.58507466316223,1013,38.81100821495056,1013,39.04808259010315,1013,39.26518487930298,1013,39.559746503829956,1013,39.769909381866455,1013,40.23741292953491,1013,40.46311712265015,1013,40.7012255191803,1013,40.945268630981445,1013,41.18603587150574,1013,41.41596579551697,1013,41.64130783081055,1013,41.85172724723816,1013,42.087966442108154,1013,42.334572076797485,1013,42.573161602020264,1013,42.803558349609375,1013,43.01228904724121,1013,43.48847246170044,1013,43.72682809829712,1013,43.971925258636475,1013,44.186176776885986,1013,44.42175316810608,1013,44.64399814605713,1013,45.10808300971985,1013,45.32646203041077,1013,45.56218218803406,1013,45.80887579917908,1013,46.03609299659729,1013,46.51455068588257,1013,46.74005103111267,1013,46.98366451263428,1013,47.47030568122864,1013,47.708213090896606,1013,47.93191981315613,1013,48.14970517158508,1013,48.63076949119568,1013,48.87487721443176,1013,49.118714570999146,1013,49.616398334503174,1013,49.85520267486572,1013,50.32448601722717,1013,50.573710441589355,1013,50.81836795806885,1013,51.2761595249176,1013,51.5173282623291,1013,51.727017641067505,1013,51.946836948394775,1013,52.41339182853699,1013,52.656973123550415,1013,52.896796226501465,1013,53.123555421829224,1013,53.58923149108887,1013,53.833351373672485,1013,54.07398343086243,1013,54.29374074935913,1013,54.761085510253906,1013,54.97075533866882,1013,55.201253175735474,1013,55.424824953079224,1013,55.651578187942505,1013,56.11299538612366,1013,56.36213254928589,1013,56.82713794708252,1013,57.072837352752686,1013,57.28474450111389,1013,57.511048316955566,1013,57.97509980201721,1013,58.443790435791016,1013,58.66779184341431,1013,59.082494020462036,1013,59.29742240905762,1013,59.5361213684082,1013,59.753337383270264,1013,59.970062494277954,1013,60.09726071357727
21,random_graphs/triangle/r1.5k24n16/graph21.lgbin,1438,41.793150186538696,866,1758,0,1682,0.4827299118041992,1597,0.7558355331420898,1566,1.2558014392852783,1497,1.5764591693878174,1387,1.8867969512939453,1296,2.5982134342193604,1280,3.382136106491089,1226,3.717270851135254,1190,4.012033700942993,1132,4.449652671813965,1065,4.835373640060425,1065,5.13120698928833,1065,5.442846775054932,1059,5.696131944656372,1046,5.953049182891846,1037,6.255685567855835,1010,6.542303085327148,1003,6.836052417755127,1003,7.3760085105896,1002,7.6263182163238525,981,7.974337577819824,977,8.399887561798096,977,8.669379234313965,968,8.917952299118042,967,9.166558504104614,967,9.407110929489136,967,9.667356729507446,967,10.103714942932129,967,10.317164659500122,967,10.563542366027832,952,10.835776567459106,952,11.07222318649292,949,11.34933590888977,942,11.677803039550781,942,12.478854179382324,938,12.751603126525879,938,12.96674108505249,936,13.223343849182129,936,13.487690925598145,936,13.698638916015625,936,13.93379545211792,929,14.275382280349731,929,14.552822351455688,921,14.852818250656128,914,15.16473913192749,913,15.468390226364136,905,15.746395349502563,905,16.54235529899597,899,16.886454582214355,899,17.152156352996826,899,17.427642345428467,891,17.797678470611572,891,18.06333565711975,888,18.335461378097534,888,18.7593834400177,888,18.97575831413269,888,19.225934743881226,883,19.530451774597168,882,19.81347393989563,882,20.046391010284424,880,20.34812068939209,878,20.731733560562134,878,20.948858499526978,878,21.745179176330566,878,22.004696130752563,878,22.25482702255249,875,22.5600004196167,875,22.830289840698242,874,23.10920000076294,874,23.89402198791504,874,24.15882396697998,874,24.409265995025635,874,24.667150259017944,873,24.923719882965088,873,25.14582657814026,873,25.41552972793579,873,25.646769762039185,873,25.903427362442017,873,26.688462257385254,873,26.935388326644897,873,27.1744863986969,872,27.439090251922607,872,27.664337873458862,872,27.967788457870483,872,28.185112476348877,872,28.97876000404358,872,29.226213216781616,872,29.480550527572632,872,29.70886754989624,872,29.92487621307373,872,30.188042879104614,872,30.402790784835815,872,30.642302751541138,872,31.444523811340332,872,31.693228721618652,872,31.9237322807312,872,32.18492674827576,872,32.381765604019165,872,32.592801094055176,872,32.85376834869385,872,33.65673208236694,872,33.899516344070435,872,34.13516426086426,872,34.390663862228394,872,34.620041847229004,872,35.41028904914856,872,35.624470472335815,872,35.86669588088989,872,36.12544107437134,872,36.35765790939331,872,36.61020851135254,872,37.04175353050232,872,37.848700523376465,872,38.06416320800781,872,38.30873656272888,872,38.56301474571228,872,38.81835198402405,872,39.08100080490112,872,39.30158829689026,872,39.73646020889282,872,40.544740438461304,872,40.79500889778137,872,41.02399969100952,872,41.276533126831055,872,41.540589570999146,872,41.778772592544556,872,42.213186502456665,872,42.46032524108887,872,42.687567949295044,872,42.942824363708496,872,43.19838547706604,872,43.49828267097473,872,43.72988557815552,872,43.96483635902405,872,44.17824578285217,872,44.975988149642944,872,45.221041202545166,872,45.48495316505432,872,45.73736834526062,872,45.96548676490784,872,46.21200489997864,872,46.481627225875854,872,46.73975324630737,872,46.95281147956848,872,47.181589126586914,872,47.401089906692505,872,47.62467861175537,872,47.8943657875061,872,48.15106511116028,872,48.41393566131592,872,48.64349842071533,872,48.86148738861084,872,49.12792921066284,872,49.38609957695007,872,50.20492172241211,872,50.441683292388916,872,50.703893184661865,872,51.00088953971863,872,51.2538526058197,872,51.68158841133118,872,52.48227334022522,872,52.7173273563385,872,52.94723153114319,872,53.2016544342041,872,53.4154531955719,872,54.210418462753296,872,54.455522537231445,866,54.767799377441406,866,55.036221504211426,866,55.25540328025818,866,55.46901035308838,866,56.265761613845825,866,56.49766826629639,866,56.74135684967041,866,56.960068702697754,866,57.171345233917236,866,57.4362313747406,866,58.23386240005493,866,58.53533625602722,866,58.76785397529602,866,59.016600608825684,866,59.24174213409424,866,59.45550179481506,866,60.11453461647034
22,random_graphs/triangle/r1.5k24n16/graph22.lgbin,1438,42.05166792869568,951,1720,0,1633,0.3694179058074951,1561,0.6145856380462646,1485,1.049933910369873,1450,1.7045528888702393,1352,1.9966704845428467,1262,2.664876937866211,1226,2.923816442489624,1205,3.6516976356506348,1196,4.104619741439819,1109,4.431463956832886,1059,4.712249517440796,1059,4.952401161193848,1045,5.183073997497559,1044,5.655884742736816,1029,5.969639301300049,1024,6.416308403015137,1013,6.700921535491943,1009,7.194424629211426,1004,7.499133110046387,1002,7.843574285507202,992,8.114126205444336,992,8.347297430038452,992,8.617152214050293,992,8.861748218536377,992,9.116822957992554,992,9.377013444900513,992,9.577931880950928,981,9.85199785232544,980,10.184319019317627,980,10.660202980041504,977,10.948632717132568,971,11.221949577331543,971,11.460245847702026,971,11.703373670578003,960,11.984814643859863,960,12.22761845588684,956,12.469270467758179,956,12.713277101516724,956,12.95716142654419,956,13.220190048217773,955,13.462857246398926,955,13.867547273635864,955,14.108749151229858,955,14.361630201339722,955,14.831222534179688,955,15.337006568908691,955,15.576069116592407,955,15.810953378677368,954,16.208518028259277,954,16.456403255462646,954,16.695107221603394,954,16.897183895111084,954,17.157131671905518,954,17.475284814834595,954,17.71393084526062,954,17.975231647491455,954,18.22397804260254,954,18.647533893585205,954,18.89109206199646,954,19.2074031829834,954,19.468420028686523,954,19.67154550552368,954,19.91720724105835,954,20.43065619468689,954,21.18025302886963,954,21.419177532196045,954,21.681269645690918,954,21.93953561782837,954,22.187331914901733,954,22.42529845237732,954,22.745491981506348,954,22.98952627182007,954,23.50409197807312,954,24.247502088546753,954,24.506532669067383,954,24.7500741481781,954,24.9957013130188,954,25.23733687400818,954,25.479161024093628,954,25.721653938293457,954,26.229341983795166,954,26.5202739238739,954,26.725027322769165,954,26.983951330184937,954,27.239377975463867,954,27.755997896194458,954,28.003417015075684,954,28.24581241607666,954,28.48534059524536,954,28.978094816207886,954,29.48480463027954,954,29.68656301498413,954,29.946527242660522,954,30.462556838989258,954,30.720325708389282,952,31.00851035118103,951,31.298980236053467,951,31.539074897766113,951,31.858715534210205,951,32.358975648880005,951,32.61841082572937,951,32.82460117340088,951,33.066004514694214,951,33.55841326713562,951,33.79524254798889,951,34.070148229599,951,34.38368630409241,951,34.61900568008423,951,34.87899923324585,951,35.07943034172058,951,35.47551727294922,951,35.71567392349243,951,35.95603036880493,951,36.21374440193176,951,36.5279586315155,951,36.76201343536377,951,37.256391763687134,951,37.50239586830139,951,37.73746967315674,951,38.24578833580017,951,38.76651406288147,951,39.00876998901367,951,39.528650760650635,951,39.77287983894348,951,40.013315200805664,951,40.2565815448761,951,40.5168719291687,951,40.78127598762512,951,41.02449369430542,951,41.257813453674316,951,41.769272804260254,951,42.01365256309509,951,42.41895127296448,951,42.65849161148071,951,42.90205645561218,951,43.10010242462158,951,43.34905385971069,951,43.614617347717285,951,43.857481718063354,951,44.37256932258606,951,44.63571119308472,951,44.83926343917847,951,45.067750692367554,951,45.32141160964966,951,45.568602085113525,951,45.811694383621216,951,46.073928356170654,951,46.33489179611206,951,46.580726146698,951,46.823081731796265,951,47.068525075912476,951,47.30536508560181,951,47.82034635543823,951,48.07913017272949,951,48.32116103172302,951,48.525447368621826,951,48.75368595123291,951,49.00158739089966,951,49.47690796852112,951,49.73732376098633,951,49.979302406311035,951,50.23530602455139,951,50.66560220718384,951,50.9165198802948,951,51.41322636604309,951,51.674734592437744,951,51.91818022727966,951,52.15678024291992,951,52.391451597213745,951,52.638484954833984,951,52.84215474128723,951,53.34679341316223,951,53.886781215667725,951,54.14282155036926,951,54.38707447052002,951,54.62860321998596,951,54.832656383514404,951,55.05953574180603,951,55.30461597442627,951,55.80921244621277,951,56.07038998603821,951,56.330787658691406,951,56.57446646690369,951,56.814663887023926,951,57.32650947570801,951,57.57432699203491,951,58.080020904541016,951,58.33918213844299,951,58.58670258522034,951,59.0970573425293,951,59.35981893539429,951,59.62173676490784,951,59.881598472595215,951,60.09582328796387
23,random_graphs/triangle/r1.5k24n16/graph23.lgbin,1438,41.61942648887634,845,1759,0,1683,0.6624917984008789,1534,0.9976766109466553,1478,1.5824122428894043,1434,1.8637282848358154,1314,2.149373769760132,1227,2.399921178817749,1152,2.666942834854126,1101,3.1657919883728027,1074,3.4538726806640625,1066,4.100522518157959,1064,4.539332389831543,1047,4.8222925662994385,1028,5.1030144691467285,1005,5.363328218460083,1005,5.607464551925659,998,5.867037534713745,998,6.540473222732544,989,6.866920471191406,979,7.103373289108276,978,7.354671239852905,978,7.570227861404419,971,7.819319725036621,970,8.110532522201538,970,8.328120946884155,970,8.546691417694092,962,8.824024200439453,960,9.127456426620483,960,9.363654136657715,948,9.623655319213867,947,9.890578031539917,947,10.104494333267212,945,10.396026134490967,943,10.706543922424316,943,10.919707775115967,943,11.170552968978882,943,11.395236492156982,931,11.680878639221191,931,11.924439430236816,931,12.656637191772461,927,12.993886232376099,927,13.271260738372803,927,13.492402791976929,917,13.785869836807251,917,14.02617335319519,916,14.452743768692017,916,14.670110702514648,916,14.906394004821777,916,15.175863027572632,916,15.395036220550537,913,15.651254177093506,905,15.906612396240234,905,16.631934642791748,905,16.851672172546387,905,17.103076219558716,898,17.351849794387817,898,17.561984539031982,898,17.82378077507019,898,18.54308819770813,898,18.79402256011963,893,19.064261198043823,893,19.33050537109375,893,19.57937979698181,893,19.800150871276855,893,20.52485466003418,892,20.774415493011475,888,21.0591242313385,888,21.273032426834106,888,21.512847900390625,886,21.974106550216675,886,22.237956523895264,877,22.501924753189087,877,23.230433464050293,877,23.451341152191162,877,23.665647268295288,877,23.914630889892578,876,24.16477131843567,870,24.46477699279785,870,24.67569851875305,860,24.96079921722412,860,25.200984716415405,857,25.46227264404297,857,26.192145109176636,856,26.463866233825684,849,26.707335233688354,849,26.96053457260132,849,27.18977999687195,847,27.445680618286133,847,27.636622428894043,847,28.088590383529663,847,28.804080724716187,847,29.01684546470642,847,29.24173593521118,847,29.498937129974365,847,29.72488021850586,847,29.972769260406494,847,30.184780836105347,845,30.473230838775635,845,30.681268453598022,845,31.412917613983154,845,31.64821720123291,845,31.903597116470337,845,32.11564612388611,845,32.32085704803467,845,32.584264039993286,845,32.81154918670654,845,33.05075812339783,845,33.305410623550415,845,33.51437520980835,845,33.7130126953125,845,34.170854330062866,845,34.40011739730835,845,34.66713762283325,845,34.89464449882507,845,35.10538649559021,845,35.357357025146484,845,35.59516716003418,845,35.79077625274658,845,36.04337239265442,845,36.307591915130615,845,36.53168797492981,845,36.74884843826294,845,36.961156129837036,845,37.215450286865234,845,37.45117545127869,845,37.657999753952026,845,38.06439256668091,845,38.78554582595825,845,39.053120136260986,845,39.29920697212219,845,39.50804352760315,845,39.97397971153259,845,40.180471420288086,845,40.44124221801758,845,40.695809841156006,845,40.917468547821045,845,41.15311074256897,845,41.398820877075195,845,42.12839484214783,845,42.39117503166199,845,42.60520648956299,845,42.8543975353241,845,43.07566595077515,845,43.3016197681427,845,43.512468576431274,845,43.73834037780762,845,44.465049505233765,845,44.71652364730835,845,44.95659279823303,845,45.223817110061646,845,45.450029373168945,845,45.697041749954224,845,46.240253925323486,845,46.49594807624817,845,46.70911121368408,845,46.951956033706665,845,47.167333126068115,845,47.43506336212158,845,47.66342830657959,845,47.89694619178772,845,48.630199909210205,845,48.881542682647705,845,49.13939356803894,845,49.603920221328735,845,49.87340211868286,845,50.086636543273926,845,50.812591314315796,845,51.00957202911377,845,51.248939514160156,845,51.47540783882141,845,51.70223045349121,845,52.42859888076782,845,52.64016675949097,845,52.87964940071106,845,53.219409704208374,845,53.752859354019165,845,53.99354076385498,845,54.20437836647034,845,54.41605544090271,845,55.14322638511658,845,55.38604187965393,845,55.63420510292053,845,55.89173078536987,845,56.626198291778564,845,56.83698105812073,845,57.0637092590332,845,57.302250385284424,845,57.56899619102478,845,57.81788420677185,845,58.071980476379395,845,58.30805492401123,845,58.6375367641449,845,59.3581600189209,845,59.56231355667114,845,59.77071523666382,845,59.990293979644775,845,60.1036536693573
24,random_graphs/triangle/r1.5k24n16/graph24.lgbin,1438,40.510210275650024,911,1773,0,1691,0.6904096603393555,1579,0.972214937210083,1485,1.2409062385559082,1436,1.5030615329742432,1394,1.7543928623199463,1279,2.036895990371704,1224,2.3481643199920654,1191,2.5964415073394775,1163,2.8720479011535645,1133,3.1907427310943604,1105,3.4534168243408203,1105,3.6810190677642822,1103,3.9530844688415527,1097,4.2284626960754395,1062,4.499009370803833,1062,4.7662577629089355,1060,5.326900243759155,1028,5.629490852355957,1020,5.86530327796936,1003,6.140397071838379,1003,6.378741502761841,1003,6.630968809127808,1003,6.836269378662109,1003,7.374516010284424,1001,7.6498353481292725,998,7.919924259185791,994,8.171324491500854,994,8.380285501480103,985,8.664580583572388,983,8.920044660568237,983,9.158936977386475,957,9.44272255897522,957,10.0043625831604,952,10.29604697227478,947,10.579670667648315,947,10.81015157699585,945,11.080674648284912,945,11.326183795928955,945,11.563034296035767,945,11.792215347290039,943,12.057111024856567,943,12.27034878730774,943,12.496079683303833,943,12.741160154342651,943,13.301268100738525,943,13.531640529632568,939,13.815959930419922,936,14.098117113113403,936,14.329758167266846,936,14.562296628952026,936,14.813125610351562,934,15.071077346801758,934,15.283287763595581,934,15.785598993301392,934,16.028050899505615,933,16.310080528259277,933,16.540334463119507,933,17.106362104415894,933,17.342864513397217,933,17.602951526641846,924,17.86803960800171,924,18.104230403900146,924,18.332759618759155,924,18.890995025634766,924,19.138708353042603,924,19.6982204914093,924,19.94858431816101,921,20.20594882965088,919,20.43613839149475,919,20.650779724121094,919,21.19062638282776,919,21.419931888580322,919,21.656026601791382,919,21.88428020477295,919,22.131588220596313,919,22.386763334274292,919,22.610280752182007,919,22.838700771331787,919,23.397080898284912,919,23.644423961639404,919,23.872570276260376,919,24.120641469955444,919,24.341634511947632,919,24.536613941192627,919,24.757481336593628,919,24.986590147018433,919,25.192932844161987,919,25.728591203689575,919,25.97211217880249,919,26.22316336631775,919,26.45913004875183,919,26.689999103546143,919,26.90491557121277,919,27.46705389022827,919,27.703215837478638,919,27.939574718475342,919,28.167184352874756,919,28.38190197944641,919,28.93656897544861,917,29.224408864974976,914,29.509403705596924,914,29.739352703094482,914,29.96783971786499,914,30.53916311264038,914,30.774612188339233,914,30.99260187149048,914,31.563968896865845,914,31.76325488090515,914,32.0069625377655,914,32.20562171936035,912,32.452375173568726,912,32.68173146247864,912,32.9188597202301,912,33.15188145637512,912,33.36220073699951,912,33.91753578186035,912,34.13457703590393,911,34.375314712524414,911,34.619762897491455,911,34.85583209991455,911,35.42252016067505,911,35.65601181983948,911,35.878652572631836,911,36.439550161361694,911,36.66982650756836,911,36.91422176361084,911,37.165929555892944,911,37.367260456085205,911,37.60694670677185,911,37.84637451171875,911,38.083489179611206,911,38.30845260620117,911,38.52056097984314,911,39.08326768875122,911,39.32898473739624,911,39.86547589302063,911,40.09949088096619,911,40.337146520614624,911,40.56662702560425,911,40.777644872665405,911,41.02547216415405,911,41.56939458847046,911,41.81448984146118,911,42.43141746520996,911,42.6620659828186,911,42.88354539871216,911,43.09225344657898,911,43.635305881500244,911,43.87463426589966,911,44.11533570289612,911,44.35026550292969,911,44.59420037269592,911,44.80693078041077,911,45.365750312805176,911,45.56886696815491,911,45.79732275009155,911,46.03443479537964,911,46.272350549697876,911,46.51671886444092,911,47.08917593955994,911,47.317556619644165,911,47.52238082885742,911,47.75831151008606,911,48.00278329849243,911,48.561521768569946,911,48.81548190116882,911,49.023459911346436,911,49.26436400413513,911,49.762038469314575,911,50.01634931564331,911,50.57195520401001,911,50.7767915725708,911,51.01600122451782,911,51.23023056983948,911,51.47892785072327,911,51.71800088882446,911,51.9476044178009,911,52.52870965003967,911,52.786548376083374,911,53.021241664886475,911,53.271219968795776,911,53.83108854293823,911,54.08360195159912,911,54.30241942405701,911,54.537293434143066,911,54.75804877281189,911,55.00822043418884,911,55.24738907814026,911,55.48382496833801,911,55.72394371032715,911,56.28985929489136,911,56.53861618041992,911,56.782004833221436,911,56.98543858528137,911,57.22129535675049,911,57.796919107437134,911,58.05107402801514,911,58.2661018371582,911,58.48419666290283,911,58.72839164733887,911,58.931376934051514,911,59.166385650634766,911,59.7290825843811,911,59.98338341712952,911,60.10410165786743
25,random_graphs/triangle/r1.5k24n16/graph25.lgbin,1438,47.46748089790344,1003,1924,0,1810,0.45093822479248047,1781,0.7626981735229492,1690,2.1173222064971924,1599,2.4040913581848145,1524,2.696544647216797,1475,2.9361934661865234,1378,3.186873197555542,1305,3.4392197132110596,1304,5.735548973083496,1196,6.016450881958008,1195,6.257556915283203,1184,6.525110483169556,1184,6.764123439788818,1184,6.9888482093811035,1169,7.293265342712402,1128,7.588632345199585,1128,7.801389217376709,1114,8.059954643249512,1091,8.499402284622192,1085,8.794853687286377,1085,9.018534898757935,1081,9.274500131607056,1080,9.538857221603394,1080,9.76548957824707,1078,10.031110525131226,1078,10.262208461761475,1076,10.50631070137024,1076,12.807128190994263,1076,15.097180843353271,1076,15.322224378585815,1076,15.549247026443481,1060,15.82380485534668,1053,16.09691834449768,1053,16.316777229309082,1052,16.598731517791748,1052,16.859954595565796,1052,17.101386547088623,1052,17.337454795837402,1052,17.541476011276245,1031,17.802631855010986,1031,18.061397790908813,1031,20.450024127960205,1031,20.671868085861206,1022,20.941396474838257,1022,21.147223234176636,1021,21.453733682632446,1020,21.684287071228027,1020,21.920427799224854,1020,22.152634859085083,1017,22.41045308113098,1015,22.67115068435669,1014,22.950608730316162,1014,23.19627046585083,1007,23.48064374923706,1007,25.89151430130005,1007,26.122937202453613,1007,26.348763465881348,1007,26.58547282218933,1007,26.810492992401123,1007,27.066548347473145,1007,27.321208238601685,1007,27.547552824020386,1007,27.753561973571777,1004,28.024182081222534,1004,28.247602224349976,1004,30.68887424468994,1004,30.920376777648926,1004,31.174930334091187,1004,31.40375804901123,1004,31.660616636276245,1004,31.887310028076172,1004,32.11998772621155,1004,32.36627817153931,1004,32.60769271850586,1004,35.03370475769043,1004,35.249706745147705,1004,35.4759259223938,1004,35.707159996032715,1004,35.935678005218506,1004,36.18685746192932,1004,36.42806577682495,1004,37.102113485336304,1004,37.31659126281738,1004,37.53808283805847,1004,37.773884296417236,1004,37.99890851974487,1004,38.24772620201111,1004,38.484678983688354,1004,40.89154076576233,1004,41.09671378135681,1004,41.317485332489014,1004,41.53662943840027,1004,41.769596576690674,1004,41.99496006965637,1004,42.22044134140015,1004,42.475210428237915,1004,42.72395348548889,1004,42.95876383781433,1004,43.67538237571716,1004,43.88918447494507,1004,44.124680280685425,1004,44.354576110839844,1004,44.58180332183838,1004,46.974863052368164,1004,47.22382998466492,1004,47.44965386390686,1004,47.681893825531006,1004,47.91424202919006,1004,48.15122365951538,1004,48.38358187675476,1004,48.610963106155396,1004,51.01025700569153,1004,51.21345567703247,1004,51.44592213630676,1004,51.676987171173096,1004,51.89994812011719,1004,54.298415184020996,1003,54.560136556625366,1003,54.79048204421997,1003,55.02523398399353,1003,55.25027871131897,1003,55.44613337516785,1003,55.66914367675781,1003,55.91813802719116,1003,56.15011763572693,1003,58.54220986366272,1003,58.78490471839905,1003,59.00464200973511,1003,59.23115372657776,1003,59.43816304206848,1003,59.65875959396362,1003,59.90809917449951,1003,60.097817182540894
26,random_graphs/triangle/r1.5k24n16/graph26.lgbin,1438,39.38224530220032,871,1896,0,1844,1.1048834323883057,1645,1.387087106704712,1559,1.7189557552337646,1479,2.3292315006256104,1432,2.759483814239502,1364,3.0248019695281982,1324,3.2484705448150635,1225,3.686718225479126,1155,3.912346124649048,1124,4.190444469451904,1098,4.494563102722168,1098,4.752844572067261,1098,5.111217021942139,1098,5.352483749389648,1098,5.564978837966919,1070,5.88127326965332,1069,6.449860572814941,1067,6.666078567504883,1058,6.956828832626343,1057,7.447047710418701,1030,7.756871461868286,1030,8.015570163726807,1030,8.296740770339966,1028,8.580028533935547,1028,8.822619199752808,1027,9.082587003707886,1027,9.294740438461304,1027,9.529970169067383,1026,9.782336473464966,1024,10.076250076293945,1024,10.328722953796387,1023,10.592526197433472,1023,10.854128360748291,1012,11.130972623825073,1012,11.378053903579712,1000,11.779855728149414,1000,12.068323612213135,983,12.31917119026184,983,12.53607964515686,983,12.897935628890991,981,13.193668842315674,981,13.42912244796753,981,13.683044672012329,977,13.9795241355896,977,14.235696792602539,976,14.777689695358276,962,15.095911741256714,961,15.389851093292236,961,15.637607097625732,961,15.960564136505127,947,16.233813285827637,947,16.453218460083008,940,16.744494438171387,940,16.973039627075195,940,17.304776430130005,936,17.545113801956177,936,17.79459238052368,935,18.047333478927612,935,18.26201868057251,926,18.5237979888916,926,18.78770613670349,926,19.224013805389404,924,19.455185174942017,924,19.794135570526123,924,20.02671718597412,924,20.242032289505005,912,20.528839111328125,912,20.767261743545532,909,21.031295776367188,909,21.501439094543457,909,21.848522186279297,898,22.12466788291931,898,22.345874786376953,895,22.632811546325684,895,22.8572735786438,895,23.077197790145874,894,23.318576335906982,891,23.664913654327393,891,24.010366439819336,891,24.280242919921875,891,24.524096965789795,891,24.7590434551239,891,25.008429288864136,891,25.2292742729187,891,25.444474697113037,891,25.70883536338806,891,25.979971647262573,891,26.325581312179565,891,26.559349060058594,891,26.831409215927124,891,27.083301544189453,891,27.305934190750122,891,27.522809267044067,891,27.773543119430542,891,28.013097524642944,891,28.449569940567017,891,28.68528652191162,891,28.934370279312134,891,29.194730758666992,891,29.41006064414978,891,29.658411741256714,891,29.92668342590332,891,30.47217583656311,891,30.705700635910034,891,30.966871976852417,891,31.232928037643433,891,31.456340074539185,891,31.70150399208069,891,32.041478872299194,891,32.27745842933655,891,32.541022539138794,891,32.808647871017456,891,33.05493474006653,890,33.32199263572693,890,33.65741300582886,890,33.87027192115784,890,34.103939056396484,890,34.366333961486816,889,34.648948431015015,889,34.887805461883545,889,35.10630774497986,889,35.32224488258362,889,35.56777024269104,889,35.81699752807617,889,36.15882229804993,889,36.62033534049988,886,36.85172963142395,886,37.06519937515259,886,37.297975063323975,886,37.513752698898315,886,37.77540612220764,886,38.113229513168335,886,38.34668207168579,886,38.56594395637512,886,38.81510019302368,886,39.02886176109314,886,39.26460790634155,886,39.52761745452881,886,39.75028157234192,886,39.99239540100098,886,40.33433985710144,886,40.67970037460327,886,40.893007040023804,881,41.43546962738037,881,41.66806602478027,881,41.90007209777832,878,42.113154888153076,877,42.3546142578125,877,42.568007469177246,877,42.80585718154907,877,43.13481688499451,877,43.38025784492493,877,43.60873246192932,875,43.92455530166626,875,44.16316103935242,874,44.405699253082275,874,44.62241530418396,874,44.88279485702515,874,45.21863770484924,874,45.469533920288086,874,45.70534110069275,874,45.97529935836792,874,46.224709033966064,873,46.475321769714355,873,46.73747754096985,873,47.06822371482849,873,47.40653467178345,871,48.029083251953125,871,48.49073815345764,871,48.72315955162048,871,48.95522975921631,871,49.19540524482727,871,49.44218921661377,871,49.66206884384155,871,49.873655796051025,871,50.13677144050598,871,50.466485261917114,871,50.70183873176575,871,50.951308727264404,871,51.179110288619995,871,51.39860653877258,871,51.660876989364624,871,51.87425994873047,871,52.137853145599365,871,52.358537673950195,871,52.69837403297424,871,52.941604137420654,871,53.157249212265015,871,53.404786348342896,871,53.63328218460083,871,53.943540811538696,871,54.26780724525452,871,54.5024790763855,871,54.75151872634888,871,54.965298652648926,871,55.28399991989136,871,55.548487186431885,871,55.796939849853516,871,56.00932431221008,871,56.259196043014526,871,56.47566270828247,871,56.68881702423096,871,56.92078375816345,871,57.13589382171631,871,57.463000535964966,871,57.70344114303589,871,57.93513751029968,871,58.15250778198242,871,58.42944002151489,871,58.649664878845215,871,58.96620225906372,871,59.21465277671814,871,59.447370529174805,871,59.76956796646118,871,59.9832820892334,871,60.10334491729736
27,random_graphs/triangle/r1.5k24n16/graph27.lgbin,1438,44.582844495773315,848,1554,0,1472,0.3010234832763672,1420,0.5829079151153564,1382,4.165704965591431,1272,4.840030670166016,1203,5.124890327453613,1141,5.420461177825928,1064,5.83135986328125,1018,6.491913318634033,996,6.757863998413086,955,7.042713165283203,929,7.287653923034668,929,7.498217821121216,929,9.479767322540283,921,9.746979236602783,921,9.992445707321167,912,10.268243789672852,909,11.428491592407227,903,11.678071975708008,900,11.969001293182373,898,12.197343111038208,898,12.440685749053955,898,13.169379949569702,898,13.386969327926636,898,13.604941606521606,891,13.84953260421753,885,14.37156891822815,885,14.583727836608887,883,15.009413242340088,880,15.44517731666565,880,15.685737609863281,877,16.596986532211304,877,16.815913915634155,877,17.060422897338867,877,17.832957983016968,873,18.10593342781067,873,18.3912672996521,873,18.61635398864746,873,18.84343981742859,873,19.059458017349243,873,19.275402307510376,873,20.068887948989868,873,20.30011820793152,873,20.51976203918457,873,20.76548957824707,869,21.05220603942871,858,21.294623851776123,858,21.50834321975708,858,22.30450415611267,856,22.548795461654663,856,22.780367612838745,856,22.996000051498413,856,23.220139741897583,856,23.4578378200531,856,23.762269496917725,856,23.974712371826172,856,24.188745260238647,856,24.972745180130005,856,25.20064067840576,856,25.41955327987671,856,25.660109281539917,856,26.165592670440674,856,26.630172729492188,856,26.87616729736328,856,27.08908772468567,856,27.315983533859253,856,28.1392080783844,856,28.363746166229248,856,28.575570106506348,856,28.81435513496399,856,29.21670961380005,856,29.458521366119385,856,30.245137691497803,856,30.473164319992065,856,30.698798179626465,853,30.947007656097412,853,31.160779237747192,853,31.37096357345581,853,31.83414053916931,853,32.079670667648315,853,32.31662392616272,853,32.54042315483093,853,33.323278188705444,853,33.548927307128906,848,33.79272747039795,848,34.00630474090576,848,34.49085545539856,848,34.73855710029602,848,34.94641375541687,848,35.476587772369385,848,35.70376014709473,848,36.49653959274292,848,36.72050142288208,848,36.93646311759949,848,37.18102741241455,848,37.40873599052429,848,37.631253719329834,848,37.84173083305359,848,38.3271689414978,848,38.57073760032654,848,38.804245710372925,848,39.0297486782074,848,39.24018430709839,848,39.477967500686646,848,39.70566964149475,848,40.5001904964447,848,40.981796979904175,848,41.22279095649719,848,41.43563795089722,848,42.22999668121338,848,42.43879199028015,848,42.67883372306824,848,42.908045291900635,848,43.115134716033936,848,43.599069356918335,848,43.84266018867493,848,44.08449363708496,848,44.312222957611084,848,44.52321100234985,848,45.31452417373657,848,45.54380249977112,848,46.01777744293213,848,46.257872581481934,848,46.49813175201416,848,46.72368001937866,848,47.19114375114441,848,47.422550439834595,848,48.21555185317993,848,48.46142792701721,848,48.7034170627594,848,48.92897391319275,848,49.15505933761597,848,49.36957812309265,848,50.14816689491272,848,50.36246180534363,848,50.604230642318726,848,50.84434676170349,848,51.31414985656738,848,51.53943586349487,848,51.75412201881409,848,52.21462845802307,848,52.4340386390686,848,53.21819734573364,848,53.460455656051636,848,53.681007862091064,848,53.91689658164978,848,54.13920545578003,848,54.36899137496948,848,55.16614079475403,848,55.40974283218384,848,55.62658739089966,848,55.86598253250122,848,56.074063777923584,848,56.297276735305786,848,56.522316455841064,848,56.76939010620117,848,56.98899555206299,848,57.212015867233276,848,57.50975036621094,848,57.73782420158386,848,57.94389319419861,848,58.182875871658325,848,58.39234137535095,848,59.171887159347534,848,59.39573049545288,848,59.63260269165039,848,59.85375380516052,848,60.09554719924927
28,random_graphs/triangle/r1.5k24n16/graph28.lgbin,1438,45.42749524116516,878,1687,0,1573,0.28737974166870117,1500,0.6420576572418213,1361,0.931535005569458,1328,1.1685020923614502,1238,1.4809281826019287,1193,1.7614531517028809,1160,1.9583866596221924,1081,2.450343608856201,1047,2.700256109237671,998,2.993417978286743,997,4.562829256057739,997,6.14021372795105,994,6.378517389297485,992,6.643221378326416,980,6.927274465560913,978,7.124629497528076,966,7.39878249168396,964,7.6075804233551025,963,7.889633893966675,956,8.175890922546387,951,8.461445093154907,951,8.693710565567017,947,8.885333061218262,947,9.081417322158813,944,9.371211290359497,941,9.643430471420288,940,9.87323808670044,927,10.149035215377808,927,10.370691061019897,921,10.653247594833374,921,10.860251426696777,921,11.104397296905518,920,11.385470867156982,919,11.746575355529785,919,11.983999013900757,919,12.513227701187134,917,13.909202575683594,916,14.201823711395264,916,14.446701765060425,916,14.640551090240479,916,14.885772228240967,916,15.115034341812134,916,15.35797643661499,913,15.650059461593628,913,15.866782188415527,913,16.113211154937744,913,17.519831895828247,913,17.827038764953613,906,18.115097522735596,905,18.394524574279785,905,18.645141124725342,905,18.89043617248535,900,19.167989492416382,898,19.46039390563965,898,19.70559549331665,898,19.91769504547119,898,20.126672506332397,898,21.5182466506958,887,21.794435024261475,885,22.03111958503723,885,22.269402503967285,885,22.507863521575928,885,22.818671226501465,883,23.091036796569824,883,23.32426953315735,881,23.606855154037476,881,24.979178190231323,881,25.21101689338684,880,25.618374586105347,880,25.816692113876343,880,26.058624505996704,880,26.274439334869385,880,26.552121877670288,880,26.791348934173584,880,27.031862258911133,880,27.27768039703369,880,27.496424674987793,880,29.10792851448059,880,30.71594738960266,880,30.90805745124817,880,31.14206027984619,879,31.41946792602539,879,31.665424346923828,879,32.110512018203735,879,32.32462120056152,879,32.877042055130005,879,33.1165885925293,879,33.35534977912903,879,33.59290671348572,879,33.814550161361694,879,34.04475545883179,879,34.27395415306091,879,34.482013463974,879,36.06760787963867,879,36.30444931983948,879,36.50154638290405,879,36.74393820762634,879,36.98387050628662,879,37.206602334976196,879,37.42336130142212,879,37.66466450691223,879,37.90133500099182,879,38.09463548660278,879,38.33454513549805,879,38.5622181892395,879,38.86811947822571,879,39.115509271621704,879,39.35335731506348,879,39.548142194747925,879,39.78372859954834,879,40.215867042541504,879,40.4506733417511,879,40.64761233329773,879,42.28303933143616,879,42.529837131500244,879,42.747889041900635,879,42.964853286743164,879,43.27424740791321,879,43.518985986709595,879,43.76182532310486,879,45.392871379852295,879,45.63753914833069,879,45.83073329925537,879,46.07390332221985,879,46.315348863601685,879,46.554383277893066,879,46.75065875053406,879,48.36208486557007,879,48.550713777542114,879,48.78888988494873,879,49.02400231361389,879,49.24554514884949,879,49.47628045082092,879,49.68604803085327,879,49.92182493209839,879,50.12238168716431,879,50.360230684280396,879,50.639185190200806,879,50.879467725753784,879,51.11968421936035,879,51.34824013710022,879,51.53837704658508,879,51.97034549713135,879,52.20896530151367,879,53.8525390625,879,54.093308448791504,878,54.61154007911682,878,54.8528368473053,878,55.066274642944336,878,55.26234292984009,878,56.8769850730896,878,57.11606001853943,878,57.35262322425842,878,57.77448892593384,878,57.97016882896423,878,58.43311786651611,878,58.673022747039795,878,60.10961937904358
29,random_graphs/triangle/r1.5k24n16/graph29.lgbin,1438,40.32540988922119,899,1887,0,1746,0.3276379108428955,1690,2.1238133907318115,1590,2.3943138122558594,1550,2.7712042331695557,1447,3.054208517074585,1352,3.304680347442627,1265,3.621915817260742,1207,3.9407923221588135,1110,4.372055768966675,1100,4.910480499267578,1100,5.4499218463897705,1079,5.720094203948975,1079,5.982104778289795,1074,6.250272750854492,1068,6.48506498336792,1054,6.911513805389404,1042,7.186371564865112,984,7.437544345855713,963,7.72837495803833,933,8.015461206436157,931,8.307889938354492,931,8.569502353668213,926,8.84000849723816,925,9.218909740447998,925,9.473454236984253,925,9.703477621078491,925,9.907587766647339,915,10.159605741500854,915,10.375118255615234,915,10.603357791900635,915,10.84019160270691,915,11.19540023803711,913,11.441250324249268,913,11.676658391952515,910,11.936220169067383,904,12.238868951797485,903,12.501336812973022,901,12.753853559494019,901,13.328660488128662,901,13.574387311935425,901,13.805759906768799,901,14.01338505744934,901,14.261983156204224,901,14.478912115097046,900,14.752012252807617,900,14.991401195526123,900,15.221552848815918,900,15.426155090332031,900,15.66369080543518,900,16.030497312545776,900,16.591934204101562,900,16.839094400405884,899,17.07492756843567,899,17.31251549720764,899,17.5484778881073,899,17.751604318618774,899,17.949503183364868,899,18.519091606140137,899,18.74017858505249,899,18.993971824645996,899,19.36121416091919,899,19.579107761383057,899,19.808624029159546,899,20.047375202178955,899,20.250831842422485,899,20.816608905792236,899,21.021032571792603,899,21.26769471168518,899,21.685418128967285,899,21.939948081970215,899,22.153714179992676,899,22.38908815383911,899,22.947982788085938,899,23.35144853591919,899,23.605673789978027,899,23.821465015411377,899,24.054267406463623,899,24.288488388061523,899,24.521788120269775,899,25.091451406478882,899,25.346227645874023,899,25.55739688873291,899,25.77578377723694,899,26.010645627975464,899,26.209269762039185,899,26.431601762771606,899,26.668977975845337,899,26.901747703552246,899,27.156484127044678,899,27.570023775100708,899,27.782764196395874,899,28.014833450317383,899,28.22480297088623,899,28.460694074630737,899,28.694359064102173,899,28.922807216644287,899,29.175208806991577,899,29.38603639602661,899,29.58473253250122,899,29.813302516937256,899,30.013275623321533,899,30.252901554107666,899,30.485187530517578,899,30.713236331939697,899,30.966050386428833,899,31.181387186050415,899,31.383108615875244,899,31.614803552627563,899,31.972511291503906,899,32.178147077560425,899,32.7469916343689,899,32.97789144515991,899,33.208475828170776,899,33.461063623428345,899,33.67512512207031,899,33.88985252380371,899,34.08316230773926,899,34.327390909194946,899,34.56097459793091,899,35.1257848739624,899,35.36328172683716,899,35.59416151046753,899,35.804290771484375,899,36.00421094894409,899,36.57661724090576,899,36.98841619491577,899,37.225948333740234,899,37.42914319038391,899,37.65936732292175,899,37.89110064506531,899,38.108149766922,899,38.330936670303345,899,38.854981660842896,899,39.42712950706482,899,39.659834146499634,899,39.873746156692505,899,40.1136040687561,899,40.31534481048584,899,40.53313446044922,899,40.7846953868866,899,41.000709772109985,899,41.56421494483948,899,41.77162551879883,899,41.97396421432495,899,42.22852373123169,899,42.45115661621094,899,42.66582107543945,899,43.229103565216064,899,43.43768000602722,899,43.659385204315186,899,43.9145712852478,899,44.158984661102295,899,44.39774537086487,899,44.62774467468262,899,45.19114923477173,899,45.41182351112366,899,45.66659092903137,899,45.91315221786499,899,46.149330139160156,899,46.38339042663574,899,46.5897958278656,899,47.164480447769165,899,47.60071301460266,899,47.814117431640625,899,48.035560607910156,899,48.29285955429077,899,48.5331597328186,899,48.769187688827515,899,49.00313925743103,899,49.56603765487671,899,49.80469250679016,899,50.062124252319336,899,50.254987716674805,899,50.48974084854126,899,50.730695486068726,899,51.293277978897095,899,51.54947471618652,899,51.75213098526001,899,51.98772716522217,899,52.589986085891724,899,52.812822103500366,899,53.009140968322754,899,53.242066383361816,899,53.80977511405945,899,54.03035640716553,899,54.282065629959106,899,54.501041889190674,899,54.73537278175354,899,54.960333585739136,899,55.21420240402222,899,55.43094062805176,899,55.668150663375854,899,55.882357358932495,899,56.105196475982666,899,56.33843469619751,899,56.55126476287842,899,56.77593421936035,899,56.99909162521362,899,57.23209762573242,899,57.44344115257263,899,57.67372393608093,899,57.89417123794556,899,58.094839334487915,899,58.33053636550903,899,58.542317152023315,899,58.89342761039734,899,59.1151602268219,899,59.323665380477905,899,59.89209699630737,899,60.08769941329956
30,random_graphs/triangle/r1.5k24n16/graph30.lgbin,1438,42.28807544708252,741,1679,0,1616,0.2843914031982422,1559,0.5736556053161621,1454,1.2268900871276855,1401,1.560605764389038,1314,1.9742298126220703,1241,2.2138822078704834,1198,2.6342432498931885,1114,2.9181957244873047,1113,3.230621099472046,1038,3.8025877475738525,1021,4.564032793045044,954,4.863458156585693,954,5.499234676361084,954,5.739364862442017,938,6.039096117019653,918,6.306072473526001,906,6.752020597457886,885,7.028939723968506,872,7.297687530517578,810,7.567786455154419,794,7.846503734588623,790,8.247568845748901,790,8.640313863754272,790,8.883474111557007,786,9.131004095077515,786,9.361119508743286,786,9.619884729385376,784,9.877391815185547,784,10.081008911132812,782,10.374006271362305,782,10.619366884231567,775,10.925729751586914,775,11.510439157485962,774,11.75625491142273,774,12.003591299057007,774,12.23507022857666,774,12.480878591537476,773,13.03593897819519,773,13.44715690612793,773,13.697707653045654,770,13.9426748752594,768,14.251073122024536,768,14.513832569122314,768,14.74309754371643,768,14.9746994972229,768,15.230512142181396,768,16.07822823524475,768,16.320135831832886,766,16.609042167663574,761,16.91200089454651,761,17.162322282791138,761,17.422306537628174,761,17.661378145217896,761,18.51303243637085,761,18.74271249771118,761,18.964494228363037,757,19.24941372871399,757,19.497204542160034,757,19.737125635147095,757,19.951703548431396,757,20.21101665496826,757,20.455507516860962,757,21.29775643348694,757,21.532454013824463,757,21.734526872634888,757,21.977728128433228,757,22.21862006187439,757,22.430196285247803,757,23.28328514099121,757,23.483766078948975,757,23.712371826171875,757,23.964680910110474,756,24.23545742034912,756,24.461872100830078,756,24.712774515151978,756,24.955090522766113,756,25.369556665420532,756,25.599475622177124,756,26.442182302474976,756,26.644174575805664,756,26.905675411224365,756,27.146571397781372,756,27.37260389328003,756,27.633785009384155,756,28.48404359817505,756,28.706490993499756,756,28.922111749649048,756,29.16265320777893,756,29.40782070159912,756,29.66385841369629,756,29.915293216705322,756,30.171390295028687,756,31.01603055000305,756,31.25057077407837,756,31.46990990638733,756,31.71410632133484,754,31.981136322021484,754,32.20224642753601,754,32.45583200454712,754,32.726699113845825,754,33.59575080871582,754,33.82931566238403,753,34.080947160720825,753,34.63077139854431,753,34.8428373336792,753,35.08012247085571,753,35.30123567581177,753,35.88789176940918,753,36.13910722732544,753,36.37942934036255,750,36.65602707862854,750,36.877973318099976,750,37.13644027709961,750,37.37812805175781,750,37.61552309989929,750,37.8748037815094,750,38.72486138343811,750,38.97628307342529,750,39.23196744918823,748,39.46160864830017,748,39.70065450668335,748,40.115681171417236,748,40.357147216796875,748,41.196216344833374,748,41.44874620437622,748,41.692065954208374,742,41.948604345321655,742,42.17418074607849,742,42.41370868682861,742,43.25721597671509,742,43.508853912353516,742,43.7680242061615,741,43.98348546028137,741,44.1967830657959,741,44.44017434120178,741,44.65136170387268,741,44.882246255874634,741,45.14154052734375,741,45.39363431930542,741,45.603978633880615,741,45.82733178138733,741,46.054667472839355,741,46.316752195358276,741,46.53401231765747,741,46.74687457084656,741,47.00693893432617,741,47.20592737197876,741,47.43077063560486,741,48.26763439178467,741,48.51473903656006,741,48.72907757759094,741,48.96406579017639,741,49.205660581588745,741,50.04808712005615,741,50.295225620269775,741,50.52261543273926,741,50.73706102371216,741,50.95866847038269,741,51.19503998756409,741,51.44242596626282,741,51.65534472465515,741,51.88739323616028,741,52.093928813934326,741,52.330528020858765,741,52.5664803981781,741,52.82614064216614,741,53.07105469703674,741,53.28899359703064,741,53.51369881629944,741,54.07744026184082,741,54.31730818748474,741,54.56001377105713,741,54.82622051239014,741,55.23173999786377,741,55.482393741607666,741,55.70863437652588,741,55.94396257400513,741,56.7910532951355,741,57.04934859275818,741,57.287282943725586,741,57.55177164077759,741,58.100762128829956,741,58.32703757286072,741,58.566099405288696,741,59.4122896194458,741,59.6709680557251,741,59.89472699165344,741,60.10109186172485
31,random_graphs/triangle/r1.5k24n16/graph31.lgbin,1438,43.37296104431152,930,1703,0,1679,0.5069241523742676,1594,1.329172134399414,1547,1.6867084503173828,1520,1.9471423625946045,1409,2.252694845199585,1292,2.5294432640075684,1226,2.947007179260254,1190,3.224236249923706,1145,3.5954091548919678,1111,3.880587577819824,1101,4.10882830619812,1101,4.3087077140808105,1080,4.6451804637908936,1080,4.88400673866272,1039,5.157755136489868,1039,5.929436922073364,1036,6.201074600219727,1019,6.475865364074707,1012,6.746171474456787,1004,7.186219930648804,1002,7.431276798248291,1002,8.423816919326782,1001,8.66099214553833,999,8.906970977783203,999,9.146776676177979,999,9.379337549209595,999,9.621248722076416,989,9.807870864868164,989,10.035595655441284,989,10.779457569122314,989,11.486132860183716,989,11.715165138244629,969,11.989079713821411,955,12.529151201248169,955,12.768692255020142,953,13.04403305053711,951,13.336150407791138,951,13.586693048477173,951,13.822466135025024,950,14.047879934310913,950,15.162190675735474,944,15.432742834091187,939,15.700897932052612,939,15.928357124328613,939,16.156933307647705,939,16.89111876487732,939,17.111809730529785,939,17.343181371688843,933,17.570894956588745,932,17.81480312347412,932,18.046351432800293,932,18.28619933128357,932,18.499337911605835,932,18.690855741500854,932,18.92006492614746,932,19.152550220489502,932,19.827751874923706,932,20.576736450195312,932,20.790621519088745,932,21.020986557006836,932,21.250366926193237,932,21.482528686523438,932,22.11828112602234,932,22.31723380088806,932,22.54856777191162,932,23.290425777435303,932,23.501935243606567,932,23.728660821914673,932,23.956093311309814,932,24.177635192871094,932,24.4211585521698,932,24.612495183944702,932,24.84468650817871,932,25.582382440567017,932,25.816978216171265,932,26.03214120864868,932,26.259047746658325,932,26.49000883102417,932,26.731321096420288,932,27.01299500465393,932,27.746023178100586,932,27.977532386779785,932,28.208366870880127,932,28.434139013290405,932,28.6653151512146,932,28.863154649734497,932,29.10810112953186,932,29.86721396446228,932,30.098660230636597,932,30.32620882987976,932,30.558034896850586,932,30.75762391090393,932,30.97662591934204,932,31.22024178504944,932,31.950418710708618,932,32.18263602256775,932,32.41042876243591,932,32.63059186935425,932,32.86451721191406,932,33.08070135116577,932,33.32321095466614,932,34.06037759780884,932,34.290560722351074,932,34.5193235874176,932,34.7484872341156,932,35.451417684555054,932,35.647746324539185,932,35.859721660614014,932,36.09800744056702,932,36.83618116378784,932,37.06563639640808,931,40.89808106422424,931,41.14177894592285,931,41.36694955825806,931,41.759949684143066,931,42.00658917427063,930,42.80592155456543,930,43.0509672164917,930,43.28246331214905,930,43.47738599777222,930,43.697176694869995,930,43.93715167045593,930,44.74685049057007,930,44.98278450965881,930,45.20275378227234,930,45.410969972610474,930,45.65635395050049,930,45.893476486206055,930,46.12349605560303,930,46.352609157562256,930,46.59708094596863,930,46.83042907714844,930,47.06133675575256,930,47.2925386428833,930,47.67301845550537,930,47.910046100616455,930,48.14656853675842,930,48.384745836257935,930,48.61844444274902,930,48.820305585861206,930,49.47035837173462,930,49.70534062385559,930,49.926671266555786,930,50.1595344543457,930,50.39957141876221,930,50.633007287979126,930,50.86700105667114,930,51.095622062683105,930,51.30375266075134,930,51.536198139190674,930,51.75195026397705,930,51.99461126327515,930,52.22158074378967,930,53.02515625953674,930,53.223058462142944,930,53.4538893699646,930,53.68402981758118,930,53.91418719291687,930,54.156646490097046,930,54.97920823097229,930,55.20662021636963,930,55.40255808830261,930,55.63456153869629,930,56.43091797828674,930,56.6276216506958,930,56.843682527542114,930,57.07125115394592,930,57.30291962623596,930,57.53437805175781,930,58.06944179534912,930,58.87826132774353,930,59.10598373413086,930,59.33668637275696,930,59.56802439689636,930,59.79662251472473,930,60.02087354660034
32,random_graphs/triangle/r1.5k24n16/graph32.lgbin,1438,45.365365505218506,906,1696,0,1604,0.45662808418273926,1538,0.7672796249389648,1465,2.0068917274475098,1403,2.2645199298858643,1323,2.6234238147735596,1288,4.533353090286255,1223,4.808520078659058,1173,5.079827070236206,1102,5.433362007141113,1073,6.016158580780029,1019,6.222074508666992,1019,6.42806339263916,1019,7.361074447631836,1007,7.635377883911133,1002,7.899277925491333,992,8.222917795181274,972,8.522812366485596,969,8.771935939788818,966,9.033262968063354,952,9.594521522521973,952,9.814820289611816,952,10.277942895889282,951,10.483039617538452,951,11.03100872039795,948,11.317157506942749,935,11.873610258102417,928,12.173492908477783,928,12.726090431213379,928,12.978440761566162,928,13.219099283218384,928,13.4347505569458,928,13.867995500564575,928,14.118438005447388,928,14.331741571426392,928,15.270470142364502,911,15.555137872695923,911,15.767673254013062,911,16.009345769882202,911,16.56550168991089,911,16.767093420028687,910,17.025462865829468,908,17.248128652572632,908,17.45318078994751,908,18.40287494659424,907,18.71147394180298,907,18.957142114639282,907,19.17397451400757,906,19.77971911430359,906,20.383930683135986,906,20.6199369430542,906,20.874986171722412,906,21.11900782585144,906,22.040898323059082,906,22.545871257781982,906,22.765180110931396,906,22.975418090820312,906,23.189045429229736,906,23.790338277816772,906,24.0346360206604,906,24.287362098693848,906,24.514487981796265,906,25.014633178710938,906,25.231108903884888,906,25.835663318634033,906,26.758867025375366,906,27.015206336975098,906,27.231592893600464,906,27.473384380340576,906,27.723519802093506,906,27.950620651245117,906,28.17100238800049,906,28.417287826538086,906,29.342165231704712,906,29.595659494400024,906,29.811930179595947,906,30.412471055984497,906,30.65558385848999,906,30.87698531150818,906,31.075351238250732,906,31.31351661682129,906,32.25152516365051,906,32.468403577804565,906,32.722508907318115,906,33.32543134689331,906,33.56965708732605,906,33.78880500793457,906,34.00650095939636,906,34.24412655830383,906,34.481417655944824,906,35.4256546497345,906,35.64284920692444,906,35.886147260665894,906,36.10457897186279,906,36.3046669960022,906,36.55659627914429,906,36.799227237701416,906,37.010321855545044,906,37.24979090690613,906,38.121071100234985,906,39.035202503204346,906,39.27969551086426,906,39.484370946884155,906,40.08914589881897,906,40.33368182182312,906,40.549288272857666,906,41.460219860076904,906,41.7131667137146,906,41.919233083724976,906,42.15316677093506,906,42.35427761077881,906,42.95575976371765,906,43.19555306434631,906,44.128376960754395,906,44.36969828605652,906,44.85324692726135,906,45.06531095504761,906,45.67326045036316,906,45.92293572425842,906,46.16226577758789,906,46.41159963607788,906,46.874974727630615,906,47.08601427078247,906,47.30592203140259,906,47.78888511657715,906,48.03956484794617,906,48.27662777900696,906,48.494651079177856,906,48.741703748703,906,49.65727424621582,906,50.253713846206665,906,50.50317120552063,906,50.74168014526367,906,50.97946214675903,906,51.193297147750854,906,51.696850061416626,906,52.621541261672974,906,52.8399760723114,906,53.039297342300415,906,53.28949522972107,906,53.889626026153564,906,54.13197636604309,906,54.33880114555359,906,54.78991174697876,906,55.706138372421265,906,55.920520544052124,906,56.171823263168335,906,56.407840967178345,906,56.62080383300781,906,56.85924172401428,906,57.76563906669617,906,57.9929940700531,906,58.18919539451599,906,58.442140102386475,906,58.65920424461365,906,59.574490785598755,906,59.816959381103516,906,60.013415575027466
33,random_graphs/triangle/r1.5k24n16/graph33.lgbin,1438,41.24094367027283,1045,1867,0,1795,0.29792356491088867,1741,0.5742542743682861,1704,1.0536160469055176,1634,1.890920639038086,1561,2.464266061782837,1561,2.9172165393829346,1505,3.1896536350250244,1411,3.4795448780059814,1371,3.760960817337036,1305,4.5036187171936035,1205,4.742027997970581,1149,5.234302282333374,1143,5.990274906158447,1143,6.249589681625366,1143,6.495740175247192,1140,6.778453350067139,1130,7.040595293045044,1116,7.299072504043579,1110,7.571388483047485,1091,7.856301307678223,1084,8.127471923828125,1084,8.362377643585205,1082,8.843320369720459,1075,9.077881813049316,1073,9.343580961227417,1073,9.575588941574097,1073,9.797529697418213,1072,10.05959153175354,1067,10.343414783477783,1067,10.58349084854126,1067,10.805908918380737,1067,11.049120426177979,1065,11.313039064407349,1061,11.71043848991394,1056,12.008972883224487,1056,12.274930715560913,1056,12.52908182144165,1056,13.03861141204834,1056,13.512487888336182,1056,13.750185251235962,1056,13.973959684371948,1056,14.220036029815674,1056,14.494109869003296,1054,14.775130271911621,1052,15.047252178192139,1052,15.278790950775146,1052,15.515438795089722,1052,15.738239765167236,1051,16.032629013061523,1051,16.294153451919556,1051,16.52896547317505,1050,16.768802404403687,1050,17.285366773605347,1050,17.521245002746582,1050,17.971526622772217,1050,18.21683168411255,1050,18.43861198425293,1050,18.662894010543823,1050,18.90110945701599,1050,19.16812753677368,1050,19.396724224090576,1050,19.63002848625183,1050,19.896619081497192,1050,20.408666610717773,1050,20.63583731651306,1050,20.907859325408936,1050,21.12638545036316,1045,21.385618209838867,1045,21.614537000656128,1045,22.1222026348114,1045,22.35408663749695,1045,22.59102201461792,1045,22.811055183410645,1045,23.0715548992157,1045,23.31060028076172,1045,23.55377769470215,1045,23.781753063201904,1045,24.022907972335815,1045,24.531339168548584,1045,24.770538806915283,1045,25.007489442825317,1045,25.473431825637817,1045,25.736911058425903,1045,25.971387147903442,1045,26.216749906539917,1045,26.440857887268066,1045,26.945977210998535,1045,27.17283844947815,1045,27.405917406082153,1045,27.67816996574402,1045,27.89835524559021,1045,28.12852931022644,1045,28.35619068145752,1045,28.598929166793823,1045,28.823920249938965,1045,29.064717292785645,1045,29.29586362838745,1045,29.54144310951233,1045,29.767541885375977,1045,30.008850812911987,1045,30.242319107055664,1045,30.471771717071533,1045,30.738333463668823,1045,30.96363091468811,1045,31.21072483062744,1045,31.43056845664978,1045,31.6728777885437,1045,32.20293927192688,1045,32.44133996963501,1045,32.86617565155029,1045,33.12688875198364,1045,33.35595226287842,1045,33.6163866519928,1045,33.84955930709839,1045,34.086341857910156,1045,34.32781910896301,1045,34.847150802612305,1045,35.10861587524414,1045,35.330925703048706,1045,35.549073934555054,1045,35.818238735198975,1045,36.05172896385193,1045,36.28496265411377,1045,36.725733280181885,1045,36.959449768066406,1045,37.1855525970459,1045,37.65641450881958,1045,37.91530418395996,1045,38.13851881027222,1045,38.42695665359497,1045,38.66881799697876,1045,38.90594005584717,1045,39.13404989242554,1045,39.359731674194336,1045,39.87566328048706,1045,40.13555908203125,1045,40.36113953590393,1045,40.626927852630615,1045,40.869768142700195,1045,41.10505199432373,1045,41.55740308761597,1045,41.79401421546936,1045,42.021369218826294,1045,42.24561786651611,1045,42.74632716178894,1045,43.004024028778076,1045,43.24531936645508,1045,43.46950626373291,1045,43.71801495552063,1045,43.95220685005188,1045,44.40876841545105,1045,44.64285850524902,1045,44.90472745895386,1045,45.13140797615051,1045,45.640814542770386,1045,45.900076150894165,1045,46.131258487701416,1045,46.379488706588745,1045,46.619723081588745,1045,47.14695382118225,1045,47.37017631530762,1045,47.87654423713684,1045,48.14313721656799,1045,48.3899610042572,1045,48.62895464897156,1045,49.03856301307678,1045,49.26828694343567,1045,49.53104090690613,1045,49.77307081222534,1045,50.01151394844055,1045,50.4848530292511,1045,50.9811589717865,1045,51.21076679229736,1045,51.47294354438782,1045,51.71365690231323,1045,51.95181393623352,1045,52.419244050979614,1045,52.6523232460022,1045,53.16145086288452,1045,53.423120737075806,1045,53.642634868621826,1045,53.912086725234985,1045,54.15715765953064,1045,54.519535779953,1045,54.758589029312134,1045,54.99329113960266,1045,55.507239818573,1045,55.77452063560486,1045,56.001505613327026,1045,56.25209426879883,1045,56.49031138420105,1045,56.723989486694336,1045,57.23642683029175,1045,57.457956075668335,1045,57.706873178482056,1045,58.171746015548706,1045,58.40473914146423,1045,58.858617544174194,1045,59.08481478691101,1045,59.34192633628845,1045,59.59118342399597,1045,60.10302209854126
34,random_graphs/triangle/r1.5k24n16/graph34.lgbin,1438,40.78992199897766,988,1877,0,1822,0.28203821182250977,1726,0.586212158203125,1672,1.0539560317993164,1579,1.3704843521118164,1457,1.6580336093902588,1417,1.9562900066375732,1348,2.418644905090332,1266,2.7276298999786377,1231,3.0420656204223633,1201,3.3318724632263184,1199,3.6005401611328125,1186,3.853539228439331,1186,4.120393991470337,1175,5.68660831451416,1174,6.011667490005493,1174,6.457963943481445,1174,6.71393609046936,1165,6.96236252784729,1147,7.257106065750122,1145,7.691272974014282,1139,7.955015182495117,1138,8.229676485061646,1138,8.456478834152222,1136,8.709152460098267,1135,9.002193450927734,1135,9.226631164550781,1135,9.475612163543701,1135,9.726335763931274,1135,10.28511929512024,1125,10.595098972320557,1125,10.833029747009277,1115,11.12772512435913,1115,11.574997663497925,1115,11.844197034835815,1111,12.099035263061523,1097,12.403602600097656,1097,12.663841724395752,1082,12.927615404129028,1082,13.604233741760254,1076,13.976760864257812,1076,14.23114800453186,1076,14.48068618774414,1073,14.76646637916565,1073,15.012321949005127,1073,15.255277395248413,1073,15.506901264190674,1073,15.749753952026367,1073,16.00442934036255,1073,16.264755487442017,1067,16.580560445785522,1067,17.02936887741089,1065,17.282018423080444,1065,17.965733766555786,1065,18.23318600654602,1065,18.445778131484985,1065,18.6667799949646,1064,18.954809427261353,1062,19.255014419555664,1062,19.511168479919434,1062,19.95916223526001,1062,20.520036458969116,1060,20.83439874649048,1049,21.136449337005615,1049,21.39572548866272,1049,21.62045192718506,1042,21.919382333755493,1042,22.177770614624023,1033,22.48590874671936,1028,22.785019874572754,1028,23.045615196228027,1022,23.398959159851074,1022,23.846529722213745,1021,24.107537508010864,1021,24.367964506149292,1018,24.65827703475952,1018,24.92276692390442,1018,25.174795627593994,1018,25.39594531059265,1018,25.62524151802063,1012,25.925556421279907,1012,26.181544542312622,1012,26.620988607406616,1012,26.880931615829468,1012,27.095481395721436,1012,27.3498318195343,1012,27.602198600769043,1012,27.856287479400635,1008,28.13249897956848,1008,28.368269443511963,1008,28.81773829460144,1006,29.080302000045776,1006,29.340190172195435,1006,30.025556802749634,1006,30.237905025482178,1006,30.484980821609497,1000,30.781491994857788,1000,31.03723669052124,1000,31.289092779159546,1000,31.731990337371826,999,31.977958917617798,996,32.22342085838318,995,32.53979253768921,995,32.79852604866028,995,33.015573263168335,995,33.27018165588379,992,33.5290412902832,991,33.81077003479004,991,34.06481742858887,991,34.32690930366516,991,34.58059549331665,991,35.027111768722534,991,35.28328895568848,991,35.502281188964844,991,35.757609605789185,990,36.01310658454895,990,36.23807334899902,990,36.495564699172974,990,36.95278811454773,990,37.404308557510376,990,37.66293239593506,990,37.91557765007019,990,38.13080382347107,988,38.38438940048218,988,38.64049577713013,988,38.90122175216675,988,39.159096002578735,988,39.41799592971802,988,39.64184594154358,988,39.89534020423889,988,40.34652590751648,988,40.605536222457886,988,40.86515545845032,988,41.12293362617493,988,41.36137509346008,988,41.58258652687073,988,41.83867383003235,988,42.281604051589966,988,42.53902292251587,988,42.79849910736084,988,43.03550720214844,988,43.24909949302673,988,43.50173091888428,988,43.9469039440155,988,44.16600513458252,988,44.42365598678589,988,44.678486585617065,988,44.933526277542114,988,45.155962228775024,988,45.4787380695343,988,45.92572021484375,988,46.48527693748474,988,46.720672369003296,988,46.990928411483765,988,47.24995136260986,988,47.49178171157837,988,47.748881816864014,988,48.200870513916016,988,48.6606502532959,988,48.928324699401855,988,49.14543962478638,988,49.401116609573364,988,49.659470081329346,988,49.91678738594055,988,50.16082835197449,988,50.61622905731201,988,51.1747043132782,988,51.43357610702515,988,51.70315909385681,988,51.920883893966675,988,52.14602613449097,988,52.40841579437256,988,52.67463254928589,988,52.920297384262085,988,53.37547278404236,988,53.92841625213623,988,54.19199824333191,988,54.417176961898804,988,54.67737340927124,988,54.93457794189453,988,55.381163597106934,988,55.59749388694763,988,55.86122107505798,988,56.12158489227295,988,56.35655879974365,988,56.604268074035645,988,56.86756372451782,988,57.13118767738342,988,57.58179545402527,988,57.84976053237915,988,58.41650390625,988,58.67802143096924,988,58.921096324920654,988,59.173099994659424,988,59.61423969268799,988,59.87392854690552,988,60.10012936592102
35,random_graphs/triangle/r1.5k24n16/graph35.lgbin,1438,41.971559047698975,926,1680,0,1562,0.3487129211425781,1511,0.6363904476165771,1453,0.916562557220459,1403,1.1854112148284912,1328,2.157527446746826,1261,2.59958815574646,1209,3.1925315856933594,1127,3.7098796367645264,1090,3.9924685955047607,1037,4.614185333251953,1021,4.876369953155518,1021,5.1340415477752686,1012,6.0814759731292725,1012,6.32035493850708,1002,6.599630832672119,987,6.875362396240234,963,7.1529765129089355,963,8.002094745635986,955,8.471830129623413,954,8.704785585403442,954,8.965152978897095,953,9.392009735107422,953,9.61579704284668,949,9.854271650314331,949,10.126651525497437,949,10.460205078125,943,11.013586521148682,943,11.552773714065552,943,11.785744905471802,943,12.054109811782837,943,12.314526796340942,943,12.546036720275879,943,13.15213680267334,936,13.428773403167725,936,13.977273941040039,936,14.240254402160645,929,14.523191452026367,929,14.769407033920288,927,15.02407693862915,927,15.263826847076416,926,15.538816213607788,926,15.75895619392395,926,15.987025260925293,926,16.248192071914673,926,16.47834539413452,926,16.815971851348877,926,17.40333318710327,926,17.64911961555481,926,17.911043882369995,926,18.15200114250183,926,18.773345470428467,926,19.24000120162964,926,19.45895290374756,926,19.726483821868896,926,20.334796667099,926,20.878019332885742,926,21.212024211883545,926,21.453916788101196,926,21.695362091064453,926,21.94216227531433,926,22.201324701309204,926,22.438631772994995,926,22.705368757247925,926,22.93191361427307,926,23.194174766540527,926,23.534739017486572,926,23.780741930007935,926,24.022597789764404,926,24.220055103302002,926,24.45224618911743,926,25.06900453567505,926,25.336681604385376,926,25.598487615585327,926,25.825087308883667,926,26.065956592559814,926,26.259658575057983,926,26.60635757446289,926,26.8533616065979,926,27.072149753570557,926,27.29939603805542,926,27.90799117088318,926,28.14443278312683,926,28.397696018218994,926,28.625704050064087,926,28.89076828956604,926,29.500497341156006,926,29.842750549316406,926,30.094954252243042,926,30.335601568222046,926,30.56584620475769,926,30.78683376312256,926,31.04345726966858,926,31.307903289794922,926,31.541229009628296,926,31.880167961120605,926,32.12379550933838,926,32.362592697143555,926,32.59214115142822,926,32.829116106033325,926,33.09680700302124,926,33.35649752616882,926,33.59059953689575,926,33.92610025405884,926,34.165499448776245,926,34.400513648986816,926,34.616514921188354,926,35.2238073348999,926,35.43656873703003,926,35.656272649765015,926,35.92684721946716,926,36.15980339050293,926,36.41918897628784,926,36.753042221069336,926,36.99134182929993,926,37.59738039970398,926,38.05734086036682,926,38.276400566101074,926,38.54285502433777,926,38.77338194847107,926,39.0355339050293,926,39.369046449661255,926,39.60838508605957,926,40.20750832557678,926,40.80249547958374,926,41.06495141983032,926,41.28678822517395,926,41.52845096588135,926,41.86270880699158,926,42.09042692184448,926,42.65875029563904,926,43.190685510635376,926,43.42791438102722,926,43.65480709075928,926,43.916422843933105,926,44.15826630592346,926,44.393343925476074,926,44.723684310913086,926,44.94865608215332,926,45.546260595321655,926,45.762882471084595,926,45.99676322937012,926,46.23205590248108,926,46.47346806526184,926,46.806753158569336,926,47.02505874633789,926,47.63278341293335,926,47.87369441986084,926,48.06811571121216,926,48.3065288066864,926,48.54726815223694,926,48.784075021743774,926,49.38406705856323,926,49.64611029624939,926,49.883116722106934,926,50.07822847366333,926,50.318312644958496,926,50.53600478172302,926,51.14482307434082,926,51.40082550048828,926,51.639620304107666,926,51.87286853790283,926,52.47294545173645,926,52.74258232116699,926,52.958515644073486,926,53.1956672668457,926,53.45771765708923,926,54.06915640830994,926,54.32348370552063,926,54.563504457473755,926,54.82754349708557,926,55.063270807266235,926,55.392359018325806,926,55.85482883453369,926,56.48575234413147,926,56.728227853775024,926,57.00350785255432,926,57.245362758636475,926,57.58714294433594,926,58.19459676742554,926,58.797213554382324,926,59.019222021102905,926,59.26164126396179,926,59.5024676322937,926,59.73041296005249,926,59.99575686454773,926,60.1016366481781
36,random_graphs/triangle/r1.5k24n16/graph36.lgbin,1438,43.3519766330719,826,1564,0,1514,0.4853999614715576,1462,0.7327299118041992,1445,0.9868764877319336,1390,4.884633541107178,1291,5.348026514053345,1226,5.614582538604736,1160,5.932044267654419,1110,6.186927795410156,1066,7.589085102081299,1013,8.076786994934082,1008,8.5800039768219,970,8.84209680557251,970,9.06631088256836,970,9.610780477523804,945,9.880680799484253,923,10.126581192016602,894,10.37752890586853,887,11.206556558609009,882,11.523496150970459,875,11.767568826675415,874,12.350953340530396,865,12.624282598495483,865,12.86297345161438,857,13.255747556686401,857,13.526049613952637,857,13.729581832885742,856,14.198196172714233,856,14.467057228088379,856,14.690919637680054,856,14.896802186965942,855,15.208215713500977,855,15.463706731796265,852,15.69894027709961,852,15.898336172103882,851,16.162289142608643,848,16.79474949836731,846,17.06973433494568,845,17.439284801483154,845,17.675782680511475,845,17.93738102912903,842,18.247881412506104,842,18.52375030517578,841,18.758582830429077,838,19.019561290740967,838,19.52137064933777,838,19.738512992858887,838,19.939280033111572,838,20.207415342330933,836,20.510185480117798,836,21.004436492919922,836,21.27495789527893,836,21.689310789108276,836,21.886425971984863,836,22.08875298500061,836,22.611921787261963,836,22.83275008201599,836,23.332656145095825,836,23.617961645126343,836,23.889118432998657,836,24.119089603424072,836,24.341985940933228,836,24.8599271774292,835,25.262660264968872,835,25.465925693511963,835,25.927681922912598,835,26.19847583770752,835,26.430533170700073,835,26.652724027633667,832,26.89284062385559,832,27.16714572906494,829,27.738807439804077,829,27.996957778930664,829,28.202447414398193,829,28.47428321838379,829,28.706162691116333,829,28.92501473426819,829,29.201318740844727,829,29.769059419631958,829,30.027037143707275,829,30.229729413986206,827,30.457286834716797,827,30.658721923828125,827,30.92992901802063,827,31.161561250686646,827,31.68565797805786,827,31.96512246131897,827,32.53502798080444,827,32.79509949684143,826,33.04820108413696,826,33.25097298622131,826,33.52650856971741,826,33.757838010787964,826,33.961442947387695,826,34.47158670425415,826,34.749600887298584,826,35.00419020652771,826,35.23050093650818,826,35.43267369270325,826,35.7048237323761,826,35.963093757629395,826,36.1966712474823,826,36.703715801239014,826,37.18462514877319,826,37.39524245262146,826,37.597400426864624,826,37.95773243904114,826,38.1899139881134,826,38.451409339904785,826,38.97043991088867,826,39.17587327957153,826,39.375452280044556,826,39.58548450469971,826,39.796536445617676,826,40.02361583709717,826,40.22461533546448,826,40.4843168258667,826,40.98936319351196,826,41.18903088569641,826,41.39827609062195,826,41.6739706993103,826,41.90615510940552,826,42.121301889419556,826,42.34677696228027,826,42.616498708724976,826,43.14560008049011,826,43.40714406967163,826,43.6125054359436,826,43.84541702270508,826,44.12788367271423,826,44.40156126022339,826,44.923463106155396,826,45.18435096740723,826,45.378212213516235,826,45.65486526489258,826,46.147557973861694,826,46.42234802246094,826,46.93339490890503,826,47.13953185081482,826,47.39917588233948,826,47.61023426055908,826,48.099005937576294,826,48.37290382385254,826,48.597596645355225,826,48.80031371116638,826,49.318384408950806,826,49.570778131484985,826,49.76995396614075,826,49.980979919433594,826,50.25795841217041,826,50.47932410240173,826,50.68099284172058,826,51.06319451332092,826,51.27025866508484,826,51.50014901161194,826,51.77914261817932,826,52.300930976867676,826,52.57273888587952,826,52.79779124259949,826,53.00084710121155,826,53.48968720436096,826,53.72130608558655,826,53.99500370025635,826,54.26724553108215,826,54.5260009765625,826,55.09921836853027,826,55.29874277114868,826,55.50140404701233,826,55.73719644546509,826,55.95523166656494,826,56.35153937339783,826,56.629332542419434,826,56.89291954040527,826,57.31559228897095,826,57.54623365402222,826,57.75751256942749,826,57.97152853012085,826,58.23293113708496,826,58.43143701553345,826,58.66322183609009,826,58.87406921386719,826,59.12642312049866,826,59.38545751571655,826,59.9007089138031,826,60.09335660934448
37,random_graphs/triangle/r1.5k24n16/graph37.lgbin,1438,40.44962120056152,882,1726,0,1653,0.2804138660430908,1606,0.5236835479736328,1473,1.9955084323883057,1401,2.3317596912384033,1276,2.6070079803466797,1253,3.4926140308380127,1239,4.130186557769775,1186,4.418668508529663,1168,4.703796625137329,1100,5.027811288833618,1067,5.317251443862915,1067,5.571975469589233,1060,5.900118112564087,1060,6.3124518394470215,1045,6.560531377792358,1045,7.144860029220581,1042,7.417253255844116,1011,7.711580276489258,1006,8.000057697296143,1001,8.244336128234863,994,8.51413083076477,985,8.845540761947632,985,9.06534457206726,979,9.391703844070435,969,9.680232286453247,969,9.952353477478027,960,10.20200514793396,958,10.446291446685791,958,10.65902829170227,958,10.893237590789795,958,11.138863801956177,951,11.42160677909851,951,11.672221422195435,946,11.94353199005127,946,12.17337679862976,946,12.42446255683899,936,12.756696462631226,936,13.184760808944702,936,13.453689575195312,932,13.727625608444214,932,14.31640100479126,932,14.55631136894226,928,14.881223917007446,928,15.363542079925537,928,15.639288425445557,921,15.885961055755615,921,16.13295006752014,921,16.350651502609253,921,16.943218231201172,916,17.18697428703308,916,17.425427675247192,916,17.819034576416016,907,18.118025064468384,907,18.36068844795227,907,18.580469846725464,907,18.792416095733643,907,19.377212285995483,899,19.645677089691162,899,19.91579842567444,899,20.159940242767334,898,20.45408058166504,898,20.70986008644104,898,20.980350494384766,898,21.20765209197998,895,21.465213537216187,895,21.69092106819153,895,21.90462350845337,895,22.339691638946533,895,22.61172342300415,895,22.85912775993347,894,23.13939094543457,894,23.390247344970703,894,23.633673429489136,894,23.856521129608154,894,24.3272385597229,894,24.756101846694946,894,25.025628805160522,894,25.27792978286743,894,25.528228044509888,894,25.77019739151001,894,25.99041724205017,894,26.26321792602539,894,26.498106479644775,894,26.93117380142212,894,27.203969478607178,894,27.679824829101562,894,27.928794860839844,894,28.1843421459198,894,28.401788473129272,894,28.635399341583252,894,28.878594398498535,894,29.151981115341187,894,29.386611938476562,894,29.812292098999023,894,30.062378883361816,894,30.28665018081665,894,30.533366918563843,894,30.802361488342285,894,31.036746740341187,894,31.467456579208374,893,31.718072652816772,893,31.928173542022705,893,32.15818905830383,893,32.40451741218567,893,32.67041730880737,893,32.91646718978882,893,33.16693592071533,893,33.5975866317749,893,33.87066125869751,893,34.09208130836487,893,34.35763168334961,893,34.60148239135742,893,35.03513288497925,893,35.26048970222473,893,35.53472447395325,893,35.75323748588562,893,36.02485489845276,893,36.243008613586426,893,36.485543727874756,893,36.929359436035156,893,37.176023721694946,893,37.44530487060547,893,37.67888259887695,893,37.91843557357788,893,38.35010099411011,893,38.59794807434082,893,38.813385009765625,893,39.32901978492737,891,39.57575273513794,891,39.787351846694946,891,40.032679319381714,886,40.31206727027893,886,40.55576276779175,886,40.80546045303345,886,41.07991409301758,886,41.49283957481384,886,41.72820425033569,886,41.98054242134094,886,42.19949173927307,886,42.421743869781494,886,42.67177224159241,886,43.609129905700684,886,43.83703899383545,886,44.05830407142639,886,44.30049800872803,886,44.51022553443909,886,44.73411798477173,886,44.960588693618774,886,45.22454595565796,886,45.44820594787598,886,45.69360876083374,886,45.9242901802063,886,46.358219146728516,886,46.62811613082886,886,46.89771819114685,884,47.196505069732666,884,47.44794178009033,884,47.67648363113403,884,47.90873432159424,884,48.3298761844635,884,48.5711464881897,884,48.79029655456543,884,49.039607763290405,884,49.28744435310364,884,49.53920292854309,884,49.81199812889099,884,50.333537340164185,884,50.60369873046875,883,50.85428786277771,883,51.10445761680603,883,51.31977438926697,883,51.5701208114624,883,51.790740728378296,883,52.06497383117676,883,52.53840517997742,883,52.81207489967346,883,53.232091188430786,883,53.4706666469574,883,53.97867941856384,883,54.23477387428284,883,54.69911789894104,883,54.9487030506134,883,55.37597060203552,883,55.61728835105896,883,55.83684825897217,883,56.06369948387146,883,56.29764699935913,883,56.71231126785278,883,56.98117995262146,883,57.200958013534546,882,57.48174691200256,882,57.731560945510864,882,57.964699268341064,882,58.38908410072327,882,58.88800835609436,882,59.136956453323364,882,59.36395215988159,882,59.606558084487915,882,60.02756118774414
38,random_graphs/triangle/r1.5k24n16/graph38.lgbin,1438,37.68959641456604,866,1548,0,1447,0.289151668548584,1394,0.5641419887542725,1359,0.957050085067749,1295,1.2250947952270508,1270,1.5439059734344482,1182,1.8762226104736328,1123,2.140821933746338,1059,2.4599506855010986,1033,2.721031427383423,1028,3.06025767326355,1025,3.3577194213867188,1020,3.668508529663086,1008,3.9291348457336426,1002,4.251638174057007,998,4.5187668800354,995,4.762474060058594,976,5.351525545120239,963,5.651881217956543,909,5.910149097442627,909,6.127939224243164,906,6.423992395401001,906,6.664846181869507,906,6.923269987106323,897,7.241248607635498,894,7.534234046936035,893,7.80398964881897,891,8.062660694122314,890,8.355087995529175,890,8.627041339874268,889,8.894612550735474,887,9.151264667510986,887,9.357609987258911,887,9.687855958938599,881,10.075479984283447,878,10.389106512069702,877,10.649947166442871,877,10.910051107406616,877,11.142710208892822,877,11.405704021453857,873,11.698047399520874,873,11.964568376541138,873,12.210200071334839,873,12.427255392074585,872,12.740439891815186,872,13.013517379760742,872,13.231143712997437,872,13.562219381332397,872,13.776461839675903,870,14.040629863739014,870,14.286274671554565,870,14.522420406341553,870,14.782220125198364,870,15.036693811416626,869,15.298681020736694,869,15.519648551940918,869,15.854499816894531,869,16.12130379676819,869,16.335508823394775,869,16.604037761688232,869,16.852389812469482,869,17.115122318267822,868,17.38956570625305,868,17.616944551467896,868,17.83723020553589,866,18.22527551651001,866,18.561681747436523,866,18.820959329605103,866,19.085930824279785,866,19.302720546722412,866,19.542452812194824,866,19.813603162765503,866,20.02978801727295,866,20.280914545059204,866,20.61160922050476,866,20.874132871627808,866,21.11331868171692,866,21.328420877456665,866,21.592238187789917,866,21.840733528137207,866,22.06720209121704,866,22.288191556930542,866,22.55724573135376,866,22.899027824401855,866,23.161905527114868,866,23.37895131111145,866,23.642653465270996,866,23.916667699813843,866,24.14670991897583,866,24.36819314956665,866,24.628918409347534,866,24.845067739486694,866,25.07750368118286,866,25.34461760520935,866,25.561687707901,866,25.77826237678528,866,26.040624856948853,866,26.28777003288269,866,26.615098237991333,866,26.83398413658142,866,27.051162719726562,866,27.300076007843018,866,27.56149172782898,866,27.834609270095825,866,28.070238828659058,866,28.321733474731445,866,28.56284737586975,866,28.78232741355896,866,29.006916284561157,866,29.269943237304688,866,29.605631828308105,866,29.873883962631226,866,30.107388734817505,866,30.350292205810547,866,30.641865015029907,866,30.854421138763428,866,31.122323989868164,866,31.457041025161743,866,31.731301307678223,866,31.97286868095398,866,32.21550989151001,866,32.43164777755737,866,32.76473307609558,866,33.02843260765076,866,33.24935960769653,866,33.51618146896362,866,33.77623963356018,866,34.00296330451965,866,34.34277558326721,866,34.55801820755005,866,34.832932233810425,866,35.0836079120636,866,35.326454877853394,866,35.58385491371155,866,35.92298150062561,866,36.19663882255554,866,36.40458846092224,866,36.70204782485962,866,36.97127151489258,866,37.19645571708679,866,37.41152501106262,866,37.67584180831909,866,38.01537084579468,866,38.26200485229492,866,38.534308195114136,866,38.7701632976532,866,39.02973484992981,866,39.28038430213928,866,39.502580881118774,866,39.84355854988098,866,40.07137060165405,866,40.31583046913147,866,40.58717679977417,866,40.85141921043396,866,41.184239625930786,866,41.39530944824219,866,41.66996622085571,866,41.93293380737305,866,42.15251064300537,866,42.38471579551697,866,42.722315073013306,866,42.94948363304138,866,43.22515392303467,866,43.43767237663269,866,43.70439577102661,866,43.968809604644775,866,44.218674182891846,866,44.55213975906372,866,44.770341873168945,866,44.99478077888489,866,45.25518441200256,866,45.51436233520508,866,45.741400718688965,866,45.95663905143738,866,46.20707035064697,866,46.47394680976868,866,46.74082946777344,866,47.037659645080566,866,47.26014757156372,866,47.50568723678589,866,47.724430322647095,866,47.986690282821655,866,48.20084238052368,866,48.44761562347412,866,48.72398805618286,866,48.95010256767273,866,49.21795082092285,866,49.43769145011902,866,49.67403268814087,866,49.91772818565369,866,50.190927267074585,866,50.4534707069397,866,50.788060903549194,866,51.005654096603394,866,51.29403352737427,866,51.545424699783325,866,51.82253861427307,866,52.08564496040344,866,52.405218839645386,866,52.66042447090149,866,52.87803077697754,866,53.113295793533325,866,53.38805556297302,866,53.72613596916199,866,53.98821711540222,866,54.23892164230347,866,54.51090931892395,866,54.74253439903259,866,55.07547688484192,866,55.34176182746887,866,55.59168004989624,866,55.88146781921387,866,56.158294439315796,866,56.386738777160645,866,56.71535301208496,866,56.98095417022705,866,57.23321294784546,866,57.52832841873169,866,57.755117654800415,866,58.08613348007202,866,58.353917360305786,866,58.598090410232544,866,58.8235445022583,866,59.159590005874634,866,59.45244908332825,866,59.66713523864746,866,59.891098976135254,866,60.10104703903198
39,random_graphs/triangle/r1.5k24n16/graph39.lgbin,1438,40.06686496734619,928,1858,0,1778,1.288515329360962,1668,1.5901899337768555,1560,1.9192421436309814,1510,2.213085412979126,1441,2.7146482467651367,1389,3.0387020111083984,1295,3.3007683753967285,1253,3.7982661724090576,1215,4.075256586074829,1161,4.366806507110596,1156,4.899614095687866,1145,5.171379089355469,1145,5.409253835678101,1145,5.883610248565674,1109,6.215762138366699,1109,6.46036434173584,1109,6.859887599945068,1093,7.180424451828003,1064,7.46490216255188,1056,7.932333946228027,1046,8.235928773880005,1046,8.490436553955078,1042,8.771822214126587,1037,9.252723217010498,1037,9.52727484703064,1032,9.860912322998047,1032,10.125168323516846,1032,10.397895574569702,1025,10.682528495788574,1025,10.93109941482544,1025,11.152013301849365,1025,11.390983819961548,1023,11.656787633895874,1023,11.897910356521606,1022,12.146751642227173,1022,12.421574592590332,1022,12.691314935684204,1022,12.93912935256958,1022,13.430103063583374,1022,13.681828260421753,1022,13.996748924255371,1022,14.27139163017273,1022,14.535846710205078,1020,14.925598859786987,1020,15.170475006103516,1020,15.44283938407898,1019,15.930676460266113,1019,16.42996311187744,1019,16.750426769256592,1019,17.004369020462036,1018,17.26031255722046,1018,17.49050211906433,1018,17.766021251678467,1018,18.030216455459595,1018,18.247458934783936,1018,18.493510961532593,1018,18.773725032806396,1018,19.022818088531494,1018,19.29455876350403,1018,19.62093997001648,1018,19.847256660461426,1018,20.09038805961609,1018,20.368658781051636,1018,20.614245176315308,1018,21.096187829971313,1018,21.347267866134644,1018,21.62413239479065,1018,21.868471384048462,1018,22.120620250701904,1018,22.622193336486816,1018,22.871065855026245,1018,23.137239933013916,1018,23.407102346420288,1018,23.629366159439087,1018,23.869892835617065,1018,24.116222143173218,1018,24.606892347335815,1018,24.838801860809326,1018,25.083903789520264,1018,25.34577989578247,1018,25.56489586830139,1018,25.84093928337097,1018,26.15607476234436,1018,26.430663108825684,1018,26.674834966659546,1018,27.17702555656433,1018,27.421555995941162,1018,27.66658353805542,1018,27.929028034210205,1018,28.198807954788208,1018,28.4199538230896,1018,28.694571256637573,1018,28.93647289276123,1018,29.159478902816772,1018,29.666290044784546,1018,29.905308723449707,1018,30.168538570404053,1018,30.442207098007202,1018,30.76239848136902,1018,31.036645889282227,1018,31.28252100944519,1018,31.52357506752014,1018,32.02980160713196,1018,32.29823684692383,1018,32.534281492233276,1018,32.80621290206909,1018,33.02892804145813,1018,33.276076555252075,1018,33.552541732788086,1018,33.771512508392334,1011,34.05617642402649,1011,34.30164551734924,1011,34.81005644798279,999,35.08710241317749,999,35.323386907577515,999,35.58876991271973,999,35.8601770401001,999,36.10941195487976,999,36.38918685913086,999,36.63147044181824,999,37.13971567153931,999,37.408605337142944,999,37.629586696624756,999,37.93988227844238,999,38.21713972091675,999,38.440654039382935,999,38.93038249015808,999,39.16664743423462,999,39.43101763725281,999,39.66639757156372,997,39.9537878036499,997,40.19872307777405,997,40.445159912109375,997,40.664337396621704,997,40.940178871154785,997,41.44893455505371,997,41.71162486076355,997,41.95348596572876,997,42.1777241230011,997,42.4027373790741,997,42.620736598968506,997,43.1207709312439,997,43.385616302490234,997,43.628220081329346,997,43.94120526313782,997,44.21981978416443,997,44.724148750305176,997,44.946863412857056,997,45.26782441139221,997,45.499261140823364,997,45.773995876312256,997,46.19027781486511,997,46.69330430030823,983,46.98467016220093,983,47.236722230911255,979,47.5304696559906,979,47.775906562805176,979,47.99982690811157,979,48.22515249252319,977,48.513585329055786,977,48.79052257537842,977,49.285221099853516,975,49.57516002655029,975,49.85312080383301,975,50.078795194625854,975,50.58163380622864,973,50.87896800041199,973,51.12360596656799,972,51.390610694885254,972,51.630006074905396,972,51.866175174713135,972,52.14414596557617,972,52.37836027145386,963,52.69996452331543,963,52.97806000709534,963,53.20449876785278,963,53.46964073181152,959,53.796231508255005,959,54.02088117599487,957,54.329272985458374,957,54.84064173698425,952,55.20687198638916,952,55.47398829460144,950,55.71247744560242,950,55.939979791641235,950,56.1818630695343,940,56.517680644989014,940,56.79180979728699,940,57.01524114608765,940,57.51920771598816,930,57.83058190345764,930,58.09281873703003,930,58.34184718132019,930,58.58073711395264,930,58.81989407539368,930,59.045854330062866,928,59.32131791114807,928,59.83099031448364,928,60.07632613182068
40,random_graphs/triangle/r1.5k24n16/graph40.lgbin,1438,41.25587439537048,876,1800,0,1717,1.020850658416748,1673,1.3026854991912842,1524,1.5931510925292969,1416,1.8337922096252441,1315,2.1442086696624756,1227,2.407167673110962,1213,2.6986844539642334,1190,2.9412636756896973,1125,3.253326892852783,1113,3.4657907485961914,1080,3.7067558765411377,1044,3.976742744445801,1034,4.475559949874878,1034,4.907060146331787,1031,5.145497798919678,1031,5.355044364929199,1027,5.614010334014893,1010,5.8610451221466064,1009,6.122801303863525,1003,6.3824546337127686,980,6.646419286727905,980,6.881657123565674,980,7.107379674911499,968,7.498774528503418,968,7.688007593154907,967,7.927737236022949,951,8.233731746673584,951,8.492040634155273,929,8.737971067428589,929,8.99634838104248,929,9.214052438735962,922,9.448254823684692,922,9.644582986831665,919,9.898545980453491,919,10.105835199356079,918,10.848373174667358,918,11.04829716682434,917,11.287797689437866,917,11.481137990951538,910,11.74640417098999,910,11.972987174987793,906,12.256676435470581,906,12.475616931915283,891,12.788894891738892,891,13.050774335861206,891,13.311808586120605,891,13.915587186813354,891,14.098374366760254,891,14.321138858795166,891,14.561148881912231,891,15.34602975845337,891,15.56943964958191,891,15.773489713668823,891,15.97786808013916,891,16.23914861679077,891,16.84737515449524,891,17.0590078830719,891,17.241543292999268,891,17.480119466781616,891,17.70729684829712,891,17.898890495300293,891,18.11738634109497,891,18.3256573677063,891,18.540128231048584,891,19.142838954925537,891,19.339263200759888,891,19.559154748916626,891,19.78056049346924,891,20.01953911781311,891,20.279573917388916,891,20.896023750305176,891,21.122355461120605,891,21.32276225090027,891,21.543242931365967,891,21.78279161453247,891,22.04126787185669,891,22.301345586776733,891,22.4959819316864,891,23.11359143257141,891,23.336729764938354,891,23.532947540283203,891,23.758691549301147,891,23.996469974517822,891,24.253953456878662,891,24.459470510482788,891,24.720709085464478,891,24.916625499725342,891,25.540630340576172,891,25.7619571685791,891,25.95481514930725,891,26.173023462295532,891,26.42510151863098,891,26.64019751548767,891,26.850557804107666,891,27.105387449264526,891,27.719341278076172,883,27.9976007938385,883,28.241775035858154,883,28.447799682617188,883,29.21588635444641,879,29.527547359466553,879,29.78943157196045,879,30.00817632675171,878,30.320279121398926,878,30.94010281562805,878,31.178112030029297,878,31.38400149345398,878,31.605101585388184,878,32.21179461479187,878,32.43776226043701,878,32.63706994056702,878,32.86283731460571,876,33.168434381484985,876,33.42810320854187,876,33.649160623550415,876,33.91178274154663,876,34.133179664611816,876,34.343855142593384,876,34.95560669898987,876,35.15171027183533,876,35.35679626464844,876,35.57475161552429,876,35.838306188583374,876,36.060734272003174,876,36.25921010971069,876,36.4571099281311,876,36.671032190322876,876,36.929011821746826,876,37.14664435386658,876,37.40818190574646,876,37.63038158416748,876,37.82578444480896,876,38.437363386154175,876,38.620201587677,876,38.84730529785156,876,39.0825879573822,876,39.34312653541565,876,39.56355094909668,876,39.76152229309082,876,40.36940121650696,876,40.5668089389801,876,40.79138135910034,876,41.02695369720459,876,41.28878116607666,876,41.507598638534546,876,41.704025983810425,876,42.32122611999512,876,42.52359104156494,876,42.72488284111023,876,42.98552131652832,876,43.210033893585205,876,43.447571754455566,876,43.66713500022888,876,44.28205108642578,876,44.4813117980957,876,44.7430145740509,876,44.93850874900818,876,45.173866987228394,876,45.38186240196228,876,45.62039279937744,876,45.83482050895691,876,46.42705512046814,876,46.62528967857361,876,46.883697509765625,876,47.080140113830566,876,47.28573775291443,876,47.52576994895935,876,47.71744513511658,876,48.323750734329224,876,48.50403022766113,876,48.76286339759827,876,48.97302770614624,876,49.23299217224121,876,49.44361233711243,876,49.66955876350403,876,50.45557498931885,876,50.652485609054565,876,50.89225721359253,876,51.11664700508118,876,51.34384107589722,876,52.12036490440369,876,52.36276364326477,876,52.97227382659912,876,53.18199443817139,876,53.965123891830444,876,54.20699739456177,876,54.429657220840454,876,54.63746237754822,876,54.83584523200989,876,55.63115859031677,876,55.89430546760559,876,56.13716268539429,876,56.359299421310425,876,56.96382761001587,876,57.19484305381775,876,57.39426898956299,876,57.653305768966675,876,57.8952693939209,876,58.11820864677429,876,58.73137283325195,876,58.95590853691101,876,59.19545388221741,876,59.80382561683655,876,60.03286004066467
41,random_graphs/triangle/r1.5k24n16/graph41.lgbin,1438,40.852463483810425,884,1681,0,1635,0.27337169647216797,1574,1.7346279621124268,1515,2.232994556427002,1356,2.5207972526550293,1266,2.811569929122925,1207,3.0807528495788574,1168,3.8265488147735596,1048,4.0870771408081055,1039,4.44665002822876,1009,5.345175266265869,1002,5.608721017837524,1002,5.839088439941406,979,6.11073637008667,969,6.362320184707642,952,6.634933710098267,941,7.466111421585083,941,8.149233341217041,937,8.453985691070557,922,8.703454732894897,922,9.020527839660645,912,9.267909526824951,912,9.673213720321655,912,9.883902549743652,902,10.175273656845093,902,10.414016485214233,902,10.628090143203735,901,10.87083387374878,901,11.086621046066284,900,11.352476119995117,900,11.566533088684082,900,11.80344557762146,900,11.983690023422241,900,12.308230876922607,900,12.518831253051758,900,12.785434484481812,895,13.087381601333618,886,13.418508529663086,886,13.660606622695923,886,13.934946060180664,886,14.16170048713684,886,14.381226539611816,886,14.61632490158081,884,14.828803062438965,884,15.147939920425415,884,15.360751867294312,884,15.601461172103882,884,16.006616592407227,884,16.242225646972656,884,16.515657663345337,884,16.736453533172607,884,16.959776401519775,884,17.1952121257782,884,17.41172957420349,884,17.682392120361328,884,17.890904903411865,884,18.13362431526184,884,18.400266647338867,884,18.724321365356445,884,18.95916438102722,884,19.186700344085693,884,19.40302801132202,884,19.728583574295044,884,20.00113797187805,884,20.468799114227295,884,20.67800807952881,884,20.9198739528656,884,21.143184900283813,884,21.376734018325806,884,21.59004855155945,884,21.8049418926239,884,22.078774213790894,884,22.308964252471924,884,22.546658277511597,884,22.75664210319519,884,23.086849212646484,884,23.55734920501709,884,23.794292211532593,884,24.01188015937805,884,24.288726568222046,884,24.61126470565796,884,24.822121143341064,884,25.226333618164062,884,25.467379093170166,884,25.695857048034668,884,25.921202659606934,884,26.156517505645752,884,26.368443489074707,884,26.811355590820312,884,27.022963523864746,884,27.263797760009766,884,27.57820153236389,884,27.853534936904907,884,28.894638299942017,884,29.110771656036377,884,29.384074687957764,884,29.71105980873108,884,29.945767641067505,884,30.97024917602539,884,31.204501628875732,884,31.423916339874268,884,31.697810173034668,884,32.02329754829407,884,32.45340609550476,884,32.68847179412842,884,32.91850185394287,884,33.15221190452576,884,33.425647020339966,884,33.74607539176941,884,33.97174954414368,884,34.20490598678589,884,34.41652727127075,884,34.65882754325867,884,35.31954884529114,884,35.536173820495605,884,35.814473390579224,884,36.07454228401184,884,36.2990243434906,884,36.53539752960205,884,36.744245290756226,884,36.9798583984375,884,37.25377535820007,884,37.57772421836853,884,37.813456296920776,884,38.21857738494873,884,38.46155405044556,884,38.67016839981079,884,39.337217569351196,884,39.610212087631226,884,39.84387516975403,884,40.102906465530396,884,40.43156552314758,884,40.67364978790283,884,40.88426232337952,884,41.15987539291382,884,41.37834668159485,884,41.612855672836304,884,41.84362483024597,884,42.06962323188782,884,42.53964018821716,884,42.78207468986511,884,43.009591579437256,884,43.22631859779358,884,43.4600191116333,884,43.785505533218384,884,44.01003861427307,884,44.19334411621094,884,44.430415391922,884,44.645403146743774,884,44.878851890563965,884,45.10827398300171,884,45.32934284210205,884,45.74798512458801,884,45.97816729545593,884,46.22147583961487,884,46.43626666069031,884,46.67418956756592,884,47.090731143951416,884,47.31997108459473,884,47.549906730651855,884,47.7934205532074,884,48.06959390640259,884,48.286853313446045,884,48.518121004104614,884,48.7572717666626,884,48.96585536003113,884,49.99041819572449,884,50.229968786239624,884,50.449207067489624,884,50.72490978240967,884,50.9387412071228,884,51.25806379318237,884,51.490495920181274,884,51.713608264923096,884,51.92162251472473,884,52.1400351524353,884,52.37775444984436,884,52.65556859970093,884,52.87216019630432,884,53.058133363723755,884,53.37717247009277,884,53.61344814300537,884,53.881993770599365,884,54.094332456588745,884,54.333356618881226,884,54.60956287384033,884,54.8260383605957,884,55.14367604255676,884,55.38081622123718,884,55.646681785583496,884,55.87232708930969,884,56.10995411872864,884,56.32953333854675,884,56.66228008270264,884,56.893962383270264,884,57.29309034347534,884,57.53644609451294,884,57.76500582695007,884,58.00155520439148,884,58.27924180030823,884,58.49856162071228,884,58.82260608673096,884,59.47972822189331,884,59.703551054000854,884,59.94458079338074,884,60.101460218429565
42,random_graphs/triangle/r1.5k24n16/graph42.lgbin,1438,41.17956781387329,957,1648,0,1607,0.29947876930236816,1544,0.5964837074279785,1491,1.2403862476348877,1380,1.5194530487060547,1304,1.816331148147583,1263,2.078547954559326,1258,2.4465997219085693,1208,2.7098519802093506,1163,3.321990489959717,1130,3.6184396743774414,1109,3.875242233276367,1050,4.3569464683532715,1046,5.2300214767456055,1046,5.454864740371704,1046,6.1045143604278564,1026,6.376043081283569,1015,6.676223516464233,1015,6.931705951690674,1010,7.414926528930664,1008,7.676843166351318,1005,7.959449291229248,1002,8.260830879211426,1002,8.508898973464966,998,8.815793514251709,998,9.083709001541138,997,9.472710609436035,997,9.69627571105957,997,9.91858172416687,995,10.378278970718384,993,10.68744421005249,993,10.942853927612305,993,11.173993349075317,989,11.890083074569702,989,12.49052381515503,988,12.776683330535889,987,13.073050498962402,987,13.410557508468628,987,13.687236070632935,987,13.933467388153076,987,14.193059206008911,976,14.489116191864014,976,14.74082064628601,976,14.968388557434082,976,15.189216375350952,976,15.442058563232422,974,15.701308727264404,974,16.289055347442627,974,16.635168313980103,974,16.883652210235596,966,17.195280075073242,966,17.48062300682068,962,17.73418378829956,962,17.987717866897583,962,18.465309619903564,962,18.714844465255737,962,18.957064628601074,961,19.227835178375244,961,19.5185124874115,961,19.73962688446045,961,20.139384746551514,961,20.501584768295288,961,20.7252140045166,961,20.973668098449707,961,21.23034381866455,961,21.576558828353882,961,22.076972246170044,961,22.32861566543579,961,22.584805488586426,959,22.833251237869263,959,23.062811136245728,959,23.407356023788452,959,23.627971649169922,959,23.87851119041443,959,24.128686904907227,959,24.531853199005127,958,24.871238470077515,958,25.121060132980347,958,25.34608554840088,958,25.569633960723877,958,25.827349185943604,958,26.05471634864807,958,26.30026388168335,958,26.525038242340088,958,26.80960440635681,958,27.17208170890808,958,27.394883394241333,958,27.654741048812866,958,28.047396421432495,958,28.53416419029236,958,28.790971994400024,958,29.074060678482056,958,29.320698976516724,958,29.576669216156006,958,29.80476665496826,958,30.295316696166992,958,30.554030656814575,958,30.779812574386597,958,31.06518316268921,958,31.28730583190918,958,31.489442110061646,958,31.836627960205078,958,32.05931377410889,958,32.312687158584595,958,32.70665884017944,958,32.9482946395874,958,33.193575859069824,958,33.543662548065186,958,33.769932985305786,958,34.02290463447571,958,34.24820947647095,958,34.50552010536194,958,34.79366946220398,958,35.040422201156616,958,35.28918123245239,958,35.925153493881226,958,36.2738881111145,958,36.502262353897095,958,36.76018142700195,958,37.014594078063965,958,37.261844635009766,958,37.50875496864319,958,38.041433811187744,958,38.39474558830261,958,38.617217779159546,958,38.84671878814697,958,39.10549306869507,958,39.36099910736084,958,39.61110186576843,958,39.85011100769043,958,40.09349799156189,958,40.626038789749146,958,40.97314977645874,958,41.209354400634766,958,41.44259548187256,958,41.73108673095703,958,41.98749017715454,958,42.24594473838806,958,42.49242568016052,958,42.737749338150024,958,43.071584701538086,958,43.30343413352966,958,43.538562536239624,958,43.76413893699646,958,44.25841403007507,958,44.517021894454956,958,44.806376934051514,958,45.063380002975464,958,45.310513734817505,958,45.53456664085388,958,45.886143922805786,958,46.10782742500305,958,46.33118224143982,958,46.58787965774536,958,46.83733677864075,958,47.32178831100464,958,47.555680990219116,958,47.92142295837402,958,48.52152061462402,958,48.779107332229614,958,49.02132868766785,958,49.50847125053406,958,49.733494997024536,958,50.073458671569824,958,50.3084602355957,958,50.569591760635376,958,50.825170278549194,957,51.31495213508606,957,51.80090308189392,957,52.05020594596863,957,52.28579878807068,957,52.57196378707886,957,52.78368091583252,957,53.00427770614624,957,53.25914263725281,957,53.737711668014526,957,53.981260776519775,957,54.336084604263306,957,54.55951905250549,957,54.84210181236267,957,55.31662845611572,957,55.890448808670044,957,56.23009943962097,957,56.47489404678345,957,57.0454797744751,957,57.30008316040039,957,57.53874325752258,957,57.887394189834595,957,58.14378571510315,957,58.38935112953186,957,58.96042203903198,957,59.214317083358765,957,59.471688985824585,957,59.70331048965454,957,59.90406131744385,957,60.098878622055054
43,random_graphs/triangle/r1.5k24n16/graph43.lgbin,1438,42.38867807388306,891,1725,0,1649,0.9074051380157471,1539,1.2136878967285156,1529,1.7264723777770996,1425,2.0204617977142334,1382,2.3292529582977295,1281,2.6098928451538086,1259,2.8681583404541016,1196,3.156430244445801,1127,3.74680495262146,1040,4.046247720718384,1008,4.833923816680908,1008,5.4674766063690186,1002,5.75977087020874,1002,6.00760555267334,972,6.260879755020142,965,7.528318405151367,963,7.962790489196777,963,8.20989179611206,952,8.47221064567566,943,8.766394853591919,928,9.060258865356445,928,9.308467149734497,923,9.603512048721313,921,9.892592668533325,921,11.276069641113281,921,11.52890419960022,921,11.772079229354858,920,12.026268482208252,920,12.257522583007812,920,12.474978685379028,920,12.726164102554321,918,12.960256576538086,918,13.200437068939209,918,13.660237550735474,918,13.905301570892334,912,14.198684692382812,911,14.488489151000977,911,14.736066102981567,911,14.985063791275024,911,15.294941425323486,911,15.512531280517578,911,15.76436448097229,911,16.01280903816223,911,16.458833932876587,911,16.76683759689331,911,17.009060621261597,911,17.26043939590454,911,17.50962805747986,911,19.571189880371094,911,19.822599411010742,911,20.054829835891724,911,20.50227165222168,909,20.795710563659668,909,21.105183601379395,909,21.32302188873291,908,21.61056613922119,908,21.863911867141724,908,22.09277319908142,908,22.53438949584961,908,22.778759717941284,908,23.08485436439514,908,23.306978464126587,906,23.603660106658936,906,23.84042716026306,906,24.089659452438354,906,24.332993507385254,906,24.58256769180298,904,24.83881163597107,902,25.11016035079956,902,25.71410059928894,902,25.965832471847534,902,26.182348251342773,902,26.421218633651733,902,26.67047142982483,902,26.92036008834839,902,27.45417356491089,902,27.686283826828003,902,27.94214677810669,902,28.542743921279907,902,28.757447004318237,902,28.996967792510986,902,29.2503080368042,902,29.495522022247314,902,29.741368293762207,902,29.97415256500244,902,30.57448697090149,902,30.82560920715332,902,31.137170791625977,902,31.37919020652771,902,31.594895362854004,902,31.839585781097412,902,32.07408928871155,902,32.385080337524414,902,32.982377767562866,902,33.22529745101929,902,33.4754433631897,902,33.71599102020264,902,33.95254921913147,902,34.206568479537964,902,34.51787877082825,902,35.004016637802124,902,35.24515509605408,902,35.49228048324585,902,35.74271869659424,901,36.01433324813843,901,36.25248122215271,897,36.497111797332764,897,36.80780267715454,897,37.40857005119324,897,37.656633138656616,897,37.89643096923828,897,38.14614009857178,897,38.39038014411926,895,39.557369232177734,895,40.06368803977966,895,40.276586294174194,895,40.583807706832886,895,41.17038559913635,895,41.408398151397705,895,41.66129946708679,895,41.9123375415802,895,42.13603639602661,895,42.3643901348114,895,42.582162618637085,895,42.894853353500366,895,43.14728236198425,895,43.73717904090881,895,43.97645449638367,895,44.22241163253784,895,44.47541403770447,895,44.72274875640869,895,44.947293519973755,895,45.523226499557495,895,45.74092435836792,895,46.051520109176636,894,46.30255365371704,894,46.543869733810425,894,46.79594302177429,894,47.05237340927124,893,47.32973909378052,893,47.54885005950928,893,47.85987663269043,893,48.435410499572754,893,48.6768856048584,893,48.932039737701416,893,49.148099422454834,893,50.08707141876221,893,50.32468581199646,893,50.640689849853516,893,51.239519119262695,893,51.48534655570984,893,51.73962688446045,893,51.988399505615234,893,52.48011565208435,893,52.79506802558899,893,53.04394865036011,893,53.284334897994995,893,53.53740215301514,891,53.78767538070679,891,54.031562089920044,891,54.248764514923096,891,54.559550523757935,891,54.810579776763916,891,55.05850672721863,891,55.29999804496765,891,55.55470061302185,891,55.77395701408386,891,55.99481248855591,891,56.31021332740784,891,56.566999673843384,891,56.81070160865784,891,57.02826189994812,891,57.25392031669617,891,57.844560384750366,891,58.09075689315796,891,58.41398549079895,891,58.666494369506836,891,58.91353726387024,891,59.15563416481018,891,59.74650263786316,891,60.1047728061676
44,random_graphs/triangle/r1.5k24n16/graph44.lgbin,1438,43.150118827819824,782,1630,0,1547,0.3396730422973633,1483,0.6315822601318359,1401,1.2793433666229248,1383,1.595458745956421,1318,3.182986259460449,1270,3.6266744136810303,1190,3.898016929626465,1110,4.829972982406616,1082,5.098526477813721,1006,5.456958532333374,969,5.759767770767212,964,6.041971921920776,961,6.334973335266113,961,6.583643913269043,956,8.727782726287842,947,9.002098560333252,911,9.27875304222107,890,9.640360116958618,886,9.903697967529297,858,10.176681756973267,857,11.957418441772461,850,12.216458559036255,848,12.441542863845825,846,13.137579202651978,846,13.569433689117432,846,13.792195558547974,844,14.923157930374146,844,15.693778038024902,831,16.025949478149414,829,16.271079301834106,819,16.543270349502563,815,16.807596921920776,814,17.032692670822144,814,17.255926847457886,814,17.493343114852905,814,17.70405101776123,812,18.00278353691101,811,18.26021957397461,811,18.468671560287476,804,18.736579418182373,803,19.175665140151978,803,19.403056859970093,803,19.62904930114746,803,20.023024082183838,800,20.297682523727417,800,20.521082878112793,791,20.791889667510986,791,21.015410661697388,786,21.301491498947144,786,21.95527172088623,785,22.177470922470093,784,22.447102785110474,784,22.639346599578857,784,22.86574387550354,784,23.087894678115845,784,23.320746898651123,784,23.978026390075684,782,24.185479879379272,782,24.401739835739136,782,24.633758306503296,782,24.856172800064087,782,25.111597061157227,782,25.3600971698761,782,25.555335521697998,782,25.78186821937561,782,25.988263607025146,782,26.223782300949097,782,26.421131134033203,782,26.631825923919678,782,26.850861072540283,782,27.07481026649475,782,27.308278799057007,782,27.567758321762085,782,28.218869924545288,782,28.477419137954712,782,28.725533723831177,782,28.93923330307007,782,29.164135217666626,782,29.392098426818848,782,29.795406103134155,782,30.452404975891113,782,30.69683527946472,782,31.347887754440308,782,31.57285475730896,782,31.765872716903687,782,31.992778778076172,782,32.219770431518555,782,32.454432010650635,782,32.66018271446228,782,32.89068150520325,782,33.139126777648926,782,33.36514902114868,782,33.77652454376221,782,33.99761891365051,782,34.21636390686035,782,34.856953859329224,782,35.085273027420044,782,35.32694625854492,782,35.552345514297485,782,35.77093863487244,782,36.34313607215881,782,36.551259994506836,782,36.77763819694519,782,37.00399565696716,782,37.642383098602295,782,37.89395260810852,782,38.12778115272522,782,38.33982038497925,782,38.561808586120605,782,38.757570028305054,782,39.40742826461792,782,39.63436198234558,782,39.86756873130798,782,40.08158302307129,782,40.30673813819885,782,40.50245428085327,782,41.1570839881897,782,41.38351106643677,782,41.60688400268555,782,41.865490198135376,782,42.08967638015747,782,42.33512020111084,782,42.56612300872803,782,42.77598857879639,782,43.00153350830078,782,43.567803621292114,782,43.79460406303406,782,44.029566049575806,782,44.24600434303284,782,44.46990966796875,782,44.899468183517456,782,45.705214500427246,782,45.94141173362732,782,46.16763210296631,782,46.392558574676514,782,46.6351113319397,782,46.86605501174927,782,47.079386711120605,782,47.476412534713745,782,48.128113985061646,782,48.354610443115234,782,48.5760862827301,782,48.809120178222656,782,49.02319288253784,782,49.59518265724182,782,49.82542181015015,782,50.47240400314331,782,50.700573682785034,782,50.903055906295776,782,51.124802350997925,782,51.34405064582825,782,51.77189040184021,782,52.015686988830566,782,52.24446177482605,782,52.43798542022705,782,53.08099389076233,782,53.301687240600586,782,53.53319048881531,782,53.756242990493774,782,53.98332595825195,782,54.22518825531006,782,54.45199990272522,782,54.643550634384155,782,55.43939995765686,782,55.663251638412476,782,55.89451360702515,782,56.12068819999695,782,56.34066081047058,782,56.55120539665222,782,56.79331970214844,782,57.0218403339386,782,57.67359685897827,782,58.066128969192505,782,58.2986946105957,782,58.52368950843811,782,58.747742891311646,782,58.95787239074707,782,59.59821176528931,782,59.797547340393066,782,60.0214159488678
45,random_graphs/triangle/r1.5k24n16/graph45.lgbin,1438,42.041279792785645,969,1656,0,1606,0.31801748275756836,1584,0.537755012512207,1467,1.4301869869232178,1430,1.7029170989990234,1373,6.017827033996582,1250,6.290168762207031,1246,6.571620464324951,1210,6.808079481124878,1170,7.043545961380005,1161,7.407753944396973,1146,7.660919666290283,1146,8.124187707901001,1146,8.360247135162354,1130,8.609813928604126,1130,8.849024057388306,1110,9.145166158676147,1108,9.411574602127075,1108,9.903522729873657,1096,10.831819295883179,1096,11.04635500907898,1095,11.316752195358276,1074,11.606671333312988,1073,11.904387712478638,1070,12.168145656585693,1070,12.394466876983643,1070,12.637832164764404,1070,12.846431970596313,1061,13.08400273323059,1061,13.507729053497314,1041,13.7772536277771,1041,14.005785465240479,1036,15.361994981765747,1036,15.867771863937378,1036,16.798340320587158,1035,17.09688425064087,1035,17.35351252555847,1030,17.6484534740448,1030,17.852836847305298,1030,18.089287996292114,1022,18.330413818359375,1019,18.53703808784485,1019,18.746726751327515,1017,19.04685378074646,1017,19.511385679244995,1005,19.780723810195923,1005,20.686012029647827,1005,20.913031101226807,1005,21.38189697265625,1005,21.590076446533203,1004,21.874873161315918,1004,22.07873225212097,1004,22.28346538543701,998,22.509149312973022,994,22.808738708496094,994,23.010847568511963,992,23.38588571548462,992,23.837918043136597,991,24.06454348564148,991,24.309292554855347,989,24.539690017700195,989,24.764809370040894,989,24.97229790687561,988,25.20100498199463,986,25.484565496444702,986,25.72612953186035,986,26.126439094543457,986,26.41831135749817,986,26.933177709579468,986,27.134847164154053,986,27.3580105304718,986,27.569562435150146,986,27.796014070510864,986,28.177974462509155,986,28.429447650909424,986,28.640116930007935,986,28.84427285194397,986,29.12617301940918,986,29.351516008377075,986,29.860409021377563,986,30.099053382873535,986,30.34640884399414,986,30.56484866142273,986,30.787617683410645,986,30.993324995040894,986,31.1875216960907,986,31.412951946258545,986,31.695337057113647,986,32.20140981674194,986,32.405864000320435,986,32.64218759536743,986,32.92405819892883,986,33.1419517993927,986,33.38971757888794,986,33.6485390663147,986,33.8632652759552,974,34.09895157814026,974,34.30293893814087,974,34.529956102371216,974,34.81500506401062,974,35.01458501815796,974,35.25645899772644,974,35.51202321052551,974,35.736774921417236,974,36.24679613113403,974,36.538838148117065,974,36.76518273353577,974,36.988731145858765,974,37.235339403152466,974,37.7523672580719,974,37.991793394088745,974,38.28218054771423,974,38.506332874298096,974,38.89669609069824,973,39.142311811447144,973,39.35657858848572,973,39.58557319641113,973,40.10383892059326,970,40.33989191055298,970,40.54441452026367,970,40.84073448181152,970,41.06330871582031,970,41.302834272384644,970,41.70216226577759,970,41.92705297470093,970,42.17544746398926,970,42.37916946411133,970,42.88465738296509,970,43.12781548500061,970,43.41686463356018,969,43.662922859191895,969,43.8933744430542,969,44.14646339416504,969,44.35366868972778,969,44.87856960296631,969,45.08461022377014,969,45.32395839691162,969,45.61316514015198,969,45.869046688079834,969,46.093557834625244,969,46.297202587127686,969,46.54221796989441,969,46.838541746139526,969,47.06297445297241,969,47.283233880996704,969,47.683387994766235,969,47.89027810096741,969,48.397786140441895,969,48.62426805496216,969,48.849717140197754,969,49.08700132369995,969,49.34448599815369,969,49.55001473426819,969,49.76089024543762,969,50.26975345611572,969,50.499295473098755,969,50.70492243766785,969,50.94270348548889,969,51.16357731819153,969,51.418444871902466,969,51.6284761428833,969,52.14548635482788,969,52.38243627548218,969,52.609450817108154,969,52.819979667663574,969,53.03943419456482,969,53.28868913650513,969,53.49212884902954,969,54.00615882873535,969,54.271148681640625,969,54.50576615333557,969,54.73517155647278,969,54.95496678352356,969,55.1560754776001,969,55.40542507171631,969,55.91259241104126,969,56.120211362838745,969,56.35177516937256,969,56.568015813827515,969,56.92981314659119,969,57.143046855926514,969,57.37672305107117,969,57.58361268043518,969,57.83271670341492,969,58.05906057357788,969,58.265783071517944,969,58.50961136817932,969,58.73485088348389,969,58.93123173713684,969,59.13779330253601,969,59.36373734474182,969,59.58591890335083,969,59.83481287956238,969,60.039188623428345
46,random_graphs/triangle/r1.5k24n16/graph46.lgbin,1438,38.3879816532135,939,1804,0,1721,0.2971618175506592,1620,0.5520155429840088,1524,0.8410634994506836,1446,1.413365125656128,1382,1.6984431743621826,1317,1.9879398345947266,1306,2.309812307357788,1256,2.581904649734497,1203,2.9532511234283447,1133,3.24853253364563,1116,4.026376724243164,1106,4.516155004501343,1106,4.981152296066284,1106,5.23185396194458,1095,5.497783660888672,1095,5.78276515007019,1086,6.042605876922607,1086,6.287289619445801,1083,6.575745582580566,1060,6.863098621368408,1044,7.142897844314575,1044,7.381968975067139,1029,7.64153528213501,1014,7.882328033447266,1014,8.103677988052368,1010,8.386832475662231,1010,8.619045734405518,1010,8.842385530471802,1010,9.05871319770813,1005,9.308478832244873,1005,9.519994735717773,1005,9.721001625061035,1004,9.958964109420776,1004,10.19996953010559,1004,10.575659275054932,998,10.835366487503052,998,11.060276746749878,986,11.344926595687866,985,11.634547472000122,977,11.918180704116821,977,12.1616952419281,976,12.457815647125244,976,12.710011959075928,976,12.926287412643433,976,13.136557817459106,966,13.42403531074524,966,13.653671026229858,965,13.931664943695068,957,14.191155433654785,957,14.435940980911255,956,14.677180767059326,956,14.8850417137146,956,15.129945278167725,956,15.341840505599976,955,15.604846715927124,955,16.09569001197815,955,16.38202738761902,946,16.66337275505066,946,16.91165590286255,946,17.360535860061646,946,17.570292234420776,946,17.80795121192932,946,18.032034397125244,946,18.279613971710205,946,18.515478372573853,946,18.73874258995056,946,19.038471937179565,946,19.253021478652954,946,19.490026235580444,945,19.77236270904541,945,20.01587724685669,945,20.225017786026,945,20.509723663330078,945,20.737131118774414,945,20.958004474639893,945,21.213526487350464,942,21.492772102355957,941,21.74531126022339,941,22.22437858581543,941,22.466227054595947,941,22.70160412788391,941,23.004263401031494,941,23.23165774345398,941,23.47225856781006,941,23.682459831237793,941,23.97283697128296,941,24.198063611984253,939,24.472379446029663,939,24.710519075393677,939,24.9323627948761,939,25.146677255630493,939,25.429463386535645,939,25.663846492767334,939,25.889453411102295,939,26.131856203079224,939,26.366994857788086,939,26.590968132019043,939,26.871548414230347,939,27.08109474182129,939,27.30962347984314,939,27.534956693649292,939,27.772984504699707,939,28.013840436935425,939,28.24910831451416,939,28.473186016082764,939,28.681856632232666,939,28.914106369018555,939,29.138493537902832,939,29.362244844436646,939,29.57233476638794,939,29.858606100082397,939,30.096563816070557,939,30.317728519439697,939,30.55738401412964,939,30.788474321365356,939,31.013582229614258,939,31.488913774490356,939,31.784459829330444,939,31.994848489761353,939,32.232643365859985,939,32.45760369300842,939,32.68189525604248,939,32.92297387123108,939,33.14788341522217,939,33.36304497718811,939,33.656901359558105,939,33.912017822265625,939,34.14928650856018,939,34.359875440597534,939,34.58318471908569,939,34.82211637496948,939,35.04372310638428,939,35.529266357421875,939,35.767664670944214,939,35.994059801101685,939,36.216604232788086,939,36.42434525489807,939,36.64794898033142,939,37.11988568305969,939,37.36240553855896,939,37.59473133087158,939,37.88490533828735,939,38.095274925231934,939,38.33249258995056,939,38.555569648742676,939,38.99967932701111,939,39.223814964294434,939,39.46365737915039,939,39.6957745552063,939,39.9774534702301,939,40.18705654144287,939,40.415143966674805,939,40.65245461463928,939,40.88390898704529,939,41.17596697807312,939,41.41519093513489,939,41.63685154914856,939,41.865739822387695,939,42.07414627075195,939,42.51999855041504,939,42.757169008255005,939,42.981910943984985,939,43.204012393951416,939,43.442667961120605,939,43.72190570831299,939,43.96102213859558,939,44.19982719421387,939,44.4242467880249,939,44.65419101715088,939,44.9086480140686,939,45.11896586418152,939,45.345388889312744,939,45.64727330207825,939,45.8767945766449,939,46.132832050323486,939,46.36661410331726,939,46.81248354911804,939,47.05225992202759,939,47.29384112358093,939,47.578399419784546,939,47.81382513046265,939,48.27200627326965,939,48.51139235496521,939,48.752527475357056,939,48.987454652786255,939,49.4476432800293,939,49.686772108078,939,49.92374277114868,939,50.14980983734131,939,50.43325591087341,939,50.665961027145386,939,51.1812481880188,939,51.38555192947388,939,51.625245332717896,939,51.842297077178955,939,52.130115032196045,939,52.35732579231262,939,52.595014572143555,939,53.04270005226135,939,53.28142786026001,939,53.501203298568726,939,53.71721267700195,939,53.94343900680542,939,54.152472734451294,939,54.404624700546265,939,54.64506411552429,939,54.85954475402832,939,55.08590364456177,939,55.294466972351074,939,55.59535551071167,939,55.854251861572266,939,56.37358093261719,939,56.605690479278564,939,56.83423948287964,939,57.076263189315796,939,57.358511209487915,939,57.613314390182495,939,57.841349363327026,939,58.0542426109314,939,58.352473735809326,939,58.56359601020813,939,58.819172620773315,939,59.05269455909729,939,59.2748064994812,939,59.51900935173035,939,59.776424407958984,939,60.011669397354126
47,random_graphs/triangle/r1.5k24n16/graph47.lgbin,1438,40.463659048080444,783,1679,0,1597,0.28009676933288574,1497,0.5445921421051025,1448,0.9831058979034424,1382,1.2225496768951416,1294,1.6934237480163574,1275,1.9432940483093262,1224,2.247987985610962,1135,2.5277798175811768,1080,3.5072245597839355,1014,3.7641541957855225,953,4.04770827293396,899,4.725018262863159,885,5.096485376358032,883,5.374172210693359,883,5.61203408241272,883,6.061875581741333,868,6.3282434940338135,866,6.665975570678711,866,6.907548666000366,859,7.202836513519287,853,7.42251992225647,843,7.661199331283569,843,7.867513656616211,830,8.179404258728027,828,8.39032793045044,828,8.624672651290894,828,8.81351637840271,817,9.088958263397217,814,9.38566255569458,814,9.860353469848633,814,10.09513807296753,813,10.35147476196289,813,10.57098650932312,810,10.811000108718872,810,11.010341882705688,807,11.21595549583435,805,11.458689451217651,804,11.690727472305298,804,11.898722887039185,804,12.123872995376587,804,12.489178895950317,802,12.748939514160156,802,12.965049505233765,800,13.239305973052979,800,13.477377891540527,798,13.773412227630615,798,14.006300926208496,798,14.24798846244812,794,14.512041091918945,794,14.741679906845093,793,14.949034690856934,793,15.13293170928955,789,15.37440824508667,789,15.577087879180908,789,15.938372611999512,785,16.205224752426147,785,16.446887016296387,785,16.687308311462402,785,16.892407178878784,784,17.162259817123413,783,17.493035554885864,783,17.713875770568848,783,17.956164360046387,783,18.329162120819092,783,18.56985354423523,783,18.756299018859863,783,18.99803137779236,783,19.22492814064026,783,19.526167154312134,783,19.7652108669281,783,20.127657890319824,783,20.363394737243652,783,20.601664781570435,783,20.818366765975952,783,21.02209496498108,783,21.383160829544067,783,21.61833930015564,783,21.80067729949951,783,22.026805639266968,783,22.243171453475952,783,22.447030305862427,783,22.728172540664673,783,23.095897436141968,783,23.336987733840942,783,23.522727727890015,783,23.7592556476593,783,23.943049669265747,783,24.128621339797974,783,24.95271110534668,783,25.268011808395386,783,25.631940603256226,783,25.897003650665283,783,26.14037299156189,783,26.328153610229492,783,26.565961599349976,783,26.77315926551819,783,26.973628997802734,783,27.19508409500122,783,27.561672687530518,783,27.80226159095764,783,28.04807734489441,783,28.28879737854004,783,28.52315640449524,783,28.722944021224976,783,28.950027465820312,783,29.314932823181152,783,29.52116298675537,783,29.701420068740845,783,30.001810789108276,783,30.240047216415405,783,30.481526374816895,783,30.71262526512146,783,31.147711277008057,783,31.353620529174805,783,31.583842039108276,783,31.769102334976196,783,31.968575716018677,783,32.24726128578186,783,32.464802742004395,783,32.66872215270996,783,32.90710496902466,783,33.09266400337219,783,33.3982207775116,783,33.84541368484497,783,34.07177138328552,783,34.277750968933105,783,34.51641869544983,783,34.87981867790222,783,35.06723761558533,783,35.304158210754395,783,35.587892055511475,783,35.82203936576843,783,36.26838493347168,783,36.49323606491089,783,36.733543157577515,783,36.917277812957764,783,37.10209774971008,783,37.34011459350586,783,37.57163143157959,783,37.801299810409546,783,38.03526568412781,783,38.27369999885559,783,38.630866289138794,783,38.814146995544434,783,39.051554679870605,783,39.40228796005249,783,39.70603585243225,783,39.93691062927246,783,40.175020694732666,783,40.537593364715576,783,40.775498390197754,783,40.98901033401489,783,41.17790865898132,783,41.40256977081299,783,41.64082050323486,783,42.445903301239014,783,42.71071219444275,783,42.91764831542969,783,43.104143381118774,783,43.30826663970947,783,43.54633355140686,783,43.901588678359985,783,44.14153170585632,783,44.57956266403198,783,44.8997540473938,783,45.1046826839447,783,45.32775831222534,783,45.51122212409973,783,45.753905296325684,783,45.991360902786255,783,46.378984212875366,783,46.74721670150757,783,47.053112506866455,783,47.29177951812744,783,48.114803075790405,783,48.476765632629395,783,48.71126365661621,783,48.91137409210205,783,49.2115695476532,783,49.45364022254944,783,49.68886613845825,783,49.921435594558716,783,50.183627128601074,783,50.5047070980072,783,50.74114394187927,783,51.11879229545593,783,51.362001180648804,783,51.57010626792908,783,51.77179217338562,783,51.955474853515625,783,52.320282220840454,783,52.55392837524414,783,52.78838562965393,783,53.19215726852417,783,53.39854907989502,783,53.63789629936218,783,53.8768310546875,783,54.17842245101929,783,54.37977981567383,783,54.77184867858887,783,55.01004481315613,783,55.21682834625244,783,55.45550513267517,783,55.67213249206543,783,56.10414385795593,783,56.3113169670105,783,56.68131470680237,783,56.944254875183105,783,57.18257141113281,783,57.39761447906494,783,58.20871591567993,783,58.41067600250244,783,58.789397954940796,783,59.05271577835083,783,59.28632426261902,783,59.5241858959198,783,59.72215914726257,783,60.09232759475708
48,random_graphs/triangle/r1.5k24n16/graph48.lgbin,1438,42.017534017562866,918,1752,0,1678,1.2761757373809814,1622,1.6266465187072754,1438,2.022061586380005,1392,2.758819341659546,1306,3.0577828884124756,1262,3.4814891815185547,1210,4.219643831253052,1185,4.539541006088257,1113,4.822713375091553,1057,5.124614477157593,1004,5.437204599380493,1004,5.70658802986145,991,6.066634178161621,988,6.3794262409210205,987,6.770942211151123,987,7.022915601730347,987,7.2584404945373535,980,7.575419664382935,980,8.197750091552734,980,8.449444770812988,951,8.887908458709717,945,9.361067295074463,945,9.848304271697998,945,10.262420892715454,945,10.614678382873535,945,10.889033794403076,939,11.209608554840088,939,11.478853464126587,939,11.977433681488037,935,12.254408597946167,935,12.500788450241089,935,12.849971771240234,933,13.11885142326355,932,13.427212715148926,932,14.090225458145142,932,14.464338064193726,931,14.769221544265747,931,15.021295070648193,931,15.293893814086914,931,15.540162563323975,931,15.789892435073853,931,16.10252070426941,931,16.372295141220093,931,16.60644221305847,931,16.89484453201294,931,17.209158420562744,931,17.460936069488525,931,18.12021803855896,931,18.38039207458496,931,18.6535165309906,931,18.92722487449646,931,19.210103273391724,931,19.488100290298462,931,19.740801572799683,931,20.374521017074585,931,21.025303840637207,931,21.301067352294922,931,21.560515880584717,931,21.832950830459595,931,22.179205656051636,929,22.525845766067505,929,22.781907081604004,929,23.02617120742798,929,23.275235891342163,929,23.55119800567627,929,24.208333015441895,929,24.457539319992065,929,24.770418167114258,929,25.043760061264038,929,25.325089693069458,929,25.74673342704773,928,26.027612686157227,928,26.30681300163269,928,26.972885131835938,928,27.246170043945312,928,27.501590490341187,928,27.7555992603302,928,28.00891351699829,928,28.320921897888184,928,28.595853805541992,928,28.88236951828003,928,29.13220238685608,928,29.38731837272644,928,29.666791200637817,928,29.90359926223755,928,30.15070343017578,928,30.435281991958618,928,30.75100016593933,928,31.024451732635498,928,31.276650428771973,928,31.557445764541626,928,31.809409141540527,928,32.118873596191406,928,32.39418339729309,928,33.05935478210449,928,33.31802463531494,928,33.77333450317383,928,34.02274203300476,928,34.29784393310547,928,34.55280780792236,928,34.80519413948059,928,35.11376738548279,928,35.38697552680969,928,35.648664236068726,928,36.307671308517456,925,36.622389793395996,925,37.069669008255005,924,37.319087743759155,924,37.572137117385864,924,37.87713861465454,924,38.14939570426941,924,38.39425730705261,924,39.04665660858154,924,39.29584574699402,924,39.727457761764526,918,39.98953819274902,918,40.25946021080017,918,40.51055836677551,918,40.762757301330566,918,41.077518939971924,918,41.70400643348694,918,42.15274214744568,918,42.421483278274536,918,42.66891622543335,918,42.92030429840088,918,43.204158306121826,918,43.51852345466614,918,44.18139123916626,918,44.42696738243103,918,44.86854696273804,918,45.13625931739807,918,45.38137912750244,918,45.65153741836548,918,45.903542041778564,918,46.15204381942749,918,46.45758605003357,918,47.07942605018616,918,47.325348138809204,918,47.77225303649902,918,48.44449472427368,918,48.693116664886475,918,48.974024057388306,918,49.230355978012085,918,49.54223275184631,918,49.77556490898132,918,50.047226667404175,918,50.3439576625824,918,51.00959062576294,918,51.258312463760376,918,51.53709530830383,918,51.78771495819092,918,52.09847116470337,918,52.368698596954346,918,52.64150929450989,918,53.29666829109192,918,53.55379843711853,918,53.83217430114746,918,54.108879804611206,918,54.40819001197815,918,54.65520143508911,918,54.921793937683105,918,55.16854810714722,918,55.420021772384644,918,55.69423198699951,918,56.342944622039795,918,56.61490750312805,918,56.90355181694031,918,57.153926849365234,918,57.42861866950989,918,57.70853924751282,918,57.96374750137329,918,58.61372756958008,918,59.27398204803467,918,59.549970626831055,918,59.83944582939148,918,60.084171295166016
49,random_graphs/triangle/r1.5k24n16/graph49.lgbin,1438,37.2252631187439,791,1598,0,1468,0.5111026763916016,1439,0.7842450141906738,1378,1.1072587966918945,1303,1.633434772491455,1223,1.9001286029815674,1140,2.291114330291748,1074,2.5583302974700928,1007,2.8463075160980225,912,3.230367422103882,885,3.4940073490142822,877,3.8309214115142822,873,4.085772514343262,873,4.310525178909302,873,4.60309910774231,869,4.882573127746582,869,5.106796979904175,869,5.354012966156006,868,5.672862529754639,857,5.954034805297852,855,6.219183921813965,843,6.540628671646118,843,6.809421539306641,831,7.205945253372192,831,7.607484817504883,831,7.796167850494385,823,8.19855785369873,823,8.489223003387451,819,8.754523754119873,818,8.984105825424194,815,9.257647037506104,814,9.460559129714966,814,9.692256927490234,811,9.940492391586304,811,10.170300960540771,811,10.456655979156494,811,10.723233938217163,809,10.941519975662231,809,11.135648727416992,809,11.37305235862732,809,11.608839988708496,809,11.817357063293457,804,12.070464849472046,804,12.304302453994751,804,12.53417444229126,798,12.815441370010376,798,13.032758951187134,798,13.276262998580933,798,13.56991171836853,798,13.80956220626831,798,14.069033145904541,798,14.26446270942688,796,14.533817768096924,796,14.752986431121826,796,14.975097417831421,796,15.211863279342651,796,15.440221786499023,796,15.736659526824951,796,15.971051454544067,793,16.185694217681885,792,16.429057359695435,792,16.693313121795654,792,16.93695569038391,792,17.16173219680786,792,17.37481927871704,792,17.597691535949707,792,17.833802938461304,792,18.067095041275024,792,18.372809171676636,792,18.580512046813965,791,18.856127500534058,791,19.088711261749268,791,19.278902769088745,791,19.53904151916504,791,19.77522110939026,791,19.98533296585083,791,20.201889514923096,791,20.520421981811523,791,20.756552934646606,791,20.946391820907593,791,21.156047821044922,791,21.419729709625244,791,21.633451223373413,791,21.85518980026245,791,22.09209370613098,791,22.31728172302246,791,22.621495246887207,791,22.853909492492676,791,23.113057136535645,791,23.299026012420654,791,23.506354808807373,791,23.742398262023926,791,23.951465368270874,791,24.188963413238525,791,24.41669201850891,791,24.734487295150757,791,24.971739292144775,791,25.212111711502075,791,25.47723913192749,791,25.66555881500244,791,25.87563705444336,791,26.087897777557373,791,26.29790949821472,791,26.527721405029297,791,26.764699935913086,791,26.997607946395874,791,27.264976739883423,791,27.50767493247986,791,27.7414710521698,791,27.926534175872803,791,28.16714882850647,791,28.392271280288696,791,28.62991738319397,791,28.891719579696655,791,29.121756076812744,791,29.349483251571655,791,29.535035610198975,791,29.75945520401001,791,29.99819803237915,791,30.26545238494873,791,30.481576204299927,791,30.719238758087158,791,31.032108783721924,791,31.344415187835693,791,31.570817708969116,791,31.757680892944336,791,31.973584413528442,791,32.21398425102234,791,32.47825026512146,791,32.69829535484314,791,32.91192603111267,791,33.14982867240906,791,33.39524817466736,791,33.71622180938721,791,33.94255876541138,791,34.16513657569885,791,34.404940605163574,791,34.6701021194458,791,34.88548564910889,791,35.11606526374817,791,35.356613874435425,791,35.552563428878784,791,35.8537802696228,791,36.0676703453064,791,36.30190706253052,791,36.542877435684204,791,36.75351405143738,791,36.98453712463379,791,37.22152853012085,791,37.43702244758606,791,37.67137289047241,791,37.89621186256409,791,38.13526511192322,791,38.345937728881836,791,38.581870794296265,791,38.89460039138794,791,39.082066774368286,791,39.32379078865051,791,39.542153120040894,791,39.77982783317566,791,39.99131655693054,791,40.305564641952515,791,40.63177180290222,791,40.84562849998474,791,41.062328577041626,791,41.28927540779114,791,41.52430033683777,791,41.83023262023926,791,42.016074657440186,791,42.27604627609253,791,42.48912978172302,791,42.71343922615051,791,42.940833568573,791,43.17590522766113,791,43.48941111564636,791,43.7496063709259,791,43.98567724227905,791,44.1797890663147,791,44.404966592788696,791,44.621010541915894,791,44.930373430252075,791,45.193320751190186,791,45.43264079093933,791,45.61948919296265,791,45.84650158882141,791,46.06386756896973,791,46.3252477645874,791,46.56491708755493,791,46.75234270095825,791,47.06771516799927,791,47.30793023109436,791,47.51939940452576,791,47.725059509277344,791,47.99250054359436,791,48.23059296607971,791,48.4387891292572,791,48.620736598968506,791,48.85758304595947,791,49.06660795211792,791,49.30479669570923,791,49.51091432571411,791,49.742676973342896,791,49.98322916030884,791,50.17068934440613,791,50.364174127578735,791,50.57762289047241,791,50.89446568489075,791,51.115530252456665,791,51.30705714225769,791,51.61270761489868,791,51.82944631576538,791,52.054447412490845,791,52.36489224433899,791,52.594812870025635,791,52.82139301300049,791,53.13214826583862,791,53.361534118652344,791,53.58408451080322,791,53.82476878166199,791,54.027771949768066,791,54.256834745407104,791,54.56756234169006,791,54.77647948265076,791,55.00287675857544,791,55.32039499282837,791,55.525699615478516,791,55.73352575302124,791,56.05077648162842,791,56.243367195129395,791,56.547680377960205,791,56.76310181617737,791,56.95468711853027,791,57.268065452575684,791,57.47227668762207,791,57.66393995285034,791,57.98369860649109,791,58.20032978057861,791,58.487343311309814,791,58.704421281814575,791,58.931604623794556,791,59.12697505950928,791,59.430723905563354,791,59.64574098587036,791,59.8692991733551,791,60.06072783470154
0,random_graphs/triangle/r1.5k24n16/graph0.lgbin,1811,48.54598879814148,930,1739,0,1672,0.9827513694763184,1586,1.3045322895050049,1565,1.92051100730896,1514,4.258943557739258,1422,4.603601455688477,1317,4.979714870452881,1245,5.59060525894165,1244,6.4389488697052,1176,6.766906023025513,1113,7.070051670074463,1102,7.3803253173828125,1084,8.011964797973633,1084,8.277006149291992,1050,8.617463111877441,1040,8.92955207824707,1032,9.560327529907227,1029,9.83698034286499,1025,10.112950086593628,999,10.408895492553711,999,10.641912937164307,999,11.41322946548462,998,12.069931030273438,997,12.435190916061401,997,12.715735912322998,997,13.005948543548584,997,13.38388967514038,997,15.396483898162842,997,15.691022872924805,997,16.362163066864014,997,16.648162364959717,997,16.909437894821167,997,17.2920241355896,968,17.614250421524048,968,17.887153148651123,967,18.160459995269775,967,18.716182231903076,967,20.704017162322998,967,20.98490047454834,967,21.24422550201416,967,21.87087345123291,967,22.161840677261353,964,22.50901770591736,964,22.794764757156372,964,24.81845235824585,963,25.12701654434204,963,25.405789852142334,963,25.69800877571106,963,25.98931622505188,963,26.29033923149109,963,26.550844430923462,963,26.794004917144775,963,27.35539221763611,963,29.343571186065674,963,29.63728976249695,963,29.936434507369995,963,30.20369243621826,963,30.4672372341156,963,32.50730633735657,963,32.80139684677124,963,33.05969190597534,963,33.3456289768219,961,34.050660610198975,961,34.353856801986694,961,34.63121581077576,961,34.89338779449463,961,36.924453020095825,961,37.21966505050659,961,37.52203917503357,961,38.22636079788208,961,38.503411531448364,961,38.763399839401245,961,40.78163957595825,961,41.06656098365784,950,41.38144040107727,949,41.696919679641724,949,41.96799039840698,949,42.26120209693909,949,42.54686975479126,949,42.78823637962341,949,43.060200452804565,948,43.40333151817322,948,43.68986487388611,943,44.02701544761658,943,44.31856298446655,941,44.63393974304199,941,44.91107416152954,941,45.518924951553345,941,45.797643423080444,941,47.799033880233765,941,48.088207483291626,940,48.4024543762207,940,48.67646050453186,940,48.92585563659668,938,49.268555641174316,938,49.54483127593994,938,51.56899285316467,938,51.85808515548706,938,52.10196828842163,938,52.38833427429199,938,52.66649508476257,936,52.97034406661987,936,53.2431206703186,936,53.783029079437256,936,55.78792715072632,936,56.07966756820679,930,56.387531042099,930,56.65787672996521,930,57.24858808517456,930,57.514158964157104,930,57.7908136844635,930,58.08130764961243,930,58.35153603553772,930,58.61409020423889,930,59.51911234855652,930,59.79553294181824,930,60.08743619918823
1,random_graphs/triangle/r1.5k24n16/graph1.lgbin,1811,42.81293272972107,823,1622,0,1490,0.33814096450805664,1397,0.9558713436126709,1263,1.2651009559631348,1195,1.5358924865722656,1129,1.8673348426818848,1057,2.932008743286133,1019,3.407132148742676,1013,3.981586217880249,980,4.30475926399231,980,4.566611289978027,956,5.022947311401367,947,5.355687856674194,939,5.715082168579102,932,6.009009122848511,917,6.313292503356934,901,6.664101839065552,901,6.893650770187378,901,7.135038375854492,901,7.478255987167358,898,7.741181373596191,898,8.042536497116089,885,8.568573474884033,880,8.897159099578857,880,9.148531436920166,876,9.451318264007568,876,10.295621156692505,876,10.69387412071228,866,10.966933488845825,866,11.199219226837158,866,11.462238311767578,866,12.32194709777832,862,12.624841690063477,862,13.139288187026978,862,13.490683794021606,862,13.732889652252197,859,14.046625137329102,859,14.307604551315308,859,15.174276351928711,859,15.415127754211426,857,15.731114387512207,857,15.991754531860352,857,16.640146493911743,857,16.898847341537476,857,17.763563632965088,857,18.22886896133423,857,18.47090220451355,857,18.7342267036438,850,18.989145278930664,850,19.210928916931152,846,19.528687477111816,846,19.874406099319458,846,20.134400367736816,845,20.389896392822266,845,20.646680116653442,845,20.88843870162964,845,21.160871982574463,845,21.384750604629517,845,21.650838136672974,845,21.996826171875,845,22.256016731262207,844,22.56191873550415,844,22.86612606048584,839,23.121657609939575,838,23.381219148635864,838,23.731550455093384,838,23.992703199386597,838,24.274948358535767,838,24.533657550811768,838,24.77810525894165,838,25.127429723739624,838,25.388514757156372,838,25.627773761749268,838,25.936934232711792,838,26.75897216796875,838,27.020134210586548,838,27.376128435134888,838,27.59082794189453,838,27.831138610839844,838,28.41768527030945,838,28.697829484939575,838,29.517552614212036,838,29.781108856201172,838,30.125504970550537,838,30.365586757659912,838,30.630908489227295,838,30.896071672439575,838,31.152179718017578,838,31.498639345169067,838,31.77513289451599,838,31.987305164337158,838,32.22475075721741,838,32.478511095047,838,33.052079916000366,838,33.318740367889404,838,33.57972741127014,838,33.92525553703308,838,34.144989013671875,838,34.38542413711548,838,34.64920139312744,838,35.34717297554016,838,35.60882616043091,838,35.82249426841736,838,36.042800188064575,838,36.28150987625122,838,36.52515935897827,838,36.79882788658142,838,37.148444175720215,838,37.41786170005798,838,37.656835079193115,838,37.917906284332275,838,38.17837977409363,838,38.44529604911804,838,38.659247159957886,838,38.96982145309448,838,39.20965313911438,838,39.56019926071167,838,39.81601691246033,838,40.08248424530029,838,40.350340843200684,838,40.70237445831299,835,41.019749879837036,835,41.292823791503906,835,41.55366015434265,835,42.380836963653564,835,42.60186696052551,835,42.862770318984985,835,43.2227144241333,835,43.48164200782776,835,43.72250556945801,835,43.99283218383789,834,44.66661739349365,834,44.989798069000244,834,45.3389048576355,834,45.58091902732849,834,45.84066677093506,834,46.08680868148804,833,46.380094051361084,831,46.690876960754395,829,47.0097336769104,829,47.35994577407837,829,47.60173058509827,829,47.86122727394104,829,48.10227608680725,829,48.32195425033569,829,48.584205627441406,829,48.932621479034424,829,49.378480195999146,829,49.64003229141235,829,49.88331389427185,829,50.61364412307739,829,50.9688081741333,828,51.73957920074463,828,52.00513505935669,827,52.27557921409607,827,52.51548194885254,827,52.730767250061035,827,53.0644416809082,827,53.406519651412964,827,53.96831822395325,827,54.229745388031006,827,54.49299430847168,827,54.73494577407837,827,54.95413780212402,827,55.21568298339844,827,55.46204733848572,827,55.67834281921387,827,55.971415758132935,827,56.32267141342163,827,56.56434750556946,827,56.82687568664551,823,57.133711099624634,823,57.40084743499756,823,57.65757894515991,823,57.876784324645996,823,58.22463631629944,823,58.988935232162476,823,59.22551417350769,823,59.46651005744934,823,59.70051550865173,823,59.96715974807739,823,60.09855389595032
2,random_graphs/triangle/r1.5k24n16/graph2.lgbin,1811,48.535728931427,878,1672,0,1579,2.0428757667541504,1485,2.3173680305480957,1362,2.9897518157958984,1255,3.31451416015625,1175,3.767221689224243,1173,4.9930260181427,1139,5.346855878829956,1077,5.666856050491333,1060,6.277982711791992,971,6.582559585571289,961,8.507299661636353,947,8.794687271118164,947,9.567959785461426,947,9.820279836654663,944,10.171241044998169,943,11.876619100570679,943,12.155840396881104,941,12.875334739685059,940,13.536757707595825,936,13.784071207046509,932,14.477771520614624,932,16.067511796951294,932,16.360522985458374,932,16.985799074172974,916,17.27385687828064,916,17.511155605316162,916,17.808140754699707,916,18.083130836486816,911,18.329725742340088,907,18.599958419799805,907,18.83004355430603,907,19.49185085296631,894,19.808244466781616,894,20.724303483963013,894,20.994070291519165,892,21.272074460983276,892,21.511892080307007,892,22.607219219207764,892,23.512749195098877,891,23.834301233291626,890,24.138517379760742,890,24.38819718360901,889,24.709384202957153,889,25.0874502658844,888,25.404083251953125,888,25.676514863967896,888,25.899178504943848,888,26.1412410736084,884,27.19058895111084,883,27.51697278022766,881,27.79456853866577,881,28.022194623947144,881,28.938580989837646,880,29.244011640548706,878,29.64623260498047,878,29.89352250099182,878,30.29319405555725,878,30.544926166534424,878,31.478604078292847,878,31.72510838508606,878,32.73410224914551,878,32.98148989677429,878,33.25395226478577,878,34.09745812416077,878,34.34737467765808,878,35.26301097869873,878,36.275075912475586,878,36.6743950843811,878,36.94733214378357,878,37.19711709022522,878,37.46149730682373,878,38.379937410354614,878,39.018315076828,878,39.300193548202515,878,39.55339193344116,878,39.79583263397217,878,40.055503606796265,878,41.059131383895874,878,41.320823431015015,878,41.55961561203003,878,41.96905779838562,878,42.22562885284424,878,42.51467037200928,878,42.791796922683716,878,43.19959878921509,878,43.44282031059265,878,44.44258689880371,878,44.71722650527954,878,45.64642810821533,878,45.89429712295532,878,46.18003702163696,878,47.08432340621948,878,47.32197594642639,878,48.247243881225586,878,48.52178955078125,878,48.77367854118347,878,49.43246364593506,878,49.70130634307861,878,49.96435904502869,878,50.21363592147827,878,50.48807764053345,878,51.407732248306274,878,51.87547993659973,878,52.27862334251404,878,52.557886838912964,878,52.810433864593506,878,53.72724461555481,878,54.63291954994202,878,54.87831115722656,878,55.144773960113525,878,55.38806867599487,878,56.294692039489746,878,56.54377603530884,878,56.8169047832489,878,57.07849383354187,878,57.326486587524414,878,58.23125767707825,878,58.48587441444397,878,58.72621011734009,878,59.31446146965027,878,59.70107555389404,878,60.10920023918152
3,random_graphs/triangle/r1.5k24n16/graph3.lgbin,1811,48.25182890892029,797,1682,0,1612,0.5218453407287598,1558,0.9447414875030518,1461,1.2197048664093018,1379,1.6077096462249756,1264,2.259366750717163,1176,6.32453179359436,1114,6.632342576980591,1000,6.926642894744873,993,8.229820251464844,950,8.535250425338745,888,8.849141359329224,888,9.101911783218384,887,9.347681760787964,876,10.062689542770386,876,11.364241361618042,867,11.797208309173584,863,12.048720121383667,854,12.515835762023926,848,12.78484582901001,831,13.042653322219849,831,13.26596999168396,824,14.397878885269165,824,14.83048391342163,824,15.563979864120483,823,15.834450721740723,823,16.079965353012085,823,16.30145025253296,822,16.62276291847229,821,17.068087339401245,821,17.332353115081787,821,18.74328637123108,821,18.992024183273315,812,19.248714923858643,812,19.694363117218018,812,20.21582341194153,812,20.439530611038208,812,20.66876220703125,812,22.082889556884766,812,22.349111795425415,808,22.639201879501343,808,23.070266246795654,808,23.319151878356934,808,23.837445497512817,808,25.225249767303467,806,25.48560380935669,806,25.731147527694702,803,25.98509168624878,803,26.4795024394989,801,26.916025638580322,799,27.894782066345215,798,28.188748359680176,798,28.640804529190063,798,28.855273008346558,798,29.10125160217285,798,29.537142515182495,798,29.75608539581299,798,30.190665245056152,798,30.439364194869995,797,30.694194078445435,797,31.364253282546997,797,31.609721183776855,797,32.770888566970825,797,32.992408752441406,797,33.43459367752075,797,33.68279027938843,797,33.93845319747925,797,34.19595193862915,797,34.46027946472168,797,34.70317029953003,797,35.869407176971436,797,36.090866804122925,797,36.53097367286682,797,36.77587103843689,797,37.03157353401184,797,37.566874265670776,797,37.82008361816406,797,38.06637787818909,797,39.260802268981934,797,39.476921796798706,797,39.906856536865234,797,40.16453552246094,797,40.69895148277283,797,40.94673943519592,797,42.115447759628296,797,42.331586837768555,797,42.54630732536316,797,42.80301260948181,797,43.24017286300659,797,43.49843907356262,797,43.742016553878784,797,44.92495632171631,797,45.15062236785889,797,45.36890935897827,797,45.61441516876221,797,45.87180495262146,797,46.30429744720459,797,46.55965209007263,797,47.74108624458313,797,47.95781064033508,797,48.206764459609985,797,48.7383086681366,797,49.41732048988342,797,49.8591251373291,797,50.118080139160156,797,50.33659529685974,797,51.50687050819397,797,52.03648543357849,797,52.7075400352478,797,52.956233739852905,797,53.215988874435425,797,53.91841769218445,797,55.1066837310791,797,55.356553077697754,797,55.60055088996887,797,55.85970377922058,797,56.081573486328125,797,56.29952526092529,797,56.74564552307129,797,56.9964075088501,797,57.24272680282593,797,57.49525451660156,797,57.717824935913086,797,58.896698236465454,797,59.12362289428711,797,59.377177000045776,797,59.620328187942505,797,60.058889865875244
4,random_graphs/triangle/r1.5k24n16/graph4.lgbin,1811,51.60098934173584,886,1770,0,1703,9.237721920013428,1659,9.82506537437439,1539,10.156620740890503,1400,10.488003015518188,1311,10.772439956665039,1174,11.124295234680176,1106,11.425293684005737,1080,11.72717571258545,1013,12.101124286651611,997,12.422619342803955,994,14.113174676895142,992,17.211503982543945,962,17.52847170829773,961,20.27184247970581,954,20.56511092185974,944,20.92843985557556,938,21.243038654327393,930,21.553154230117798,925,21.844556093215942,907,22.117757081985474,901,22.40628409385681,901,22.653757333755493,900,22.966620445251465,900,23.26318621635437,900,23.52978515625,891,23.837085247039795,891,24.097869157791138,886,24.36915421485901,886,24.665411949157715,886,24.902616500854492,886,25.1539409160614,886,27.324291229248047,886,27.57370901107788,886,27.832188367843628,886,28.128427743911743,886,28.37137746810913,886,28.63909673690796,886,28.900419235229492,886,31.06408381462097,886,31.504194021224976,886,31.746296882629395,886,32.03724956512451,886,32.30298900604248,886,32.64660692214966,886,32.912622690200806,886,35.78150725364685,886,36.01098346710205,886,36.32009506225586,886,36.56822681427002,886,36.91463375091553,886,37.21622276306152,886,37.48092818260193,886,39.529932260513306,886,41.67939805984497,886,41.92377209663391,886,42.21259117126465,886,42.50830626487732,886,42.77356719970703,886,43.033363342285156,886,45.213253021240234,886,45.45423102378845,886,45.69274401664734,886,46.003652811050415,886,46.26211977005005,886,46.55838394165039,886,46.81976914405823,886,48.99534773826599,886,49.24531030654907,886,49.5074896812439,886,49.753642320632935,886,50.0505096912384,886,50.30920886993408,886,50.61952495574951,886,50.87804174423218,886,53.11348748207092,886,55.27325224876404,886,55.56946301460266,886,55.83460521697998,886,56.07947397232056,886,56.34009623527527,886,56.574798822402954,886,56.83367562294006,886,57.39935612678528,886,57.6939435005188,886,57.958107709884644,886,58.20061421394348,886,58.45482587814331,886,58.68724203109741,886,60.09865164756775
5,random_graphs/triangle/r1.5k24n16/graph5.lgbin,1811,50.24288582801819,768,1626,0,1557,1.7982406616210938,1480,2.103818893432617,1412,2.501260280609131,1320,7.672215223312378,1282,9.728163719177246,1148,10.040283203125,1040,10.351402997970581,1028,10.635343551635742,871,10.936405897140503,870,14.68994927406311,861,15.250721454620361,829,15.613287448883057,821,15.924405336380005,806,16.344027280807495,804,16.6314218044281,804,17.93495750427246,789,18.22661018371582,788,18.464107751846313,788,18.737045288085938,788,18.99468994140625,785,19.295936584472656,785,19.585659503936768,785,19.84103536605835,782,20.445186138153076,782,21.113892793655396,782,21.39970588684082,782,22.909622192382812,780,23.815754175186157,780,24.746014833450317,780,25.004214763641357,780,25.309877634048462,780,25.588589429855347,778,25.95685124397278,777,26.237184762954712,776,26.48316478729248,776,27.993329763412476,776,28.27896237373352,776,28.844789505004883,776,29.092939853668213,776,29.35252332687378,776,29.58789324760437,771,29.868167400360107,771,30.115968704223633,771,31.63089108467102,771,32.21195316314697,771,32.50623822212219,771,32.78662919998169,771,33.03947377204895,771,33.33433699607849,771,34.85490965843201,771,35.13559436798096,769,35.44027781486511,768,35.721806049346924,768,35.97741746902466,768,36.22912549972534,768,38.48612093925476,768,39.351571798324585,768,40.862709045410156,768,41.165093660354614,768,41.41659998893738,768,41.6552619934082,768,41.912890672683716,768,42.16168522834778,768,43.493529319763184,768,44.55237698554993,768,44.8372540473938,768,45.078269720077515,768,45.33754205703735,768,45.590917110443115,768,45.86986827850342,768,46.659770250320435,768,48.22539710998535,768,48.45162105560303,768,48.69765782356262,768,48.99141263961792,768,50.50932168960571,768,50.79785752296448,768,51.02602481842041,768,51.2602801322937,768,51.508373737335205,768,51.75293254852295,768,52.05571508407593,768,53.63608765602112,768,53.91838574409485,768,54.15189003944397,768,54.423667907714844,768,54.65476036071777,768,54.945367097854614,768,55.180400371551514,768,55.42804002761841,768,55.73074388504028,768,56.016226291656494,768,56.88489556312561,768,57.13072323799133,768,57.363072633743286,768,57.662179946899414,768,57.94235420227051,768,58.181110858917236,768,58.41967964172363,768,59.19606900215149,768,59.433531045913696,768,59.71936893463135,768,59.957329988479614,768,60.102954626083374
6,random_graphs/triangle/r1.5k24n16/graph6.lgbin,1811,46.9756863117218,900,1676,0,1598,1.5549721717834473,1507,2.1964268684387207,1447,2.5155839920043945,1377,3.121004819869995,1312,3.7959752082824707,1169,4.153713941574097,1138,4.475304365158081,1093,5.51211404800415,1063,6.118810176849365,1062,7.401451587677002,1037,7.741010665893555,1034,8.047921657562256,1010,8.359190940856934,1010,9.5387442111969,997,9.886080503463745,997,10.492417335510254,996,10.74605417251587,975,11.037947654724121,958,11.346035957336426,928,11.650959253311157,925,11.941188335418701,925,12.196064233779907,921,12.525943040847778,921,12.772454261779785,920,13.065190553665161,920,13.335594177246094,920,13.706352233886719,920,13.981146335601807,920,14.359355926513672,920,14.65933609008789,920,14.928168296813965,918,15.242821216583252,918,16.50757622718811,918,16.779465198516846,918,17.036288022994995,918,18.24014115333557,918,18.508967399597168,915,18.80827236175537,915,19.077767848968506,913,19.365766525268555,913,19.617218017578125,913,19.872659921646118,913,21.187833786010742,913,21.80759572982788,913,22.097203016281128,913,22.3661048412323,913,22.627464771270752,913,23.258721351623535,913,24.500490188598633,913,24.79109835624695,913,25.03040909767151,913,25.303874731063843,913,25.574580907821655,913,25.866330862045288,913,26.49740433692932,913,26.763226985931396,913,27.012428998947144,913,28.268867015838623,913,28.53372049331665,913,28.823322534561157,913,29.12140989303589,913,29.38145136833191,913,29.622097730636597,907,29.906470775604248,907,30.151002168655396,907,30.404234170913696,907,30.682904958724976,907,30.955535888671875,907,31.481242656707764,906,31.757004261016846,905,32.07090950012207,903,32.397698402404785,903,32.68387818336487,903,33.33548283576965,902,33.629931688308716,902,33.89578342437744,902,35.147481203079224,902,35.40018820762634,902,35.68519616127014,902,35.94850182533264,902,36.589993476867676,902,37.827518701553345,902,38.085726261138916,902,38.34946966171265,902,38.58518600463867,902,39.19838237762451,900,39.44557809829712,900,39.672892332077026,900,40.87124729156494,900,41.123616218566895,900,41.40516686439514,900,42.02738428115845,900,42.53389763832092,900,43.7241370677948,900,43.99735617637634,900,44.225749015808105,900,44.46071195602417,900,45.06056213378906,900,45.307528257369995,900,45.58116292953491,900,45.83682727813721,900,46.0855667591095,900,46.32115960121155,900,46.94020891189575,900,47.1854465007782,900,47.46239757537842,900,47.69936990737915,900,47.95077133178711,900,48.57338833808899,900,48.835700035095215,900,49.124075174331665,900,49.377562522888184,900,49.99362826347351,900,50.22107458114624,900,50.47707724571228,900,50.756070375442505,900,50.991190671920776,900,51.24607801437378,900,51.88899302482605,900,52.16109037399292,900,52.39601373672485,900,52.67645621299744,900,53.91600513458252,900,54.16124939918518,900,54.41278076171875,900,54.690242767333984,900,55.905208110809326,900,56.150614976882935,900,56.40895128250122,900,57.6034369468689,900,57.85668969154358,900,58.10093426704407,900,58.3709819316864,900,58.63097310066223,900,59.8495671749115,900,60.079973220825195
7,random_graphs/triangle/r1.5k24n16/graph7.lgbin,1811,42.60924243927002,836,1628,0,1558,0.3278214931488037,1515,1.0126581192016602,1411,2.137598991394043,1363,2.5204718112945557,1214,3.03834867477417,1122,3.352612018585205,1055,3.6853370666503906,1030,3.963046073913574,994,4.319432973861694,994,4.695068597793579,982,4.985724210739136,951,5.306854248046875,927,5.6389124393463135,916,6.1541664600372314,912,6.442161560058594,906,6.789896011352539,905,7.38179349899292,904,7.783773899078369,904,8.046603202819824,896,8.33122992515564,896,8.615522146224976,892,9.077804327011108,892,9.401729583740234,892,9.99137544631958,892,10.235291957855225,887,10.504004955291748,887,10.762107372283936,887,11.099993228912354,887,11.4339759349823,884,11.777373313903809,884,12.31993556022644,884,12.604024410247803,881,12.879662990570068,881,13.113636493682861,881,13.358995914459229,881,13.618515253067017,881,13.955037117004395,881,14.221150875091553,876,14.512754440307617,876,14.772014856338501,876,15.007312059402466,876,15.25171160697937,876,15.511844635009766,876,16.095062017440796,871,16.391695737838745,871,16.64373779296875,871,17.052030086517334,871,17.306745290756226,871,17.64333987236023,871,18.24753189086914,871,18.515413284301758,871,18.91819477081299,871,19.187342643737793,871,19.445679903030396,871,19.88572120666504,871,20.31719660758972,871,20.914812564849854,871,21.17062997817993,871,21.51159429550171,871,21.766062259674072,871,21.993708848953247,871,22.23894453048706,871,22.640328645706177,871,22.90194606781006,871,23.23708939552307,871,23.50314688682556,871,23.735393047332764,871,23.99359703063965,871,24.242816925048828,871,24.64688539505005,871,24.919553756713867,871,25.179638862609863,871,25.51884388923645,871,25.75263214111328,871,26.19810700416565,871,26.792122840881348,871,27.053217887878418,871,27.39242720603943,871,27.633815050125122,871,27.870635747909546,871,28.451345920562744,871,28.788684368133545,871,29.048161029815674,871,29.2983717918396,871,29.555926084518433,871,29.78896164894104,871,30.129701614379883,871,30.391546487808228,871,30.98171615600586,867,31.31874918937683,865,31.67220711708069,865,31.95484161376953,865,32.20690321922302,865,32.46169114112854,865,32.695897340774536,865,33.03298735618591,861,33.31194496154785,861,33.57004165649414,861,33.84051537513733,849,34.37545561790466,849,34.655606508255005,849,34.90383195877075,849,35.13725566864014,849,35.4925377368927,840,35.803423166275024,840,36.085179805755615,840,36.54666471481323,838,36.79898381233215,838,37.06617712974548,836,37.37645077705383,836,37.64034128189087,836,38.233468532562256,836,38.56801986694336,836,38.85853862762451,836,39.124475717544556,836,39.38627815246582,836,39.62060904502869,836,39.96933698654175,836,40.41868209838867,836,40.683521032333374,836,41.27908968925476,836,41.520100831985474,836,41.752930641174316,836,42.09335970878601,836,42.37604475021362,836,42.640220165252686,836,42.89081621170044,836,43.17952489852905,836,43.43707227706909,836,44.02885723114014,836,44.3711359500885,836,44.63725423812866,836,44.897769927978516,836,45.15075206756592,836,45.43837070465088,836,45.69656014442444,836,46.034066677093506,836,46.61534857749939,836,47.203235149383545,836,47.466318130493164,836,47.71618890762329,836,48.00552773475647,836,48.268696784973145,836,48.60731363296509,836,48.868348598480225,836,49.10836601257324,836,49.39746379852295,836,49.656733989715576,836,49.89071846008301,836,50.15173649787903,836,50.390056848526,836,50.66882085800171,836,50.902653217315674,836,51.16721224784851,836,51.40992975234985,836,51.66897201538086,836,51.95688724517822,836,52.548803091049194,836,53.09087562561035,836,53.43392562866211,836,53.692116260528564,836,53.933276891708374,836,54.206576108932495,836,54.48794627189636,836,54.73894691467285,836,55.074063301086426,836,55.338006019592285,836,55.61821961402893,836,55.86732482910156,836,56.19030404090881,836,56.45409154891968,836,56.68696928024292,836,56.94836759567261,836,57.28357195854187,836,57.547871351242065,836,57.78760313987732,836,58.05729532241821,836,58.31919264793396,836,58.75329303741455,836,59.01554870605469,836,59.25185966491699,836,59.69808864593506,836,60.109769105911255
8,random_graphs/triangle/r1.5k24n16/graph8.lgbin,1811,45.7793915271759,998,1761,0,1683,0.5378224849700928,1602,1.5893781185150146,1460,1.9741456508636475,1439,2.5665597915649414,1407,8.808639764785767,1333,10.67230486869812,1274,11.454854488372803,1236,11.753498792648315,1109,12.095130443572998,1092,12.838293313980103,1092,13.28478193283081,1092,14.128175735473633,1078,14.462560892105103,1029,14.773024320602417,1029,15.02629566192627,1023,15.31457781791687,1008,15.761491060256958,1005,16.061158657073975,1002,16.36844563484192,1001,16.66744327545166,1001,16.946692943572998,1001,17.213122606277466,1001,17.697873830795288,1001,17.980050325393677,1001,18.2400860786438,1001,18.62560510635376,1001,18.927521228790283,1001,19.342917442321777,1001,19.62547254562378,1001,19.88519549369812,1001,20.171131372451782,1001,20.47947669029236,1001,20.788205862045288,1001,21.229203462600708,1001,21.84072971343994,1001,22.124879360198975,1001,22.612459659576416,1001,22.8742938041687,1001,23.185421228408813,1001,23.47529649734497,1001,23.743729829788208,1001,24.16338276863098,1001,24.547343015670776,1001,24.83024024963379,1001,25.10430335998535,1001,25.36709213256836,1001,25.677081823349,1001,26.095234632492065,1001,26.377912044525146,1001,26.863377332687378,1001,27.15415859222412,1001,27.42551040649414,1001,27.7369167804718,1000,28.344331741333008,1000,28.952738761901855,1000,29.390257596969604,1000,29.673250675201416,1000,30.22006320953369,1000,30.507577419281006,1000,30.764954566955566,1000,31.518495321273804,1000,31.82448959350586,1000,32.428504943847656,1000,32.714248180389404,1000,32.96409273147583,1000,33.37755799293518,1000,33.66658592224121,998,33.97229719161987,998,34.23701882362366,998,34.512762784957886,998,34.82343077659607,998,35.10807681083679,998,35.529380559921265,998,35.818193674087524,998,36.07609796524048,998,36.35029602050781,998,36.661529541015625,998,37.097381353378296,998,37.38138294219971,998,37.89455533027649,998,38.1828830242157,998,38.43913912773132,998,38.83691930770874,998,39.149086236953735,998,39.436461210250854,998,39.71935796737671,998,40.157087087631226,998,40.415475845336914,998,40.668883323669434,998,40.931371450424194,998,41.2200493812561,998,41.63647270202637,998,41.91736435890198,998,42.39963960647583,998,43.03380036354065,998,43.29346013069153,998,43.582194566726685,998,43.865803956985474,998,44.27886080741882,998,44.54829025268555,998,44.81007218360901,998,45.1019446849823,998,45.51581573486328,998,46.122214555740356,998,46.38442397117615,998,46.86880922317505,998,47.18002700805664,998,47.45206379890442,998,47.74231839179993,998,48.16841220855713,998,48.43363547325134,998,48.92039227485657,998,49.23532843589783,998,49.52166295051575,998,49.95172739028931,998,50.55767893791199,998,50.82259273529053,998,51.207417726516724,998,51.51743721961975,998,51.771302700042725,998,52.05501866340637,998,52.34485483169556,998,52.777971267700195,998,53.049980878829956,998,53.311354637145996,998,53.796260356903076,998,54.108712673187256,998,54.38309025764465,998,54.66820406913757,998,54.95692849159241,998,55.40565800666809,998,55.66665077209473,998,55.978700399398804,998,56.23546576499939,998,56.65479373931885,998,56.93675661087036,998,57.226054668426514,998,57.487847089767456,998,58.102215051651,998,58.4123272895813,998,58.84083604812622,998,59.12560224533081,998,59.409992933273315,998,59.67423439025879,998,60.1138277053833
9,random_graphs/triangle/r1.5k24n16/graph9.lgbin,1811,49.93783473968506,895,1698,0,1633,0.7826857566833496,1536,4.345028400421143,1509,6.421917915344238,1401,8.407227039337158,1345,8.744232416152954,1309,9.047251224517822,1271,9.484375476837158,1263,10.353457689285278,1120,11.13539457321167,1112,11.764339208602905,1086,12.08961534500122,1086,12.343297958374023,1051,12.810091495513916,1030,14.084868907928467,1030,14.335243225097656,1016,14.652018547058105,1012,15.137003421783447,1012,15.935948371887207,998,16.680134296417236,998,16.95479130744934,994,17.71400809288025,993,18.19729733467102,993,18.873462677001953,993,19.468525171279907,975,20.1622154712677,975,20.63418698310852,975,21.022138118743896,975,21.33221435546875,975,22.1457417011261,971,22.445525884628296,966,22.76118302345276,966,23.011510848999023,966,23.275647401809692,959,23.661044359207153,941,23.977782011032104,935,24.35881519317627,934,24.69835114479065,934,24.965325593948364,934,25.418736457824707,934,25.980772018432617,934,26.225914239883423,924,26.531563997268677,924,26.793468236923218,924,27.703575372695923,924,28.501291513442993,924,28.70520806312561,922,29.00636124610901,922,29.24916172027588,922,29.97216272354126,919,30.26812434196472,919,30.51234531402588,907,30.817143440246582,907,31.01691746711731,907,31.31830382347107,907,31.566710233688354,904,31.863402843475342,904,32.10559940338135,904,32.99935269355774,904,33.49531054496765,903,33.74949526786804,903,34.00186634063721,903,34.815285205841064,903,35.28150200843811,903,35.63407015800476,903,36.51365518569946,903,37.00598764419556,903,37.813674449920654,903,38.5369610786438,903,38.78963351249695,903,39.08461833000183,895,39.35958671569824,895,39.608298778533936,895,39.84781789779663,895,40.32963728904724,895,41.12584614753723,895,41.86219263076782,895,42.1604323387146,895,42.39402794837952,895,42.644540548324585,895,42.88070201873779,895,43.676496267318726,895,44.2214879989624,895,44.67622232437134,895,44.92887997627258,895,45.169421911239624,895,45.40694308280945,895,46.205137491226196,895,46.681901931762695,895,47.141528606414795,895,47.6048800945282,895,47.862043142318726,895,48.10241770744324,895,48.352280139923096,895,48.60275435447693,895,49.412354707717896,895,49.71496295928955,895,50.236132860183716,895,50.82227039337158,895,51.05766987800598,895,51.30811023712158,895,52.20809769630432,895,52.7352249622345,895,53.53845834732056,895,53.774603605270386,895,54.71550989151001,895,55.51563000679016,895,56.722946882247925,895,57.21071410179138,895,57.44463038444519,895,57.69531321525574,895,57.95144271850586,895,58.20397424697876,895,59.018852949142456,895,59.741981506347656,895,60.098352909088135
10,random_graphs/triangle/r1.5k24n16/graph10.lgbin,1811,50.002480030059814,878,1955,0,1818,0.31916117668151855,1734,1.0160150527954102,1657,6.887155055999756,1536,9.841917276382446,1441,10.14955186843872,1367,10.694547653198242,1332,11.47477102279663,1329,13.489803075790405,1292,14.102012872695923,1192,14.414501667022705,1092,15.013416051864624,1092,15.33850359916687,1092,15.901045799255371,1085,16.183130979537964,1048,16.46954870223999,1018,17.228346586227417,1018,17.495322465896606,980,17.833327531814575,975,19.155689001083374,974,20.224786043167114,973,20.508655548095703,973,20.751802444458008,973,21.025117874145508,973,21.266135454177856,952,21.55399990081787,950,21.908355474472046,950,22.213704586029053,949,22.477775812149048,946,22.715630531311035,939,23.053008317947388,937,23.382610321044922,937,23.665688276290894,937,24.97322988510132,934,25.259584665298462,934,25.535850763320923,931,25.820202827453613,931,27.129016160964966,931,27.778268575668335,931,28.020219326019287,926,28.561410427093506,926,28.834879159927368,925,29.198633909225464,925,29.47670841217041,920,29.815518856048584,920,30.091106176376343,920,30.320523262023926,919,30.692731857299805,919,30.95702052116394,919,31.202073335647583,916,31.465092420578003,913,32.12591528892517,913,32.82166337966919,911,33.31252336502075,911,33.583494663238525,911,33.84474158287048,907,34.36763525009155,907,34.605652809143066,907,34.8407199382782,902,35.17928385734558,902,37.064650774002075,902,37.79622936248779,900,38.12203359603882,899,38.43681859970093,899,38.70071816444397,897,39.03724908828735,892,39.54362750053406,890,39.80359220504761,890,40.04372310638428,890,41.758405923843384,890,41.99497318267822,890,42.27648639678955,890,42.54922270774841,890,43.02136588096619,885,43.30327558517456,885,43.54155111312866,885,45.26733040809631,885,46.187113523483276,885,46.453197956085205,885,46.66099166870117,881,46.97297716140747,881,47.208935260772705,881,47.468909740448,881,49.17890691757202,881,49.451804876327515,881,49.74901723861694,881,50.025314807891846,881,50.24882102012634,881,50.48431849479675,881,52.19081139564514,881,53.12438130378723,881,53.39413857460022,880,53.94557428359985,880,54.15397810935974,880,55.86197018623352,878,56.17239212989807,878,56.43740367889404,878,56.68004894256592,878,56.952977418899536,878,57.21667814254761,878,57.425925970077515,878,57.68151664733887,878,57.92471957206726,878,58.85422134399414,878,59.07600665092468,878,59.34743356704712,878,60.10381293296814
11,random_graphs/triangle/r1.5k24n16/graph11.lgbin,1811,58.241676568984985,871,1667,0,1574,0.7404327392578125,1431,1.0149338245391846,1332,1.6988627910614014,1310,2.2754530906677246,1255,2.616434097290039,1150,2.9578189849853516,1069,3.472517728805542,1062,3.7414069175720215,1001,4.371417045593262,983,12.750440835952759,914,13.10247015953064,913,13.724111795425415,899,14.383099794387817,899,14.65880274772644,899,14.939490556716919,890,15.23529863357544,885,15.558770656585693,880,15.88779091835022,879,16.63835072517395,872,16.9268856048584,871,60.273613929748535
12,random_graphs/triangle/r1.5k24n16/graph12.lgbin,1811,45.24004006385803,822,1650,0,1555,0.4795548915863037,1516,0.867814302444458,1383,1.6549158096313477,1330,1.9663658142089844,1214,2.7276034355163574,1129,3.061509370803833,1092,3.4255847930908203,1042,3.775700092315674,1003,4.059204578399658,942,4.590297222137451,873,4.935183525085449,873,5.206581354141235,873,5.722948789596558,873,6.229690074920654,868,6.512494325637817,860,6.814453125,856,7.148174047470093,851,7.479372262954712,851,7.750493049621582,851,8.024874448776245,851,8.26871657371521,849,8.603123426437378,849,8.876178503036499,849,9.149664402008057,845,9.885223865509033,845,10.493887186050415,837,11.083718538284302,837,11.31866192817688,837,11.889628887176514,837,12.389286041259766,837,13.016792297363281,837,13.291131496429443,834,13.582558631896973,834,13.835346460342407,834,14.103374004364014,833,14.439182043075562,830,14.76097559928894,830,15.030350685119629,830,15.652472972869873,830,16.203638076782227,830,16.484898328781128,830,16.993566513061523,830,17.256635427474976,828,17.577531814575195,828,17.848088026046753,828,18.119349479675293,828,18.359118700027466,828,18.981056213378906,828,19.517876625061035,828,20.032052278518677,828,20.281302213668823,828,20.5484619140625,828,20.816563844680786,828,21.37203311920166,828,21.998109579086304,828,22.5487802028656,828,23.058998584747314,828,23.32840657234192,828,23.56644606590271,828,23.834245920181274,828,24.113665103912354,828,24.727152585983276,828,25.345238208770752,828,25.8554048538208,827,26.287808179855347,827,26.539041996002197,827,26.809162378311157,827,27.089187145233154,827,27.36080312728882,827,27.916074991226196,827,28.414179801940918,827,28.663130521774292,827,28.931142568588257,827,29.210190534591675,827,29.455721378326416,827,29.726296424865723,827,30.267189502716064,827,30.78745722770691,827,31.202763557434082,827,31.468902826309204,827,31.75080966949463,827,31.994792938232422,827,32.26344394683838,827,32.53412652015686,827,33.14517116546631,827,33.576847314834595,827,34.08749055862427,827,34.351486921310425,827,34.619138956069946,827,35.22800254821777,827,35.46962881088257,825,36.139451026916504,825,36.73085641860962,825,37.00858426094055,825,37.53573822975159,825,37.78311514854431,825,38.04844331741333,825,38.316352128982544,825,38.888248920440674,825,39.40237545967102,825,39.64970064163208,825,39.923922061920166,825,40.45676803588867,825,40.92038536071777,825,41.20141816139221,825,41.828612089157104,825,42.4257493019104,825,42.93972873687744,825,43.18737244606018,825,43.461448431015015,825,43.95707821846008,825,44.518685817718506,825,44.7991509437561,825,45.44065284729004,825,45.71025586128235,825,46.23459458351135,824,46.63936114311218,824,46.92143154144287,824,47.40299701690674,824,47.68727684020996,824,47.9551522731781,824,48.46215796470642,824,48.731163024902344,824,48.97631287574768,824,49.25862407684326,824,49.7960045337677,824,50.42983889579773,824,50.69396424293518,824,51.197787046432495,822,51.62062096595764,822,51.87047052383423,822,52.4206063747406,822,52.69275999069214,822,53.20013952255249,822,53.50467014312744,822,53.775373697280884,822,54.04218602180481,822,54.52684569358826,822,55.02780795097351,822,55.58026838302612,822,55.827635049819946,822,56.269980669021606,822,56.54766821861267,822,56.81785202026367,822,57.42168641090393,822,57.726887702941895,822,57.99520683288574,822,58.56047606468201,822,58.82553505897522,822,59.3387930393219,822,59.58094072341919,822,59.86182141304016,822,60.10020899772644
13,random_graphs/triangle/r1.5k24n16/graph13.lgbin,1811,49.16921615600586,784,1501,0,1420,0.6251106262207031,1333,0.9769344329833984,1260,10.456929683685303,1207,10.803932428359985,1171,11.155039548873901,1135,12.319634914398193,1013,13.087264060974121,951,15.364184141159058,884,15.68697214126587,853,16.378809452056885,841,17.052160263061523,839,18.08116364479065,837,18.33589458465576,837,19.91443395614624,824,20.223689794540405,818,20.7835111618042,817,21.117465496063232,816,22.701488971710205,816,22.980379819869995,816,23.55567765235901,814,23.868784427642822,814,24.13003373146057,811,24.478541374206543,811,24.72822642326355,811,25.601707220077515,811,25.85193419456482,802,26.15811061859131,795,26.678823947906494,794,27.08267378807068,792,27.408953428268433,792,27.667247772216797,792,27.93254041671753,789,28.559593677520752,789,28.847571849822998,786,29.109227895736694,786,29.809036016464233,786,30.088377714157104,785,30.412216901779175,785,30.67234754562378,785,30.94299554824829,785,31.225457906723022,785,31.492497444152832,785,31.977531671524048,785,32.84632873535156,785,33.126816272735596,785,33.716065645217896,785,33.96340870857239,785,34.67882680892944,785,34.96202301979065,785,35.20680499076843,785,35.45660471916199,785,35.730618476867676,785,35.99266600608826,785,36.23750567436218,785,36.504735469818115,785,37.368709325790405,785,37.61532282829285,785,37.89860701560974,785,38.16013741493225,785,38.75234007835388,784,39.30304408073425,784,39.58775591850281,784,39.83865165710449,784,40.109901666641235,784,40.9590117931366,784,41.239630460739136,784,41.4984233379364,784,41.75662040710449,784,42.25275444984436,784,42.499918937683105,784,42.767709732055664,784,43.62863373756409,784,43.876190423965454,784,44.154943227767944,784,44.415462017059326,784,44.680264711380005,784,45.43494391441345,784,45.70017218589783,784,46.53525161743164,784,46.77809190750122,784,47.0360848903656,784,47.31391525268555,784,47.57482075691223,784,48.07211518287659,784,48.924683809280396,784,49.19947695732117,784,49.45646119117737,784,49.69944214820862,784,49.958680391311646,784,50.546502351760864,784,50.81418561935425,784,51.09608054161072,784,51.933472871780396,784,52.1907525062561,784,52.46644306182861,784,52.73223614692688,784,53.454684257507324,784,54.13439393043518,784,54.988351583480835,784,55.27310490608215,784,55.55161666870117,784,55.810214042663574,784,56.06022095680237,784,57.283397912979126,784,57.54782176017761,784,58.132768869400024,784,58.37854313850403,784,58.628766775131226,784,59.470890522003174,784,59.7461793422699,784,60.00180149078369
14,random_graphs/triangle/r1.5k24n16/graph14.lgbin,1811,51.64270544052124,806,1566,0,1456,0.38340210914611816,1375,2.389296293258667,1370,3.1692721843719482,1297,3.447324275970459,1226,3.7913053035736084,1140,4.140374183654785,1093,8.680701971054077,1063,9.114835977554321,971,9.385039329528809,906,9.665736198425293,894,10.281037092208862,865,10.613056421279907,865,12.238917112350464,863,12.487029790878296,856,13.374638557434082,841,13.702079057693481,836,13.969799995422363,829,14.264862775802612,829,14.508220911026001,829,14.783154010772705,829,15.055468559265137,828,15.32509446144104,820,15.601224899291992,820,15.835468053817749,813,16.114477157592773,813,17.747586011886597,813,17.987430810928345,812,19.829509019851685,812,20.102614164352417,812,20.600781440734863,812,20.832810640335083,812,21.10737919807434,810,21.382606506347656,810,22.683622360229492,810,23.474689483642578,810,23.713388442993164,810,23.944570541381836,810,24.216933965682983,810,24.48994517326355,810,25.440227270126343,810,25.676244258880615,810,26.1867938041687,810,27.47964859008789,810,27.709250450134277,810,27.979708194732666,810,28.201025247573853,810,28.47361946105957,810,28.704221725463867,810,28.94698214530945,810,29.175219535827637,810,30.462332725524902,810,30.736395120620728,810,31.00836491584778,810,31.597006797790527,810,32.09266686439514,810,32.337963581085205,810,32.56116986274719,810,32.779773235321045,810,33.04921507835388,810,34.3489089012146,810,34.92185139656067,810,35.845296144485474,810,36.08946633338928,810,36.91523742675781,810,38.615675926208496,810,38.88703680038452,810,39.10618448257446,810,40.05286455154419,810,40.28578162193298,809,40.58604621887207,809,41.87323570251465,809,42.14513325691223,809,42.4181067943573,807,46.90401864051819,806,48.73665165901184,806,48.967376470565796,806,49.20048999786377,806,49.474143505096436,806,50.843934774398804,806,51.116089820861816,806,54.41346478462219,806,54.644649505615234,806,54.87734031677246,806,56.23915147781372,806,56.51083540916443,806,56.7845983505249,806,57.432284355163574,806,58.35967040061951,806,58.592381715774536,806,58.82612705230713,806,59.071261405944824,806,60.09891200065613
15,random_graphs/triangle/r1.5k24n16/graph15.lgbin,1811,46.17501926422119,864,1960,0,1874,2.53157377243042,1725,2.9104790687561035,1658,5.371933937072754,1593,5.687725305557251,1527,6.027655601501465,1429,6.328607082366943,1417,6.895864486694336,1286,7.243528127670288,1227,7.551568269729614,1215,8.394016027450562,1112,8.695968389511108,1069,9.013930559158325,1069,9.282586574554443,1069,9.543092727661133,1067,11.411381244659424,1066,11.999892711639404,1041,12.304117918014526,1028,12.627235412597656,1020,12.927563905715942,1015,13.229264497756958,1012,13.563562393188477,1012,14.038381576538086,1012,14.312311887741089,1007,14.617810487747192,1006,16.12046456336975,1005,16.403735876083374,1005,16.6702241897583,1002,17.005491971969604,1001,17.270857572555542,1001,17.536919832229614,1001,18.10162878036499,1001,18.365914821624756,995,18.903566360473633,993,19.74532699584961,983,20.049265384674072,983,20.31584668159485,974,20.636133909225464,974,20.9207706451416,974,21.676377534866333,974,22.365721702575684,968,22.667051553726196,965,22.96109890937805,965,23.219035863876343,959,23.691186904907227,959,24.249063968658447,959,24.51654624938965,958,24.838980436325073,958,25.079423427581787,956,25.327497243881226,956,25.587031841278076,945,25.893898963928223,945,26.153048038482666,935,26.447715997695923,935,26.70336151123047,935,27.296058893203735,935,27.56688404083252,935,27.827841997146606,935,28.35277223587036,935,29.060216665267944,935,29.319923400878906,923,29.620214700698853,923,29.86005163192749,917,30.14962887763977,917,30.399489164352417,917,30.65499258041382,917,31.35746121406555,917,31.61686944961548,910,31.918413877487183,910,32.1724066734314,910,32.67932438850403,910,32.92096996307373,910,33.16544222831726,908,33.459864377975464,908,34.175315141677856,908,34.43100666999817,908,34.67809319496155,908,35.38158130645752,905,35.700149059295654,894,36.00464677810669,894,36.24849200248718,894,36.50705528259277,894,36.767659425735474,894,37.00856947898865,894,37.71386671066284,894,38.404396057128906,894,38.659690856933594,894,38.91396498680115,894,39.16174864768982,892,39.484065771102905,892,39.74518656730652,892,40.00389766693115,892,40.243852615356445,892,40.9335834980011,892,41.193482875823975,892,41.43409776687622,892,41.687063217163086,892,41.93410849571228,892,42.192909717559814,892,42.893338203430176,892,43.146753787994385,892,43.38545227050781,892,43.63843655586243,892,43.88615822792053,892,44.14438462257385,892,44.8463830947876,892,45.551013708114624,892,45.806012868881226,892,46.05378079414368,892,46.794902086257935,892,47.03802466392517,892,47.73689866065979,892,47.988752126693726,887,48.33340406417847,886,48.636884927749634,886,48.89886832237244,886,49.14477038383484,886,49.846429109573364,886,50.55859065055847,886,50.79921793937683,886,51.057655811309814,886,51.3100802898407,885,51.61241865158081,885,51.84796094894409,885,52.55134201049805,885,52.79697895050049,885,53.05091857910156,884,53.382269859313965,884,53.637319564819336,884,54.35303092002869,875,54.667128801345825,875,55.40115547180176,875,55.65448474884033,875,56.23250675201416,868,56.5414605140686,868,57.25027251243591,868,57.49557161331177,868,57.75064420700073,866,58.0310263633728,865,58.34687805175781,865,58.60486960411072,864,58.93329954147339,864,59.17894649505615,864,59.89191269874573,864,60.09953808784485
16,random_graphs/triangle/r1.5k24n16/graph16.lgbin,1811,43.72754144668579,832,1889,0,1729,0.450833797454834,1600,0.7938520908355713,1493,1.162888765335083,1422,1.7409846782684326,1300,2.014317035675049,1235,2.308464288711548,1189,2.9620442390441895,1118,3.314333915710449,1046,3.627009868621826,955,4.133633613586426,948,4.6081202030181885,937,4.901111364364624,921,5.254464387893677,917,5.578241586685181,908,5.8689141273498535,906,6.441863775253296,901,6.753783702850342,901,7.182991981506348,901,7.884262800216675,901,8.134431838989258,895,8.462268829345703,893,8.803877592086792,893,9.083409547805786,893,9.343708276748657,893,9.546652555465698,893,9.820456504821777,893,10.034292459487915,892,10.298036813735962,892,10.575319766998291,892,11.015989303588867,892,11.269442319869995,892,11.99382472038269,892,12.266998529434204,892,12.526883840560913,883,12.838894605636597,883,13.102795839309692,883,13.821276426315308,883,14.080097675323486,883,14.36177396774292,883,14.787557601928711,883,15.054904699325562,883,15.301063537597656,883,15.873354196548462,883,16.61078691482544,883,16.875622987747192,881,17.204262018203735,881,17.642364263534546,881,17.914884328842163,881,18.19231605529785,881,18.463363647460938,881,18.716739892959595,881,18.932323455810547,881,19.662603855133057,881,19.92814564704895,881,20.19175434112549,881,20.472516775131226,881,20.91019916534424,881,21.63429069519043,881,21.902268886566162,881,22.162036657333374,881,22.602242469787598,881,22.882513761520386,881,23.162205934524536,881,23.437644720077515,881,23.671953439712524,881,23.90247678756714,881,24.626922130584717,881,24.89285445213318,881,25.174255847930908,881,25.61290740966797,881,25.868206024169922,881,26.142366647720337,881,26.35004162788391,881,26.598137140274048,881,27.31239414215088,881,27.57540988922119,881,27.826156854629517,881,28.259186506271362,881,28.537774324417114,881,28.741840839385986,881,28.997848749160767,881,29.245521306991577,881,29.95633888244629,881,30.23148775100708,881,30.477854013442993,881,30.74276041984558,881,31.178058862686157,881,31.4589786529541,881,31.674665451049805,881,32.39014959335327,881,32.66575241088867,881,32.931997299194336,881,33.19448900222778,881,33.473530292510986,881,33.92783284187317,881,34.152339458465576,881,34.425429821014404,881,35.139188051223755,881,35.40462112426758,881,35.67025423049927,881,36.102715730667114,881,36.38036036491394,881,36.63857650756836,881,36.84307026863098,881,37.11122679710388,881,37.82504081726074,881,38.04309034347534,881,38.322163820266724,881,38.598976612091064,881,39.032904624938965,881,39.27896547317505,881,39.54042601585388,881,39.81205630302429,881,40.520328760147095,881,40.78165054321289,881,41.21313238143921,881,41.49122905731201,881,41.754637002944946,881,42.02999663352966,881,42.74557662010193,881,43.00276708602905,881,43.21616077423096,881,43.648409843444824,881,43.92909860610962,881,44.18669509887695,881,44.4604115486145,881,45.18487739562988,881,45.434046268463135,881,46.00025463104248,881,46.433701276779175,881,46.694852352142334,881,46.94894480705261,881,47.22361993789673,881,47.48725199699402,881,47.748249769210815,881,47.959755659103394,881,48.39959359169006,881,48.67202377319336,881,48.93599772453308,881,49.50401997566223,881,49.94203329086304,881,50.200440406799316,881,50.466928482055664,881,50.90784478187561,881,51.441994190216064,864,51.8023624420166,862,52.16108012199402,862,52.46221423149109,862,52.73138093948364,858,53.006113052368164,858,53.456101179122925,858,53.70594668388367,857,54.39829897880554,857,55.097275257110596,857,55.354854345321655,857,55.801607847213745,857,56.06079030036926,853,56.42557096481323,853,56.72870087623596,853,56.98082971572876,853,57.4171826839447,834,57.73674941062927,832,58.42111420631409,832,58.85995674133301,832,59.12247920036316,832,59.66300582885742,832,59.9119668006897,832,60.100001096725464
17,random_graphs/triangle/r1.5k24n16/graph17.lgbin,1811,53.042216539382935,937,1711,0,1641,0.5827045440673828,1557,1.0585756301879883,1536,1.370128870010376,1448,1.6839170455932617,1358,2.8157572746276855,1290,3.431913137435913,1187,3.7040951251983643,1162,5.894510269165039,1143,6.228137016296387,1055,6.552979469299316,1014,6.8850462436676025,1014,11.330067157745361,1014,11.610504627227783,1009,11.863958358764648,1006,12.385970115661621,1004,12.971338272094727,990,13.302539825439453,988,13.606658697128296,960,14.515418529510498,956,14.811424016952515,956,19.010013580322266,956,19.583991527557373,956,19.86204242706299,949,20.11736822128296,949,20.378400325775146,943,20.880759954452515,943,21.086902856826782,943,21.659266471862793,943,21.933233499526978,943,22.187420129776,943,22.446781635284424,941,27.71872353553772,937,28.040563344955444,937,32.102473735809326,937,32.37976813316345,937,32.66340708732605,937,33.230148792266846,937,33.61312937736511,937,33.884865045547485,937,34.21640205383301,937,34.493061780929565,937,34.77583026885986,937,38.82330369949341,937,39.398096323013306,937,39.64224290847778,937,39.911760330200195,937,40.15481090545654,937,40.38928532600403,937,40.64800977706909,937,40.92084217071533,937,41.18120336532593,937,41.57065987586975,937,42.111871004104614,937,42.345985412597656,937,42.63541555404663,937,42.88114285469055,937,43.14088821411133,937,43.67890906333923,937,43.90067911148071,937,44.46051359176636,937,48.534273624420166,937,48.8136990070343,937,49.04431939125061,937,49.28998017311096,937,49.67857646942139,937,49.93572807312012,937,50.20790100097656,937,54.26275420188904,937,54.84593057632446,937,55.127291440963745,937,55.33479380607605,937,55.597692251205444,937,59.67492365837097,937,59.95262336730957,937,60.09536290168762
18,random_graphs/triangle/r1.5k24n16/graph18.lgbin,1811,49.314358711242676,732,1595,0,1486,8.81262755393982,1359,9.386576890945435,1276,9.871284008026123,1178,11.556490898132324,1134,11.846370697021484,1098,12.622283697128296,981,12.972843408584595,960,13.901966333389282,930,14.74174189567566,888,15.075251817703247,848,15.411305904388428,848,16.249683141708374,848,16.590360164642334,848,17.373777151107788,836,17.943336248397827,835,18.707419872283936,832,19.001262664794922,819,19.29189419746399,807,19.593864679336548,771,19.94414258003235,767,20.24625253677368,765,20.517868518829346,765,20.77513337135315,765,21.03559398651123,764,21.315062284469604,754,21.686048984527588,753,21.97717022895813,753,22.74050760269165,752,23.073360204696655,748,23.42098116874695,748,23.69855546951294,744,23.981539964675903,744,24.223609924316406,742,24.55834722518921,742,24.81139063835144,742,25.579105854034424,741,25.85072612762451,737,26.151769161224365,737,26.43434500694275,737,26.68210458755493,737,26.960501670837402,737,27.7420814037323,737,28.00003933906555,734,28.33075499534607,734,28.609333753585815,732,28.90618324279785,732,29.156919956207275,732,29.396437168121338,732,29.63035011291504,732,30.394841194152832,732,30.743676900863647,732,31.003047227859497,732,31.25126361846924,732,31.51392912864685,732,31.743569135665894,732,32.01725149154663,732,32.27576923370361,732,33.041344165802,732,33.29069423675537,732,33.569716930389404,732,33.84972858428955,732,34.10517406463623,732,34.378461599349976,732,35.14438819885254,732,36.800063133239746,732,37.06044030189514,732,37.30681395530701,732,37.59208011627197,732,40.72668528556824,732,41.002713203430176,732,41.259270906448364,732,41.493932008743286,732,42.27372932434082,732,42.52007484436035,732,42.80141234397888,732,43.049925804138184,732,43.30460834503174,732,43.54191064834595,732,43.80389428138733,732,44.15129637718201,732,44.924927949905396,732,45.20505690574646,732,45.4562292098999,732,45.73278045654297,732,46.448282957077026,732,46.79571986198425,732,49.92718434333801,732,50.188538551330566,732,50.46610426902771,732,50.70740747451782,732,50.95489501953125,732,51.187278270721436,732,51.94870138168335,732,52.222814321517944,732,53.87290644645691,732,54.1200475692749,732,54.3978533744812,732,55.16095161437988,732,55.43246865272522,732,55.68870449066162,732,55.95051646232605,732,56.22564101219177,732,56.49990510940552,732,56.742390394210815,732,57.51368284225464,732,57.86087727546692,732,58.11360454559326,732,58.97160291671753,732,59.22361469268799,732,59.472878217697144,732,60.107316970825195
19,random_graphs/triangle/r1.5k24n16/graph19.lgbin,1811,47.93376922607422,791,1686,0,1602,0.3388559818267822,1517,0.6392147541046143,1420,2.245140314102173,1346,3.090118408203125,1253,3.940523862838745,1228,4.297922611236572,1175,4.641855716705322,1118,6.042713642120361,1015,6.828571796417236,1014,11.702555179595947,998,11.987653255462646,986,12.266284704208374,973,12.548868894577026,970,12.884355068206787,951,13.447458267211914,948,14.382695436477661,934,14.7389554977417,924,15.0422842502594,907,15.404755353927612,902,15.764503002166748,898,16.118017435073853,896,17.821850538253784,896,18.0933198928833,879,18.670944929122925,869,19.02019691467285,868,19.306869506835938,865,19.66476821899414,864,20.133729934692383,864,20.389305591583252,864,20.636019468307495,864,20.994577884674072,864,21.277121782302856,864,21.5675151348114,863,22.63659644126892,863,23.50525212287903,861,24.50923228263855,861,25.412917375564575,861,25.768600940704346,861,26.050691604614258,860,26.37910747528076,860,26.66427516937256,860,26.906944274902344,860,27.15115475654602,860,27.970247268676758,860,28.228712558746338,860,28.519245386123657,860,28.810389518737793,860,29.115670442581177,860,30.191415309906006,860,30.44986867904663,860,30.739197254180908,848,31.03007745742798,848,31.937896490097046,848,32.19818902015686,848,32.5031623840332,848,32.85800623893738,848,33.141916036605835,821,33.390106439590454,821,33.629223346710205,821,34.5325288772583,821,34.837666034698486,821,35.09321117401123,821,35.37144351005554,821,35.720627784729004,821,35.95163679122925,821,37.019092321395874,815,37.35982084274292,815,37.64871573448181,815,37.95272898674011,815,38.85666608810425,815,39.09232568740845,815,39.37505388259888,815,39.723564863204956,815,39.958210706710815,815,40.24558639526367,815,40.483272075653076,815,41.38610816001892,815,41.704495668411255,815,42.05917000770569,815,42.29541516304016,815,42.58285140991211,815,42.82393169403076,815,43.72583985328674,815,43.98575520515442,815,44.22438406944275,815,44.58152675628662,815,44.81637978553772,806,45.124847412109375,806,46.03182649612427,806,46.28850722312927,806,46.52501392364502,806,46.8780255317688,806,47.16167426109314,806,48.06779432296753,806,48.32822775840759,800,48.67727088928223,796,48.988759994506836,796,49.34954118728638,796,49.640106201171875,796,50.743956089019775,796,50.999796867370605,795,51.34209704399109,794,51.62336015701294,794,51.97614121437073,794,52.88859152793884,794,53.15383243560791,794,53.44477677345276,794,53.78375864028931,794,54.04127097129822,794,54.32879137992859,794,54.56762671470642,794,54.92348670959473,794,55.82540488243103,794,56.135226011276245,794,56.42526030540466,794,57.25956869125366,794,57.60873866081238,791,57.923543214797974,791,58.18740510940552,791,59.095054626464844,791,59.380170583724976,791,59.6684775352478,791,60.1078827381134
20,random_graphs/triangle/r1.5k24n16/graph20.lgbin,1811,44.06393551826477,1013,1946,0,1814,0.46653079986572266,1658,0.7733004093170166,1559,3.10087251663208,1469,3.3924765586853027,1379,3.776101589202881,1324,4.083866596221924,1264,4.405389785766602,1180,4.855398416519165,1136,5.630784034729004,1136,6.212215423583984,1136,6.476683139801025,1135,6.7670581340789795,1114,6.999159336090088,1107,7.29170560836792,1085,7.594092845916748,1067,7.887167930603027,1055,8.216797113418579,1055,8.995744705200195,1055,9.227062940597534,1051,9.522316932678223,1048,9.809203386306763,1048,10.048542261123657,1048,10.300405502319336,1048,10.546245098114014,1048,10.786391735076904,1039,11.050546646118164,1039,11.27625036239624,1039,12.028905391693115,1039,12.276442527770996,1033,12.593192100524902,1033,12.859182119369507,1033,13.11032485961914,1033,13.350163698196411,1027,13.611520290374756,1027,14.37177038192749,1027,14.592052459716797,1023,14.908804893493652,1023,15.15613079071045,1023,15.402555704116821,1023,16.16394805908203,1023,16.40313982963562,1023,17.164378881454468,1016,17.38944673538208,1015,17.69639825820923,1013,17.975435256958008,1013,18.228395223617554,1013,18.46765971183777,1013,19.231933116912842,1013,19.47123122215271,1013,19.711091995239258,1013,20.467222452163696,1013,20.715485095977783,1013,21.510761737823486,1013,21.75988483428955,1013,22.00127124786377,1013,22.246889114379883,1013,22.506580352783203,1013,22.728276252746582,1013,22.982932090759277,1013,23.747626781463623,1013,23.992790699005127,1013,24.242972135543823,1013,24.493664503097534,1013,25.064783096313477,1013,25.305782079696655,1013,25.55507254600525,1013,25.814877033233643,1013,26.57685613632202,1013,26.824216842651367,1013,27.06771993637085,1013,27.285207748413086,1013,27.52590274810791,1013,27.774517059326172,1013,28.53410506248474,1013,28.778497219085693,1013,29.023470878601074,1013,29.26094102859497,1013,29.517179250717163,1013,29.75322699546814,1013,30.00273871421814,1013,30.753371953964233,1013,31.00090503692627,1013,31.224478721618652,1013,31.98440980911255,1013,32.217328786849976,1013,32.464104413986206,1013,32.700323820114136,1013,32.95341777801514,1013,33.18806266784668,1013,33.43264961242676,1013,33.67393636703491,1013,33.89514493942261,1013,34.15549087524414,1013,34.39257478713989,1013,35.17509651184082,1013,35.4180109500885,1013,35.63891839981079,1013,35.895594120025635,1013,36.13555550575256,1013,36.92910981178284,1013,37.16670489311218,1013,37.96150469779968,1013,38.21066856384277,1013,38.46136403083801,1013,38.68669271469116,1013,38.94659972190857,1013,39.18562698364258,1013,39.44263243675232,1013,40.20796871185303,1013,40.464568853378296,1013,40.71267604827881,1013,40.940797567367554,1013,41.20315194129944,1013,41.443926095962524,1013,41.67981815338135,1013,42.45827674865723,1013,42.703699827194214,1013,42.92540669441223,1013,43.16833806037903,1013,43.40327024459839,1013,43.96205711364746,1013,44.19398236274719,1013,44.95771646499634,1013,45.20473837852478,1013,45.42880129814148,1013,45.66649079322815,1013,45.901352643966675,1013,46.137927293777466,1013,46.38412070274353,1013,46.646214723587036,1013,46.89678335189819,1013,47.143070697784424,1013,47.36831569671631,1013,47.615843534469604,1013,47.87458801269531,1013,48.13549327850342,1013,48.36700391769409,1013,48.613091230392456,1013,48.87264585494995,1013,49.10406017303467,1013,49.34343671798706,1013,49.58760190010071,1013,49.84839963912964,1013,50.43425536155701,1013,50.66586136817932,1013,50.90292549133301,1013,51.144758462905884,1013,51.917092084884644,1013,52.14831256866455,1013,52.38594579696655,1013,52.63243794441223,1013,53.18933582305908,1013,53.95102119445801,1013,54.18466830253601,1013,54.73943328857422,1013,54.96061158180237,1013,55.22139358520508,1013,55.82216429710388,1013,56.06720757484436,1013,56.288466930389404,1013,56.54784440994263,1013,57.30803966522217,1013,57.548367500305176,1013,58.10882091522217,1013,58.366934061050415,1013,58.582597494125366,1013,59.1586229801178,1013,59.3790340423584,1013,59.63899612426758,1013,60.09765839576721
21,random_graphs/triangle/r1.5k24n16/graph21.lgbin,1811,46.03406572341919,848,1758,0,1675,0.6591644287109375,1571,0.9830176830291748,1513,2.1044039726257324,1460,2.375161647796631,1328,2.971571207046509,1274,3.3054444789886475,1204,4.052894830703735,1117,4.743916034698486,1077,5.07475209236145,1027,5.802858114242554,1027,6.077878475189209,1027,6.946525573730469,1021,7.723100423812866,1006,8.545893430709839,983,8.817295789718628,962,9.19869613647461,953,9.770897150039673,948,10.107328176498413,946,13.6306734085083,908,13.99843430519104,893,14.320104837417603,892,14.630858898162842,889,14.942391633987427,884,15.56773567199707,883,15.96200942993164,883,16.22038698196411,879,16.643659114837646,875,16.929800510406494,874,17.53861093521118,874,18.10254216194153,874,18.382115840911865,874,18.62944793701172,868,19.025760889053345,868,19.352625608444214,868,19.623603582382202,868,19.89699101448059,866,20.228880405426025,860,20.567919731140137,860,20.88530731201172,860,21.167242288589478,860,21.503231287002563,858,21.895747900009155,858,22.56238555908203,857,22.837626218795776,856,23.227484226226807,856,23.50204610824585,855,23.835383892059326,855,24.164541721343994,855,24.768903970718384,855,25.584655046463013,853,25.897491216659546,853,26.13714051246643,852,26.46579337120056,852,26.776859045028687,848,27.15043306350708,848,27.427082777023315,848,27.68407154083252,848,27.940515279769897,848,28.523757934570312,848,28.85495400428772,848,29.172011852264404,848,30.00348162651062,848,30.243183851242065,848,30.523448705673218,848,30.784120321273804,848,31.1128888130188,848,31.94559669494629,848,32.18968391418457,848,32.52815508842468,848,33.14421844482422,848,33.426366090774536,848,33.69689083099365,848,34.0198655128479,848,34.3590190410614,848,34.669068813323975,848,34.950841188430786,848,35.22108030319214,848,35.5526385307312,848,35.820146799087524,848,36.15840530395508,848,36.44656014442444,848,36.729103803634644,848,37.05526804924011,848,37.32217192649841,848,37.662211179733276,848,38.5076642036438,848,38.77002835273743,848,39.35566520690918,848,39.671087980270386,848,39.95771336555481,848,40.28333020210266,848,40.55514860153198,848,40.89788508415222,848,41.727538108825684,848,41.97742033004761,848,42.26283860206604,848,42.60665535926819,848,42.8796181678772,848,43.50797200202942,848,43.79781198501587,848,44.0457763671875,848,44.31485438346863,848,45.24340796470642,848,45.58520793914795,848,45.920093059539795,848,46.1660430431366,848,46.443894147872925,848,47.2851402759552,848,47.62986350059509,848,47.93514347076416,848,48.171594858169556,848,48.491804361343384,848,48.75866198539734,848,49.00330209732056,848,49.83770728111267,848,50.1740026473999,848,50.457093238830566,848,50.712016344070435,848,51.04102444648743,848,51.64237427711487,848,51.927913427352905,848,52.75055646896362,848,53.03304147720337,848,53.35161519050598,848,53.61582112312317,848,53.86386513710022,848,54.69213509559631,848,54.93440794944763,848,55.20650124549866,848,55.53488898277283,848,55.79377770423889,848,56.6166512966156,848,57.01542925834656,848,57.28583741188049,848,57.59618902206421,848,57.92902612686157,848,58.193706035614014,848,59.02387070655823,848,59.267653703689575,848,59.60027194023132,848,59.93316340446472,848,60.10154414176941
22,random_graphs/triangle/r1.5k24n16/graph22.lgbin,1811,49.731242656707764,882,1720,0,1648,6.8983118534088135,1528,7.724363565444946,1399,8.062708616256714,1303,9.668351888656616,1238,11.265301942825317,1200,11.561163663864136,1170,11.936830997467041,1153,12.207143783569336,1148,12.831719160079956,1040,13.285038232803345,1038,13.586167335510254,1022,13.908057689666748,1017,17.118771076202393,1005,17.444178342819214,984,17.801708936691284,979,18.13733410835266,973,18.45238709449768,973,19.02342176437378,930,19.398656845092773,923,19.658726930618286,922,21.228628158569336,922,21.508363246917725,922,21.756255626678467,913,22.071064710617065,913,22.32619333267212,913,23.881561279296875,910,24.26737904548645,910,24.496779680252075,910,25.057050943374634,909,25.374740839004517,899,25.68741750717163,899,25.94025206565857,896,26.251683712005615,896,26.573351621627808,893,26.948758602142334,893,27.869850158691406,892,28.121254920959473,892,28.341873168945312,891,28.653218746185303,888,28.966910123825073,888,29.21595072746277,888,29.470667362213135,888,30.070152759552002,888,30.30362343788147,888,30.51892328262329,887,30.877322673797607,885,31.18755078315735,885,31.437878608703613,885,32.042035818099976,885,32.30857300758362,885,33.257121562957764,885,33.49148750305176,885,33.75227117538452,885,34.035176277160645,885,34.63764691352844,885,34.88860273361206,885,35.12334322929382,885,36.093096017837524,885,36.352863788604736,885,36.56696677207947,885,37.179014444351196,885,37.43498253822327,885,38.397326946258545,885,38.654025077819824,882,39.90003776550293,882,40.46467423439026,882,40.70970058441162,882,41.27940845489502,882,42.24039626121521,882,42.47898888587952,882,42.72625112533569,882,43.025208711624146,882,43.2751841545105,882,43.53630542755127,882,43.751347064971924,882,43.9950008392334,882,44.57179093360901,882,45.52611041069031,882,45.824578046798706,882,46.087695598602295,882,47.05103588104248,882,47.82904005050659,882,48.074135541915894,882,48.367669343948364,882,48.61777305603027,882,48.91205143928528,882,49.84527134895325,882,50.404818296432495,882,50.63450527191162,882,50.88657236099243,882,51.18079900741577,882,51.42357301712036,882,52.35731840133667,882,52.589025020599365,882,53.16424298286438,882,53.4123592376709,882,53.65419578552246,882,53.95336723327637,882,54.9007248878479,882,55.16495156288147,882,55.951000928878784,882,56.201838970184326,882,56.429587602615356,882,56.98590683937073,882,57.24238729476929,882,58.200706481933594,882,58.49331045150757,882,58.724157094955444,882,59.28785490989685,882,59.85040307044983,882,60.09651327133179
23,random_graphs/triangle/r1.5k24n16/graph23.lgbin,1811,45.57632231712341,820,1759,0,1645,0.2985677719116211,1558,0.6890609264373779,1466,1.4731082916259766,1317,1.8045930862426758,1297,2.131865978240967,1223,2.916766405105591,1178,3.2155652046203613,1126,4.213253498077393,1109,5.213482618331909,1016,5.498535394668579,1004,5.853438138961792,998,6.119937419891357,972,6.419430732727051,972,6.669658422470093,972,7.624079465866089,971,8.305771112442017,921,8.618701934814453,915,8.962865591049194,911,9.243533849716187,910,9.718108654022217,906,10.017428874969482,905,10.295321464538574,904,10.570688247680664,891,10.879762411117554,884,11.181788682937622,884,11.437593936920166,883,11.692678928375244,883,13.19981598854065,883,14.025404214859009,871,14.331144094467163,863,14.704578876495361,861,14.985566854476929,848,15.308987140655518,848,15.630483150482178,848,15.891926527023315,846,16.1982364654541,846,16.456772804260254,844,16.726529836654663,844,18.441882848739624,844,18.883174896240234,844,19.20811104774475,844,19.449426889419556,836,19.74269938468933,836,19.997792959213257,836,20.26415228843689,836,20.518651723861694,836,21.322306156158447,832,21.644723653793335,832,21.93814182281494,832,22.193994998931885,832,22.498047351837158,832,22.809288263320923,832,23.046581745147705,832,23.30667209625244,832,24.130614042282104,832,24.60124373435974,832,24.834776878356934,832,25.13505530357361,832,25.457249641418457,832,25.71780800819397,832,26.53623390197754,831,26.82409119606018,831,27.058905839920044,831,27.881184577941895,830,28.58252739906311,830,29.12228298187256,830,29.364810466766357,830,29.61789035797119,828,29.930370569229126,828,30.197595834732056,828,30.446044921875,827,31.155919075012207,827,31.88065004348755,822,32.14625883102417,822,32.38325905799866,822,32.636321783065796,822,32.90409755706787,822,33.221025705337524,820,33.83562135696411,820,34.62698578834534,820,34.87566089630127,820,35.487305879592896,820,35.74305319786072,820,35.975966930389404,820,36.242512941360474,820,36.562744140625,820,36.84510803222656,820,37.46641755104065,820,37.72494435310364,820,37.95502495765686,820,38.27374792098999,820,38.57799243927002,820,38.82350254058838,820,39.436272621154785,820,39.67811727523804,820,39.93212604522705,820,40.25350284576416,820,40.55891990661621,820,40.79150176048279,820,41.02363085746765,820,41.25539016723633,820,41.572847843170166,820,41.87250757217407,820,42.103734493255615,820,42.70501160621643,820,43.020575761795044,820,43.27605414390564,820,43.52542233467102,820,43.83147883415222,820,44.07714533805847,820,44.32820701599121,820,44.88478374481201,820,45.11873483657837,820,45.43466091156006,820,45.68278622627258,820,45.936116456985474,820,46.19106984138489,820,46.495546102523804,820,46.748051404953,820,46.98571491241455,820,47.305203437805176,820,47.594645261764526,820,47.84925842285156,820,48.15198588371277,820,48.40740942955017,820,49.01043176651001,820,49.80792212486267,820,50.044320583343506,820,50.36434245109558,820,50.62138772010803,820,50.88566517829895,820,51.472614765167236,820,51.707886695861816,820,52.51386260986328,820,52.75972032546997,820,53.009124994277954,820,53.6249315738678,820,53.879034996032715,820,54.20379686355591,820,54.78553485870361,820,55.07125902175903,820,55.339643716812134,820,55.59618401527405,820,55.837814807891846,820,56.44356036186218,820,57.243215799331665,820,57.51229190826416,820,58.13458013534546,820,58.37568378448486,820,58.654385805130005,820,59.16332936286926,820,59.47218346595764,820,60.106529712677
24,random_graphs/triangle/r1.5k24n16/graph24.lgbin,1811,49.12412357330322,851,1773,0,1630,0.3891737461090088,1562,0.7423968315124512,1506,1.1029267311096191,1443,1.475050449371338,1344,1.9492957592010498,1241,2.2485032081604004,1133,3.1314876079559326,1084,3.6072256565093994,1050,3.89723539352417,1028,4.478766918182373,1015,5.208452463150024,984,5.54263162612915,965,5.878713607788086,965,6.125026226043701,957,6.720990896224976,955,7.038835287094116,953,7.379460334777832,944,7.653610706329346,937,7.909282922744751,937,8.148976564407349,937,8.45019006729126,937,9.452041864395142,928,10.088845491409302,928,10.330339431762695,916,10.669036388397217,916,11.004433393478394,916,11.565508365631104,904,13.773568868637085,904,14.13776683807373,899,14.472327947616577,899,14.747690916061401,899,16.97592067718506,892,17.44842267036438,892,17.752506256103516,892,19.96860432624817,892,20.530664920806885,892,20.764902591705322,892,21.04176425933838,866,21.353190183639526,866,21.617128610610962,866,21.871972799301147,866,22.184390783309937,866,22.443760633468628,866,22.674976587295532,866,22.94475245475769,866,23.498845100402832,866,23.769436597824097,866,24.039037227630615,866,24.34984064102173,866,24.89732527732849,866,25.164913654327393,866,25.43485450744629,866,26.10728907585144,866,26.38122582435608,866,28.599868535995483,866,28.8457350730896,866,29.157342672348022,866,29.42587423324585,866,29.69822931289673,866,30.251582860946655,866,30.812350511550903,866,33.02391266822815,866,33.269535541534424,866,33.61212348937988,862,33.95017385482788,862,34.22864627838135,862,34.53889274597168,862,34.80747127532959,862,37.00093674659729,862,37.24516010284424,859,37.55460023880005,859,37.8162796497345,858,38.094236612319946,853,38.56237769126892,853,38.85439324378967,853,39.09851312637329,853,39.36466932296753,853,41.57621502876282,853,41.83477187156677,853,42.54670715332031,853,42.80891442298889,853,43.04260492324829,853,43.30831575393677,853,43.579081773757935,853,45.78651571273804,851,46.102216720581055,851,46.36627531051636,851,46.65578484535217,851,46.86941123008728,851,47.14126801490784,851,49.354437589645386,851,49.62397599220276,851,49.937469482421875,851,50.22756290435791,851,50.47093629837036,851,52.70420551300049,851,52.97776126861572,851,53.210933208465576,851,53.480955362319946,851,53.79736089706421,851,54.05811142921448,851,54.302757263183594,851,54.56629824638367,851,54.8295533657074,851,55.10059952735901,851,55.40616774559021,851,55.67379188537598,851,55.933101177215576,851,56.17623496055603,851,56.46484327316284,851,57.02093958854675,851,57.28703546524048,851,57.557753801345825,851,57.86359214782715,851,58.11214017868042,851,60.19011116027832
25,random_graphs/triangle/r1.5k24n16/graph25.lgbin,1811,50.120200395584106,922,1924,0,1835,0.3782804012298584,1756,0.6775908470153809,1703,1.0217595100402832,1622,1.3335254192352295,1518,4.40018892288208,1397,5.6464996337890625,1287,6.003031015396118,1213,6.343426942825317,1152,6.668671131134033,1132,7.246784687042236,1100,7.561834812164307,1088,7.862775564193726,1088,8.109914064407349,1088,8.956981897354126,1088,9.224283456802368,1086,9.513301372528076,1064,9.823886156082153,1045,10.109091758728027,1045,12.794355630874634,1045,13.029271125793457,1045,13.286083936691284,1038,13.57243537902832,1037,13.847289323806763,1037,14.09503173828125,1037,16.830731868743896,1035,17.128763675689697,1029,17.69388771057129,1029,17.96117401123047,1029,18.48490309715271,1013,18.797188758850098,1011,19.10838508605957,1009,21.338890552520752,1009,21.599350929260254,1009,21.878824710845947,1009,22.13042163848877,1008,22.407885789871216,1003,22.70022177696228,1000,22.983394861221313,993,23.261465549468994,993,23.4972825050354,993,23.771600008010864,987,24.059731483459473,986,24.321266174316406,972,24.633068084716797,972,24.88732647895813,968,25.17276167869568,965,25.690277099609375,965,26.45720911026001,965,26.723368167877197,965,26.97033381462097,965,28.003591299057007,963,28.32569932937622,963,28.60082721710205,962,28.938227653503418,961,29.259458303451538,957,29.571231365203857,949,29.872165203094482,943,30.14108395576477,943,30.409722089767456,943,33.585352182388306,943,36.765862703323364,943,37.03368139266968,943,37.30147385597229,943,37.5808424949646,935,37.8850793838501,935,38.147594690322876,935,38.41891527175903,935,38.670981645584106,935,38.929532051086426,929,39.23975110054016,925,39.57081842422485,925,39.826573848724365,925,40.096370458602905,925,40.36412978172302,925,40.6277642250061,925,40.88760256767273,922,41.19027924537659,922,41.45044493675232,922,41.73052906990051,922,44.88266205787659,922,45.13597512245178,922,45.4115355014801,922,48.56570076942444,922,48.81966733932495,922,49.08001494407654,922,49.35515594482422,922,49.61345148086548,922,49.88117432594299,922,51.053226709365845,922,51.30744385719299,922,52.08344507217407,922,52.359689474105835,922,52.6197714805603,922,52.88481283187866,922,53.14859485626221,922,53.40208077430725,922,53.66176390647888,922,53.930816411972046,922,57.0774199962616,922,57.34019708633423,922,57.61811590194702,922,57.87817621231079,922,58.13927435874939,922,58.40485429763794,922,60.106592655181885
26,random_graphs/triangle/r1.5k24n16/graph26.lgbin,1811,45.887882232666016,848,1896,0,1719,0.3552083969116211,1650,0.708817720413208,1521,1.0388672351837158,1400,1.4815287590026855,1325,2.114901542663574,1228,3.632812976837158,1180,4.17485785484314,1089,4.977092504501343,1034,5.344599723815918,1000,5.635959148406982,982,6.032301187515259,962,6.371052265167236,961,7.255946397781372,929,7.563187122344971,912,7.966912031173706,900,8.384005784988403,900,8.964346408843994,896,9.296406269073486,893,9.884761095046997,881,10.18833065032959,880,10.629728317260742,870,10.93550443649292,869,11.495449304580688,867,11.786936044692993,867,12.040927410125732,865,12.368225336074829,865,13.043027877807617,865,13.368431329727173,865,13.687735795974731,865,13.991735696792603,865,14.26760196685791,865,14.538419246673584,865,15.43346118927002,865,15.747411489486694,865,16.037009954452515,864,16.469539403915405,864,17.04400110244751,864,17.30510640144348,862,17.763502836227417,862,18.041099786758423,862,18.31368327140808,862,18.894948720932007,862,19.21361541748047,862,19.48944592475891,862,19.782021045684814,860,20.75454068183899,860,22.156863689422607,860,22.420273303985596,860,22.736156940460205,860,23.012901544570923,860,23.326274871826172,860,23.6074435710907,860,24.16872000694275,860,26.111437797546387,860,26.396714687347412,852,26.81650400161743,852,27.127821683883667,850,27.492735385894775,850,27.79904055595398,850,28.12439513206482,850,28.388253450393677,850,28.660574913024902,850,29.216668367385864,850,29.50697159767151,850,30.26618719100952,850,30.560466289520264,850,30.86703872680664,850,31.12607979774475,850,31.449694871902466,850,31.998093843460083,850,32.28594374656677,850,32.561848640441895,849,32.87144207954407,849,33.12999081611633,849,33.45649576187134,849,33.7419536113739,849,34.0170373916626,849,34.57171034812927,849,34.88992977142334,849,35.190706729888916,849,35.5169620513916,849,35.80356502532959,848,36.107319355010986,848,36.385809659957886,848,36.942681550979614,848,37.198100328445435,848,37.49401521682739,848,37.78409433364868,848,38.105743408203125,848,38.41073179244995,848,38.73769402503967,848,39.01613759994507,848,39.285632371902466,848,39.82844376564026,848,40.11928582191467,848,40.41686940193176,848,40.65999722480774,848,40.96840262413025,848,41.231746435165405,848,41.78295946121216,848,42.074931144714355,848,43.50784134864807,848,43.75668001174927,848,44.07253289222717,848,44.49811100959778,848,44.80636024475098,848,45.07613706588745,848,45.366905212402344,848,45.62225699424744,848,45.94187045097351,848,46.20377039909363,848,46.4942352771759,848,47.12157392501831,848,47.386223793029785,848,47.637940883636475,848,49.541008710861206,848,49.88145565986633,848,50.19873023033142,848,50.484851360321045,848,50.765403270721436,848,51.317039012908936,848,51.58392834663391,848,51.84268403053284,848,52.13613748550415,848,52.45454955101013,848,52.73327016830444,848,53.443538188934326,848,53.71674156188965,848,53.981852531433105,848,54.27700901031494,848,54.538952589035034,848,54.86214232444763,848,55.16541934013367,848,55.444058656692505,848,56.01105093955994,848,56.290311098098755,848,56.58929371833801,848,57.02309703826904,848,57.33864641189575,848,57.64888262748718,848,58.30343961715698,848,58.57412147521973,848,58.824442863464355,848,59.3863046169281,848,59.72887921333313,848,60.04700183868408
27,random_graphs/triangle/r1.5k24n16/graph27.lgbin,1811,50.75542640686035,854,1554,0,1436,0.3463256359100342,1375,0.7173647880554199,1293,4.030545234680176,1238,4.362978219985962,1123,5.400676250457764,1066,5.709127187728882,1049,8.882388830184937,1010,9.210207223892212,962,9.496581792831421,936,10.047178745269775,916,10.372981071472168,901,11.983498811721802,901,13.392403602600098,901,16.185681104660034,900,16.51119637489319,886,16.8329017162323,882,17.131815195083618,870,17.993894338607788,864,18.34659242630005,862,18.655964612960815,860,18.996955633163452,860,19.277037858963013,860,19.542335748672485,857,20.353667497634888,857,20.613925218582153,857,20.889966011047363,857,21.15673518180847,857,21.39898419380188,857,21.66291308403015,857,21.909220933914185,857,22.619199514389038,857,24.86136293411255,857,25.135685205459595,857,25.39661931991577,857,26.0725998878479,856,26.373426914215088,856,26.642353057861328,856,26.88041591644287,856,29.138529539108276,856,29.410852670669556,856,29.668683290481567,856,29.913107872009277,856,30.14187502861023,856,30.73886203765869,856,32.99614691734314,856,33.25667881965637,856,33.503658056259155,856,33.76466989517212,856,34.02438759803772,856,34.25044226646423,856,34.47756481170654,856,36.724247455596924,856,37.44058609008789,856,37.677184104919434,856,37.93758153915405,856,38.198817014694214,856,38.46869444847107,856,38.732922315597534,856,40.98926281929016,856,41.49829697608948,856,41.78296637535095,856,42.0594367980957,856,42.335442781448364,856,42.62077331542969,856,42.86304235458374,856,43.12331461906433,856,43.387537479400635,856,45.63728094100952,856,46.16071939468384,856,46.423312187194824,856,46.6948983669281,856,46.951817989349365,856,47.189680337905884,856,47.42940545082092,856,47.67465853691101,856,47.93443012237549,854,50.738712549209595,854,51.98854327201843,854,52.248799562454224,854,52.51957988739014,854,52.74393391609192,854,52.97282409667969,854,53.229511737823486,854,53.50428366661072,854,53.78249645233154,854,55.04315423965454,854,55.319973945617676,854,55.607290506362915,854,55.85250997543335,854,56.111769676208496,854,56.3720338344574,854,56.646952390670776,854,57.915584325790405,854,58.191303730010986,854,58.79832220077515,854,59.08084225654602,854,59.332255125045776,854,59.60871696472168,854,59.869584798812866,854,60.096702337265015
28,random_graphs/triangle/r1.5k24n16/graph28.lgbin,1811,53.660768270492554,872,1687,0,1540,0.37110471725463867,1485,0.6377079486846924,1384,1.4219398498535156,1363,1.857905387878418,1274,2.945453405380249,1162,4.476190805435181,1115,5.186690092086792,1084,5.776630163192749,999,6.0926618576049805,998,11.953306198120117,982,12.272266149520874,959,12.790116786956787,959,18.417365312576294,936,18.760387659072876,934,19.064475297927856,930,19.811549186706543,917,20.149106740951538,917,20.368117570877075,913,21.217792987823486,907,21.48027491569519,903,21.78986406326294,901,22.691290616989136,901,22.9644615650177,883,23.282478094100952,883,23.548294067382812,883,24.251233100891113,882,24.56523585319519,880,24.86601233482361,880,25.14391851425171,880,25.358330249786377,880,25.588802814483643,880,25.8560574054718,880,26.13485598564148,877,26.452322959899902,877,26.720088720321655,875,27.029026985168457,875,27.298895835876465,875,31.29629349708557,872,32.07762432098389,872,32.42270874977112,872,32.70218873023987,872,32.9797306060791,872,33.26054000854492,872,38.97465443611145,872,39.25396203994751,872,39.51421594619751,872,39.784770011901855,872,40.019503116607666,872,40.687252044677734,872,46.426947832107544,872,46.70150184631348,872,46.96466112136841,872,47.23610758781433,872,47.49270701408386,872,47.74059057235718,872,48.02169108390808,872,53.71262574195862,872,54.477832555770874,872,54.745837926864624,872,55.01015090942383,872,55.3003351688385,872,55.54713439941406,872,55.807507038116455,872,56.55136799812317,872,56.81503248214722,872,57.08060336112976,872,57.33810806274414,872,57.6160831451416,872,60.108091592788696
29,random_graphs/triangle/r1.5k24n16/graph29.lgbin,1811,44.764371156692505,844,1887,0,1784,0.973823070526123,1639,1.333587646484375,1614,2.390904664993286,1496,2.7799971103668213,1448,3.052781820297241,1365,3.388162136077881,1280,5.082580327987671,1251,5.513361930847168,1178,6.17676043510437,1053,6.897002220153809,1053,7.595500230789185,1020,7.948451280593872,984,8.294679880142212,969,8.769883394241333,925,9.060381412506104,925,9.315903663635254,925,9.601333856582642,895,9.950999975204468,888,10.450817346572876,888,10.88629412651062,888,11.146602153778076,886,11.451735496520996,886,11.746075868606567,885,11.998585224151611,885,12.24518370628357,885,12.463570356369019,885,13.193839073181152,871,13.481809139251709,871,13.725173473358154,870,14.000203132629395,870,14.437885284423828,868,14.733699798583984,868,15.014174699783325,861,15.34635329246521,861,15.57053542137146,861,15.793254613876343,861,16.54227566719055,861,16.81392812728882,853,17.112029314041138,853,17.448211908340454,852,17.749128580093384,852,18.021456003189087,852,18.308446645736694,852,19.049198150634766,852,19.323110103607178,852,19.57429265975952,852,19.89277148246765,852,20.176390409469604,850,20.485918283462524,850,20.75968885421753,850,21.158111333847046,850,21.901118993759155,849,22.18783211708069,849,22.514230966567993,849,22.792028665542603,846,23.032440185546875,846,23.25834822654724,846,23.65694808959961,846,24.39575958251953,846,24.68232560157776,846,25.00270652770996,846,25.282541036605835,844,25.583820819854736,844,25.843936443328857,844,26.125940084457397,844,26.353964805603027,844,27.090787887573242,844,27.34262752532959,844,27.660773515701294,844,27.941181182861328,844,28.206319570541382,844,28.4916512966156,844,28.71978497505188,844,29.169145345687866,844,29.42030644416809,844,30.172893047332764,844,30.403193950653076,844,30.727291345596313,844,31.00818395614624,844,31.2640278339386,844,31.5512855052948,844,31.775429248809814,844,31.994232416152954,844,32.74206614494324,844,33.02895998954773,844,33.35025143623352,844,33.63012647628784,844,33.909372329711914,844,34.16852378845215,844,34.39852333068848,844,35.14335513114929,844,35.47244191169739,844,35.74961185455322,844,36.03395390510559,844,36.27515172958374,844,36.55805683135986,844,37.2945818901062,844,37.51822328567505,844,37.75112724304199,844,37.999913692474365,844,38.319602727890015,844,38.60881972312927,844,38.85109210014343,844,39.58414673805237,844,39.832908391952515,844,40.153226137161255,844,40.55713653564453,844,40.83720421791077,844,41.57840085029602,844,41.82677388191223,844,42.10815954208374,844,42.32708740234375,844,42.619160175323486,844,42.90705704689026,844,43.65026640892029,844,43.92985510826111,844,44.15700650215149,844,44.40116095542908,844,44.65350937843323,844,45.385013580322266,844,45.62575960159302,844,45.86103701591492,844,46.13653326034546,844,46.36294436454773,844,47.108205795288086,844,47.43216109275818,844,47.70579385757446,844,47.94700884819031,844,48.16937875747681,844,48.919487953186035,844,49.24408555030823,844,49.48658227920532,844,49.890544176101685,844,50.16945934295654,844,50.416380405426025,844,51.1453423500061,844,51.40641736984253,844,51.72915959358215,844,52.02194809913635,844,52.24471831321716,844,52.527941942214966,844,52.81369471549988,844,53.56766080856323,844,53.828582525253296,844,54.154496908187866,844,54.564613819122314,844,54.848944902420044,844,55.13527202606201,844,55.877307176589966,844,56.1186318397522,844,56.445411682128906,844,56.66676616668701,844,56.95756554603577,844,57.19827055931091,844,57.487725019454956,844,57.742313861846924,844,58.492610692977905,844,58.81808662414551,844,59.07343626022339,844,59.5248646736145,844,59.80443739891052,844,60.087730884552
30,random_graphs/triangle/r1.5k24n16/graph30.lgbin,1811,47.7290461063385,729,1679,0,1562,0.7085156440734863,1427,1.0954978466033936,1327,1.699416160583496,1237,2.0315730571746826,1150,2.3516740798950195,1061,2.7533047199249268,961,4.184219121932983,931,4.874822616577148,898,5.495639324188232,856,6.436673641204834,845,6.883874416351318,845,7.297500371932983,845,8.175501585006714,823,8.654937982559204,822,8.937122106552124,819,9.252159595489502,806,9.61474609375,800,9.956117153167725,798,10.27878737449646,798,10.513556718826294,794,10.873900890350342,794,11.158501386642456,794,11.968404769897461,794,12.28779149055481,786,12.631395101547241,786,12.903139591217041,783,13.440881490707397,783,13.990087509155273,769,14.335614442825317,769,14.593055963516235,769,14.95104455947876,769,15.81423282623291,769,16.1258602142334,766,16.430084943771362,762,16.793812036514282,762,17.098973751068115,762,17.37879180908203,761,17.641003370285034,760,18.005467653274536,760,18.45514941215515,760,18.713717699050903,760,19.573834896087646,760,19.891425371170044,760,20.160834550857544,760,20.420965433120728,760,20.6841037273407,760,21.54208517074585,760,21.855766773223877,757,22.857503652572632,755,23.189651250839233,755,23.986565589904785,755,24.28219199180603,749,24.576741218566895,749,24.85611391067505,747,26.08932137489319,745,26.651182889938354,745,27.436100244522095,745,27.743974685668945,744,29.33421039581299,744,29.597235679626465,744,29.8748562335968,744,30.15227198600769,744,30.45533800125122,744,30.712808847427368,744,31.62132740020752,744,31.928141832351685,744,32.69670581817627,744,32.97074556350708,744,33.27043581008911,744,33.52633595466614,744,33.76875829696655,744,34.22566080093384,744,34.537436723709106,744,35.302093505859375,744,35.590720891952515,744,35.89465093612671,744,36.15382766723633,744,37.14570426940918,744,37.91143345832825,744,38.20887470245361,744,38.496230602264404,744,38.75088667869568,744,39.18551301956177,744,39.9362587928772,744,41.24620699882507,744,41.48480725288391,744,41.773430824279785,744,42.04375338554382,744,42.9503276348114,732,43.30136299133301,732,43.60430359840393,730,43.95877289772034,730,44.250895500183105,729,44.541587829589844,729,45.29471755027771,729,46.168628215789795,729,46.45959401130676,729,46.74889421463013,729,46.99674940109253,729,47.23249936103821,729,47.4942672252655,729,48.04813265800476,729,48.337636947631836,729,48.63239932060242,729,48.886451721191406,729,49.15234160423279,729,49.59517431259155,729,50.02609705924988,729,50.768455505371094,729,51.048582315444946,729,51.2898473739624,729,52.60430312156677,729,53.03060746192932,729,53.77074670791626,729,54.051950216293335,729,54.30585193634033,729,54.584697246551514,729,54.823320627212524,729,55.56816267967224,729,55.81984305381775,729,56.07803010940552,729,57.01214909553528,729,57.29722356796265,729,57.58203482627869,729,58.327428340911865,729,58.55461382865906,729,58.81220269203186,729,59.09652400016785,729,59.33755946159363,729,60.083792209625244
31,random_graphs/triangle/r1.5k24n16/graph31.lgbin,1811,55.56198334693909,944,1703,0,1637,0.34694337844848633,1528,0.6516976356506348,1469,1.099215030670166,1355,5.79791784286499,1287,6.026355743408203,1179,6.3643412590026855,1164,6.690232515335083,1123,6.958683252334595,1092,7.243582010269165,1041,7.481104135513306,1039,14.063053846359253,1030,14.625707864761353,1030,14.888253688812256,1030,15.111381530761719,1026,15.77167534828186,1013,16.07881212234497,991,16.394356727600098,980,16.730842113494873,967,17.02810001373291,960,25.37263512611389,960,33.05971145629883,960,33.32132530212402,959,33.74303317070007,959,34.022392988204956,959,34.27941393852234,959,34.7137713432312,955,35.04441213607788,955,35.30333733558655,955,42.97506761550903,955,43.240509271621704,955,43.61824345588684,952,43.942041873931885,952,44.210962772369385,948,44.47431921958923,948,44.73944711685181,948,45.1295223236084,948,52.89617562294006,945,53.225937604904175,945,53.43495011329651,945,53.84642457962036,945,54.114601850509644,944,54.36883044242859,944,54.757678508758545,944,55.15794539451599,944,55.43208980560303,944,55.696292877197266,944,55.92127823829651,944,60.111276388168335
32,random_graphs/triangle/r1.5k24n16/graph32.lgbin,1811,54.333826541900635,870,1696,0,1627,0.8190007209777832,1554,1.566453218460083,1458,3.750654458999634,1373,4.111095666885376,1240,4.451112747192383,1161,4.807317495346069,1130,5.431124210357666,1047,5.714271068572998,1031,16.610507011413574,987,16.94587278366089,963,17.241337060928345,963,17.50184392929077,958,17.777389764785767,933,18.081990957260132,909,18.432459831237793,909,23.038472890853882,904,23.8497416973114,895,24.19441294670105,895,24.41069459915161,880,24.735417127609253,880,25.518134593963623,878,26.101415395736694,878,26.332619667053223,878,26.610103130340576,877,26.94035315513611,875,27.265068292617798,875,27.51284956932068,874,27.93112587928772,874,28.185872793197632,874,32.711864709854126,870,33.07806468009949,870,33.30560564994812,870,34.44559454917908,870,34.727352142333984,870,35.04594397544861,870,35.314178466796875,870,35.56411910057068,870,36.075767517089844,870,36.33074355125427,870,36.60760307312012,870,36.92057251930237,870,37.32590866088867,870,37.60378885269165,870,37.82668447494507,870,42.273181676864624,870,42.790664196014404,870,43.04379653930664,870,43.28053426742554,870,43.49770259857178,870,43.77346444129944,870,48.32204270362854,870,48.57133507728577,870,48.80112957954407,870,49.04586172103882,870,49.44063067436218,870,53.869322061538696,870,54.183501958847046,870,54.4592821598053,870,54.96525835990906,870,55.188748359680176,870,55.440009117126465,870,55.71358633041382,870,56.125370264053345,870,60.293025493621826
33,random_graphs/triangle/r1.5k24n16/graph33.lgbin,1811,44.35849142074585,930,1867,0,1771,2.7280936241149902,1675,3.235651969909668,1621,3.816457986831665,1522,4.111823797225952,1450,4.4677159786224365,1432,4.9735612869262695,1346,5.270649194717407,1340,6.043327808380127,1256,6.843306064605713,1193,7.675776481628418,1155,8.008289337158203,1155,8.28355073928833,1155,8.843687295913696,1141,9.134631872177124,1087,9.454440116882324,1085,9.99843716621399,1082,10.305344343185425,1054,10.621160507202148,1052,11.075357675552368,1045,12.416694402694702,1035,12.739686012268066,1035,13.00655746459961,1031,13.31348967552185,1021,13.602893352508545,1021,13.884043455123901,1007,14.191120386123657,997,14.47499418258667,997,14.99668288230896,997,15.242262840270996,992,15.52431321144104,983,15.84928822517395,979,16.163426160812378,979,16.641746520996094,979,16.904067754745483,979,17.150363445281982,978,17.48029136657715,978,17.747255563735962,962,18.074746131896973,962,18.345929861068726,962,18.645811080932617,962,19.13410758972168,961,19.433507204055786,955,19.744991540908813,955,20.02962350845337,955,20.273001194000244,955,20.531522750854492,949,20.853503465652466,946,21.13175392150879,946,21.60494327545166,946,21.84613871574402,944,22.13741135597229,944,22.67093515396118,944,22.93583607673645,944,23.241966485977173,942,23.51957869529724,940,23.81803822517395,940,24.314801454544067,940,24.57657027244568,940,24.892581701278687,938,25.2072536945343,935,25.53613305091858,935,25.825335264205933,935,26.074463844299316,935,26.343552589416504,935,26.838078498840332,935,27.08051109313965,935,27.346469163894653,931,27.663718700408936,931,27.946200132369995,931,28.468401432037354,931,28.761210441589355,931,29.010780096054077,930,29.314717292785645,930,29.799675703048706,930,30.064836263656616,930,30.32838749885559,930,30.60615849494934,930,30.880341053009033,930,31.356258153915405,930,31.84492516517639,930,32.12595582008362,930,32.362548828125,930,32.65271544456482,930,33.280351638793945,930,33.533472299575806,930,33.79781723022461,930,34.27930927276611,930,34.582703828811646,930,34.84872031211853,930,35.11072564125061,930,35.59354019165039,930,35.876081466674805,930,36.11399793624878,930,36.63864994049072,930,36.89003324508667,930,37.364694595336914,930,37.62677621841431,930,37.868693828582764,930,38.14641761779785,930,38.46522355079651,930,38.752116441726685,930,39.00443458557129,930,39.49379539489746,930,39.7601261138916,930,40.02522134780884,930,40.26894235610962,930,40.546446561813354,930,41.03685259819031,930,41.317907094955444,930,41.58070206642151,930,41.812089920043945,930,42.07842659950256,930,42.32465124130249,930,42.60283970832825,930,43.0893030166626,930,43.32455062866211,930,43.5848433971405,930,43.846606731414795,930,44.16626977920532,930,44.639238595962524,930,45.24906039237976,930,45.48758268356323,930,45.74378514289856,930,46.010621070861816,930,46.28590655326843,930,46.770824670791626,930,47.07454490661621,930,47.32541251182556,930,47.568742990493774,930,47.847885847091675,930,48.10974955558777,930,48.73484778404236,930,48.974937915802,930,49.23588013648987,930,49.852339029312134,930,50.09553790092468,930,50.36057662963867,930,50.647770166397095,930,50.897804737091064,930,51.146373987197876,930,51.41325664520264,930,51.649324893951416,930,51.91420817375183,930,52.204516887664795,930,52.68534302711487,930,52.92278456687927,930,53.18833804130554,930,53.45021200180054,930,53.738664627075195,930,54.211153984069824,930,54.487181663513184,930,54.72016978263855,930,54.9850811958313,930,55.2482795715332,930,55.682119846343994,930,56.167842626571655,930,56.45637607574463,930,56.73630475997925,930,56.971388816833496,930,57.46205520629883,930,57.937177658081055,930,58.21881723403931,930,58.490859270095825,930,58.73671507835388,930,59.044747829437256,930,59.28236651420593,930,59.546138525009155,930,60.01784086227417
34,random_graphs/triangle/r1.5k24n16/graph34.lgbin,1811,48.51077175140381,894,1877,0,1805,0.6899502277374268,1666,1.3773534297943115,1508,1.782104253768921,1446,2.1528689861297607,1374,2.4956157207489014,1279,2.9018495082855225,1196,3.230963706970215,1173,9.598702907562256,1160,9.864631175994873,1118,10.20239782333374,1113,15.783971786499023,1109,16.349284172058105,1082,16.720656633377075,1072,17.1843044757843,1060,17.926368951797485,1054,18.492643117904663,1039,18.839988946914673,1030,19.182013511657715,1030,19.509607315063477,1030,20.04135823249817,1011,20.390528917312622,1011,20.92686438560486,999,21.26374316215515,980,21.61968421936035,980,21.84815812110901,980,22.119099617004395,972,22.45126986503601,969,24.617685079574585,962,24.968770265579224,960,25.29247760772705,951,25.623820543289185,945,25.93826675415039,945,26.237968921661377,944,26.567999362945557,944,26.84334373474121,944,27.120545625686646,944,27.40885329246521,943,27.96162748336792,943,28.186396598815918,943,28.762229204177856,943,29.03108787536621,943,29.307945489883423,938,29.651078462600708,930,30.0057590007782,930,30.27223491668701,930,30.573374271392822,929,30.86418080329895,929,31.148203134536743,927,31.405585289001465,917,31.96119999885559,917,32.19666838645935,916,32.726778507232666,916,33.06464409828186,916,33.64238929748535,913,33.93231177330017,900,34.209970235824585,898,34.504539012908936,898,34.794970750808716,894,35.08663582801819,894,35.63885855674744,894,37.12660193443298,894,37.38962912559509,894,37.680983543395996,894,37.954317569732666,894,39.86297011375427,894,40.12565279006958,894,40.37854194641113,894,40.93188405036926,894,41.15178632736206,894,41.42533493041992,894,41.69854140281677,894,41.98590350151062,894,43.468446254730225,894,43.730417251586914,894,44.30225491523743,894,44.558194637298584,894,44.836912393569946,894,45.11159038543701,894,45.400078773498535,894,45.62334489822388,894,45.87018084526062,894,46.41439437866211,894,46.67364573478699,894,46.95787596702576,894,47.25349569320679,894,47.53183460235596,894,47.75717496871948,894,48.30404305458069,894,48.55625247955322,894,48.83476805686951,894,49.12875008583069,894,49.401119232177734,894,49.69228744506836,894,49.91447377204895,894,50.46664571762085,894,51.960618019104004,894,52.2191162109375,894,52.49269914627075,894,52.716660261154175,894,52.979477882385254,894,53.24191188812256,894,53.52022910118103,894,54.00923681259155,894,54.29918599128723,894,54.53514766693115,894,54.75956082344055,894,55.01117277145386,894,55.78277611732483,894,56.35188961029053,894,56.64331603050232,894,56.93792200088501,894,57.48630452156067,894,57.7501003742218,894,57.97535228729248,894,58.265084743499756,894,58.55838632583618,894,60.03996276855469
35,random_graphs/triangle/r1.5k24n16/graph35.lgbin,1811,49.605138063430786,927,1680,0,1593,1.350649118423462,1531,1.6605656147003174,1472,3.6077377796173096,1353,7.230336427688599,1271,7.558780193328857,1194,8.457896947860718,1174,9.026992321014404,1093,9.771384000778198,1041,10.11793851852417,996,10.479851722717285,977,11.339179754257202,977,12.031370878219604,972,12.339360237121582,972,13.50887656211853,972,14.42042088508606,972,14.700413942337036,968,15.083458662033081,968,15.361517906188965,965,15.772947311401367,962,16.173063278198242,962,16.430108785629272,962,16.69825005531311,960,17.026087760925293,960,17.306918621063232,956,17.895779132843018,955,18.315170764923096,955,18.587289810180664,955,19.768294095993042,952,20.09533977508545,949,20.595508575439453,949,20.874188661575317,949,21.143317699432373,949,21.88602375984192,949,22.60668420791626,949,22.895545482635498,940,23.177306652069092,940,23.46988081932068,940,23.753114938735962,940,24.499617338180542,940,24.78220534324646,940,25.27680230140686,940,26.477509260177612,940,26.72022008895874,940,27.4559543132782,940,27.729623317718506,940,28.01440668106079,940,28.702231407165527,940,29.18713355064392,940,30.36752700805664,936,30.67856502532959,934,30.98389220237732,934,31.249744415283203,934,31.875682830810547,934,32.62074422836304,934,32.91177797317505,931,33.24693417549133,931,33.51478815078735,931,34.703622341156006,930,35.06359887123108,929,35.36595678329468,929,35.63001728057861,929,35.89497685432434,929,36.71436524391174,929,37.374675273895264,929,37.66851592063904,929,38.40916728973389,927,38.75576162338257,927,39.011504888534546,927,40.18382406234741,927,40.525883436203,927,41.22992730140686,927,41.48015022277832,927,42.21283984184265,927,42.50109887123108,927,42.764955043792725,927,43.01774859428406,927,44.20976233482361,927,44.55173325538635,927,44.79286861419678,927,45.46045112609863,927,45.74132061004639,927,46.46943664550781,927,46.745408058166504,927,47.935362339019775,927,48.27671456336975,927,48.561394453048706,927,49.247498512268066,927,49.52826952934265,927,50.243271589279175,927,50.511385679244995,927,51.70850086212158,927,51.97059345245361,927,52.22732615470886,927,52.504273414611816,927,53.23169469833374,927,54.43165898323059,927,54.692814111709595,927,55.03239846229553,927,55.296467781066895,927,55.562822341918945,927,56.129558801651,927,56.85789513587952,927,57.14417743682861,927,58.32475686073303,927,58.585575103759766,927,58.85165977478027,927,59.109100103378296,927,59.39619708061218,927,60.121294260025024
36,random_graphs/triangle/r1.5k24n16/graph36.lgbin,1811,49.73108625411987,811,1564,0,1496,3.1347641944885254,1371,3.428356409072876,1369,5.270591974258423,1300,5.559467315673828,1230,5.829506158828735,1123,8.618218183517456,1099,8.899719953536987,1063,9.379293441772461,986,10.098329067230225,937,10.445167303085327,937,10.71406102180481,918,10.979973077774048,895,11.426570177078247,894,12.503401041030884,869,12.943541526794434,868,14.058193922042847,868,14.304213762283325,868,14.513722658157349,868,14.729346990585327,868,15.042099237442017,860,15.277536869049072,858,15.512300729751587,858,15.753010988235474,843,16.111929893493652,843,17.458824396133423,843,17.72054409980774,843,18.753095149993896,843,18.98592472076416,843,19.2127583026886,835,19.504839658737183,835,19.75212550163269,835,19.984530925750732,832,20.260483980178833,832,20.49598717689514,820,20.823684453964233,820,22.14916753768921,820,22.41155767440796,816,22.703062057495117,816,22.947104930877686,816,23.187003135681152,816,23.40614676475525,816,24.519362211227417,816,24.755215644836426,816,25.01285409927368,816,26.32284688949585,816,26.571789264678955,816,26.788066387176514,816,27.01729655265808,816,28.334255933761597,816,28.59268069267273,816,29.70342183113098,816,29.923591375350952,816,30.160698890686035,816,30.395090341567993,816,30.654452800750732,816,31.15545344352722,816,32.480271100997925,816,32.711204290390015,816,32.91918444633484,816,33.13396859169006,816,33.37953734397888,816,33.84560680389404,816,34.07891345024109,816,34.31270241737366,816,35.64901280403137,816,35.911705493927,816,36.38805079460144,816,37.408496618270874,816,37.655999422073364,816,37.89561629295349,816,38.1330349445343,816,39.471452951431274,816,39.73329424858093,816,40.8529372215271,816,41.07297348976135,816,41.311517000198364,816,41.55843925476074,816,42.883615255355835,816,43.12421226501465,816,43.38911461830139,816,43.60836839675903,816,44.13059210777283,816,45.24879813194275,816,45.48807406425476,816,45.737258195877075,816,47.084566831588745,816,47.321542501449585,816,47.56113910675049,813,47.95397400856018,813,49.06456136703491,813,49.314239740371704,813,50.65815758705139,813,50.896151065826416,813,51.13006401062012,813,52.15874671936035,812,52.694413900375366,812,53.18995380401611,812,53.44350290298462,812,54.76641821861267,811,55.05216932296753,811,55.31783366203308,811,55.536739349365234,811,55.764923334121704,811,56.289461612701416,811,56.53785729408264,811,56.80015707015991,811,58.12647891044617,811,58.3600127696991,811,58.59737706184387,811,58.81595730781555,811,59.067647218704224,811,59.51177501678467,811,59.776983976364136,811,60.122432231903076
37,random_graphs/triangle/r1.5k24n16/graph37.lgbin,1811,44.98219418525696,802,1726,0,1650,0.3940699100494385,1594,0.7275643348693848,1523,2.5463407039642334,1360,3.1073250770568848,1311,4.580248117446899,1258,4.869444370269775,1242,5.856447696685791,1182,6.2457215785980225,1059,7.221913576126099,1011,7.559342384338379,1003,7.822052955627441,1003,8.114231586456299,961,8.513196468353271,961,9.515909433364868,950,9.804466009140015,926,10.162190914154053,925,10.529985427856445,909,10.935694456100464,907,11.240487098693848,907,11.507289409637451,905,11.863622426986694,899,12.200505495071411,896,12.554905652999878,895,12.946054220199585,895,13.250479936599731,892,13.553844451904297,891,13.81322169303894,891,14.106120109558105,888,14.415166854858398,888,14.661609411239624,888,14.894333362579346,888,15.185036659240723,888,15.408163785934448,879,15.742534637451172,879,16.03952670097351,879,16.32216453552246,879,16.594801664352417,879,17.42968773841858,876,17.784534692764282,876,18.090454816818237,876,18.361381769180298,875,18.680993795394897,875,18.98384690284729,875,19.781114101409912,875,20.062082290649414,875,20.366291761398315,875,20.61341404914856,875,20.882988214492798,875,21.12819266319275,875,21.69440221786499,875,21.99799132347107,875,22.842536211013794,875,23.14815044403076,875,23.48122477531433,875,23.75449800491333,856,24.11200714111328,856,24.405780792236328,855,24.70911407470703,855,25.53785729408264,852,25.84332847595215,851,26.266759634017944,851,26.554504871368408,848,26.957170963287354,848,27.256734371185303,845,27.602885007858276,845,28.44731831550598,844,28.77092957496643,844,29.03875422477722,844,29.646788120269775,844,29.9614999294281,844,30.20908808708191,844,30.490075826644897,844,30.78928780555725,844,31.0335750579834,844,31.85655450820923,844,32.41999125480652,842,32.7418851852417,838,33.04339027404785,830,33.35680079460144,824,33.64704775810242,824,33.96311855316162,824,34.25356101989746,818,34.54318571090698,818,34.77081561088562,815,35.03739881515503,815,35.876593828201294,815,36.18114638328552,815,36.5007700920105,815,36.73327612876892,814,37.037578105926514,814,37.2893328666687,814,37.55559325218201,814,37.843865633010864,812,38.29531288146973,812,39.06685471534729,812,39.37096905708313,811,39.67375731468201,811,39.98668336868286,811,40.27327823638916,811,40.50891304016113,811,41.301557540893555,811,41.60356545448303,811,41.91761779785156,810,42.23102283477783,810,42.50846838951111,810,42.74689245223999,810,43.007511615753174,810,43.256059646606445,810,43.538349628448486,810,44.30855345726013,810,44.61013579368591,810,44.92687225341797,810,45.486321687698364,810,45.76984143257141,810,45.993935346603394,810,46.29279351234436,810,46.84479999542236,810,47.11643433570862,810,47.37867999076843,810,47.61284017562866,810,47.90917229652405,810,48.20759558677673,810,48.97083806991577,810,49.21447992324829,810,49.47344994544983,810,49.786930561065674,810,50.087421894073486,810,50.337528705596924,810,50.64584040641785,810,50.91695737838745,809,51.23826718330383,809,51.491267919540405,809,51.79410195350647,809,52.108105182647705,808,52.46802353858948,806,52.768327474594116,804,53.07282567024231,804,53.378554582595825,802,53.65858268737793,802,53.95842409133911,802,54.72051644325256,802,55.03479313850403,802,55.275068044662476,802,55.58598518371582,802,55.847349405288696,802,56.13615965843201,802,56.927804470062256,802,57.17210650444031,802,57.48527407646179,802,57.73518466949463,802,58.0475914478302,802,58.336915731430054,802,59.219094038009644,802,59.995115756988525,802,60.10096979141235
38,random_graphs/triangle/r1.5k24n16/graph38.lgbin,1811,41.919339179992676,845,1548,0,1489,0.35857129096984863,1455,1.1190433502197266,1433,1.7203021049499512,1408,2.216482639312744,1290,3.447237730026245,1230,3.7612383365631104,1194,4.108308792114258,1113,4.512105703353882,1053,4.824195861816406,977,5.214371681213379,977,5.645342826843262,977,5.954735279083252,976,6.20151686668396,957,6.526791095733643,947,6.87697434425354,913,7.196983575820923,905,7.480260848999023,902,7.757084608078003,902,8.048712730407715,902,8.319489240646362,902,8.60065746307373,902,8.876981735229492,902,9.307381868362427,899,9.727996110916138,899,10.038817405700684,895,10.419272422790527,895,10.730844020843506,895,11.944051027297974,894,12.21753478050232,894,12.49831247329712,894,12.934614896774292,886,13.515286445617676,884,13.826880693435669,884,14.220879793167114,884,14.484903573989868,880,14.841240882873535,880,15.118882417678833,880,15.395214319229126,880,15.699753999710083,878,15.975911140441895,878,16.214772939682007,872,16.93344283103943,872,17.197905778884888,872,17.49329662322998,870,17.74354863166809,869,18.42331886291504,869,18.790295600891113,869,19.05833148956299,869,19.337383270263672,869,19.579405069351196,869,19.859806537628174,869,20.169021129608154,869,20.431949853897095,869,20.686103343963623,869,20.994985342025757,869,21.28983163833618,869,21.64005398750305,869,21.915648460388184,869,22.154204607009888,869,22.425525188446045,869,22.736798524856567,869,23.117326021194458,869,23.394959926605225,869,24.052881479263306,869,24.28739070892334,869,24.58989429473877,869,24.821847915649414,869,25.210317373275757,869,25.480252742767334,869,26.089632749557495,869,26.384315252304077,869,26.865420818328857,869,27.131913423538208,869,27.43921947479248,869,27.700380325317383,869,27.949535608291626,869,28.3247287273407,869,28.59732174873352,869,28.86275577545166,865,29.218382596969604,865,29.52501153945923,865,29.80822205543518,865,30.115252256393433,865,30.36637234687805,865,30.597774744033813,865,30.975812196731567,865,31.256545782089233,865,31.53838348388672,865,31.804654359817505,865,32.11234259605408,865,32.46015119552612,865,32.74139451980591,857,33.03965926170349,857,33.2957501411438,857,33.529422760009766,857,33.837862491607666,857,34.11626052856445,857,34.49330520629883,857,34.83816456794739,857,35.07255816459656,857,35.313234090805054,857,35.572763442993164,857,35.87635326385498,857,36.155884981155396,857,36.428380727767944,857,36.78737425804138,857,37.0499746799469,856,37.56394648551941,856,37.874393701553345,856,38.15197706222534,856,38.44850134849548,856,38.72473454475403,856,39.06812858581543,856,39.31030511856079,856,39.679718255996704,856,39.96051263809204,856,40.31693935394287,856,40.55208373069763,856,40.78316307067871,856,41.04476070404053,856,41.33700942993164,856,41.59011507034302,856,41.83397603034973,856,42.113423347473145,856,42.45882034301758,856,42.700284242630005,856,42.995468854904175,856,43.25518798828125,849,43.609286069869995,847,43.994616985321045,847,44.23410367965698,847,44.584744930267334,847,44.867021799087524,847,45.110259771347046,846,45.393697023391724,846,45.654045820236206,846,45.89639210700989,846,46.205890417099,846,46.48735332489014,846,46.840683937072754,846,47.13965964317322,846,47.397584438323975,846,47.6389217376709,846,47.94787120819092,846,48.32938814163208,846,48.610408782958984,846,48.893309116363525,846,49.13264322280884,846,49.392658710479736,846,49.629173040390015,846,49.93479943275452,846,50.29305934906006,846,50.572152614593506,846,50.829328536987305,846,51.130530834198,846,51.434388637542725,846,51.71562600135803,846,52.064794301986694,846,52.30324983596802,846,52.58994436264038,846,52.95889496803284,846,53.266342639923096,846,53.61341857910156,846,53.892436265945435,846,54.13314080238342,846,54.39322876930237,846,54.702059507369995,846,55.09171462059021,846,55.36888313293457,846,55.65084409713745,846,55.915095806121826,846,56.19765853881836,846,56.506858110427856,846,56.85272765159607,846,57.1327383518219,846,57.39483094215393,846,57.763625144958496,846,58.04727816581726,846,58.41125273704529,846,58.6915020942688,846,58.95671892166138,845,59.446343183517456,845,59.690693378448486,845,60.091891288757324
39,random_graphs/triangle/r1.5k24n16/graph39.lgbin,1811,46.96013307571411,915,1858,0,1741,0.3785746097564697,1638,2.0739102363586426,1543,2.6831648349761963,1472,3.275242805480957,1427,3.608064889907837,1347,4.317818880081177,1260,4.947555303573608,1222,5.296058416366577,1183,5.6374335289001465,1167,8.152468204498291,1136,8.479621887207031,1133,8.817177772521973,1133,9.106251001358032,1131,9.64924430847168,1117,11.024763107299805,1117,11.585932493209839,1076,11.931650161743164,1054,12.506028413772583,1054,13.108490705490112,1054,13.409564018249512,1054,14.267861127853394,1048,14.621166944503784,1048,14.907345056533813,1047,15.181199312210083,1047,15.469267129898071,1036,15.768275260925293,1033,16.058401346206665,1018,16.370943069458008,1016,16.63178277015686,1016,16.883688926696777,1016,17.425501585006714,997,17.870251417160034,986,18.212475061416626,962,18.5416419506073,962,18.815471172332764,956,19.149188995361328,956,19.432498693466187,950,19.77033233642578,950,20.323110580444336,950,20.606661081314087,950,20.865282773971558,950,21.114384412765503,946,21.4403715133667,946,21.986408710479736,946,22.581236124038696,946,22.869892835617065,942,23.198468446731567,937,23.531286478042603,937,23.81031036376953,936,24.113617181777954,936,24.375685691833496,936,24.925188779830933,936,25.198918104171753,931,25.48824691772461,929,26.16248369216919,928,26.520492553710938,926,27.59668254852295,926,29.251190423965454,923,29.589705228805542,923,29.8658185005188,921,30.1397647857666,921,30.400872945785522,921,30.94088101387024,920,31.21177315711975,920,31.78114652633667,920,32.03476405143738,920,32.293569803237915,920,32.81611680984497,920,33.08804202079773,920,33.388535022735596,920,33.67582368850708,918,33.96618890762329,918,34.22193360328674,918,35.95688247680664,918,36.22883987426758,918,36.48746609687805,918,36.76822519302368,918,37.306323766708374,918,37.57759737968445,918,37.8762469291687,918,38.4237425327301,918,38.69785976409912,918,38.99896168708801,918,39.27159929275513,918,39.529974699020386,918,39.817034006118774,918,40.343398571014404,918,40.87353539466858,918,41.17276406288147,918,41.43578219413757,918,41.72310948371887,918,41.99506878852844,918,42.285911083221436,918,44.0553925037384,918,44.59975481033325,918,44.90064024925232,918,45.18685007095337,918,45.70233750343323,918,45.96491289138794,918,46.23797249794006,918,46.49284768104553,918,47.615310192108154,918,48.149890184402466,918,48.45167541503906,918,48.72584056854248,918,48.98338007926941,918,49.26715445518494,918,49.52711248397827,918,50.651983976364136,918,51.19224262237549,918,51.490100383758545,918,51.77635097503662,916,52.33921551704407,916,52.60182762145996,916,52.88664245605469,915,55.238778829574585,915,55.78919529914856,915,56.09179162979126,915,56.36677622795105,915,56.63814067840576,915,56.92286992073059,915,57.175270080566406,915,57.44087338447571,915,58.151864767074585,915,58.698549032211304,915,58.997533321380615,915,59.271401166915894,915,59.52876830101013,915,59.79222059249878,915,60.10598874092102
40,random_graphs/triangle/r1.5k24n16/graph40.lgbin,1811,50.732014894485474,834,1800,0,1708,2.972843647003174,1546,3.352342128753662,1419,3.6652820110321045,1333,3.9436497688293457,1242,4.235649824142456,1211,4.495690107345581,1107,6.017463445663452,1022,6.935232877731323,975,7.814673900604248,966,8.058983564376831,966,8.284864664077759,966,10.37629222869873,928,10.704859495162964,927,10.94678521156311,925,11.247071504592896,895,11.611002445220947,885,11.902032136917114,885,12.322469472885132,866,12.680075645446777,864,12.967906951904297,864,13.200625658035278,864,13.434747457504272,864,13.70556640625,864,13.99648380279541,863,16.931208848953247,863,17.144386291503906,863,19.218724250793457,863,19.460755825042725,855,19.72118353843689,855,19.969021797180176,855,20.195942401885986,855,20.4527907371521,855,20.760682821273804,849,21.02480721473694,849,21.253490686416626,849,25.416132926940918,849,27.47298812866211,849,27.716407775878906,848,28.022289991378784,848,28.321671724319458,848,28.53383469581604,847,29.008214235305786,847,31.04496455192566,847,31.259103298187256,847,31.500831127166748,847,31.77160930633545,847,32.06668496131897,847,32.296581506729126,843,32.54457712173462,843,33.04748773574829,843,33.26601839065552,843,35.28604793548584,843,35.79596471786499,843,36.03807783126831,843,36.33898186683655,843,36.59520483016968,843,37.086771726608276,843,37.311665534973145,843,37.530014753341675,843,39.53779363632202,843,39.835970401763916,842,40.41615033149719,841,40.69919395446777,841,40.92655324935913,841,41.446940898895264,841,41.6743381023407,841,41.89124274253845,840,42.1927855014801,840,44.10966920852661,840,44.40752172470093,840,44.651028633117676,840,44.86370396614075,840,45.10515117645264,840,47.013959884643555,839,47.339457750320435,839,47.61431956291199,839,47.9072687625885,839,48.125818729400635,839,48.36746835708618,839,48.90398335456848,839,49.17704653739929,839,49.46763372421265,839,49.690778493881226,839,49.90779399871826,839,50.430373191833496,839,50.67146849632263,839,50.95025563240051,839,51.223872900009155,839,51.51485896110535,839,51.74159598350525,839,55.10846662521362,839,55.32673478126526,839,55.57010769844055,839,57.48329138755798,839,57.74208307266235,839,58.032002449035645,839,58.26123118400574,839,58.75914907455444,839,58.979485511779785,839,59.50213861465454,834,59.84218716621399,834,60.09326958656311
41,random_graphs/triangle/r1.5k24n16/graph41.lgbin,1811,45.01785111427307,839,1681,0,1611,0.8339042663574219,1577,1.7683041095733643,1484,2.0801851749420166,1317,2.42436146736145,1269,2.690725088119507,1139,3.4462482929229736,1107,4.56380033493042,997,4.855459928512573,966,5.1598193645477295,933,5.698838233947754,932,6.068838357925415,930,6.355894327163696,926,7.267683267593384,926,7.683643579483032,917,8.409568786621094,914,8.71326732635498,903,8.976379156112671,889,9.242091417312622,889,10.0066397190094,889,10.255235195159912,889,10.48115611076355,889,10.710676670074463,889,10.970399379730225,887,11.315619707107544,887,11.994278192520142,874,12.292973279953003,874,12.679050207138062,874,12.930207967758179,873,13.378976583480835,872,13.972755670547485,872,14.20034146308899,872,14.455528974533081,872,14.778311252593994,872,15.002791404724121,864,15.31187129020691,864,15.56637978553772,864,15.813587427139282,864,16.21323537826538,862,16.500423669815063,862,16.748960256576538,862,16.981533527374268,860,17.375630617141724,860,17.63246488571167,860,17.860593795776367,860,18.19430637359619,860,18.872020721435547,860,19.247753858566284,860,19.49804973602295,858,19.726794481277466,858,19.98688817024231,858,20.218538761138916,858,20.550208806991577,858,21.21908688545227,858,21.450239896774292,858,22.15664029121399,850,22.444555282592773,850,22.702628135681152,850,22.948577404022217,850,23.333712577819824,850,23.563501358032227,849,23.8323233127594,849,24.61682415008545,849,24.868297815322876,849,25.263075590133667,849,25.49225401878357,849,25.824590921401978,845,26.12670111656189,845,26.964993238449097,844,27.25109076499939,844,27.49907398223877,844,27.884812116622925,844,28.114693880081177,844,28.361716747283936,842,28.690855026245117,842,28.96585726737976,842,29.28338360786438,842,29.507529258728027,842,29.769400358200073,842,29.99723243713379,842,30.843289375305176,839,31.152803897857666,839,31.548839569091797,839,31.807096004486084,839,32.0349555015564,839,32.8763632774353,839,33.21675729751587,839,33.611841678619385,839,33.860047578811646,839,34.13472843170166,839,34.82988953590393,839,35.22165083885193,839,35.49555039405823,839,36.30115604400635,839,36.56018280982971,839,36.806236028671265,839,37.39598202705383,839,37.780640602111816,839,38.039634466171265,839,38.89392066001892,839,39.55418515205383,839,39.783230781555176,839,40.01007699966431,839,40.396920680999756,839,40.64567232131958,839,40.96026945114136,839,41.21918296813965,839,41.91977047920227,839,42.61565089225769,839,42.83631992340088,839,43.066779375076294,839,43.45869183540344,839,43.70718836784363,839,44.01652956008911,839,44.275341272354126,839,44.79105472564697,839,45.01639270782471,839,45.57773232460022,839,45.80492401123047,839,46.19319796562195,839,46.502177238464355,839,46.76024866104126,839,47.59755992889404,839,47.82061004638672,839,48.0784797668457,839,48.3066680431366,839,48.61906456947327,839,48.876673221588135,839,49.7193124294281,839,49.96908640861511,839,50.190999031066895,839,50.448129177093506,839,50.67530560493469,839,51.072335958480835,839,51.38276410102844,839,51.63979935646057,839,52.34688472747803,839,52.59651708602905,839,52.81788659095764,839,53.04690670967102,839,53.451648473739624,839,53.76262354850769,839,54.02241277694702,839,54.27321529388428,839,54.50134611129761,839,54.72414541244507,839,55.03711128234863,839,55.42966318130493,839,55.7843976020813,839,56.032973289489746,839,56.59993290901184,839,56.82969856262207,839,57.05273509025574,839,57.562628746032715,839,57.8743257522583,839,58.266225814819336,839,58.495495557785034,839,59.00798940658569,839,59.40395164489746,839,59.677104473114014,839,60.10863256454468
42,random_graphs/triangle/r1.5k24n16/graph42.lgbin,1811,46.99685883522034,860,1648,0,1597,0.514509916305542,1532,1.3199048042297363,1468,1.637559175491333,1363,2.3488423824310303,1237,2.6940159797668457,1176,7.561229228973389,1138,7.891810655593872,1094,8.236191511154175,1082,8.96464490890503,1037,9.248332500457764,1015,9.932471990585327,1015,10.592422485351562,1015,10.90430736541748,998,11.242640018463135,987,11.955367088317871,985,12.269015550613403,973,12.58202576637268,970,13.315759181976318,963,13.621581554412842,943,14.559300184249878,940,15.189717292785645,938,15.497750043869019,937,15.746279001235962,935,16.121643781661987,935,17.070416927337646,933,17.377782344818115,932,17.702038526535034,932,17.97028160095215,932,18.21139931678772,932,18.496742486953735,932,19.20739984512329,923,19.511078596115112,923,19.75782299041748,923,20.31690502166748,923,21.012609243392944,907,21.350892305374146,907,21.649290561676025,907,22.225958347320557,905,22.539745569229126,904,22.871386528015137,892,23.518619537353516,891,24.17778730392456,891,24.667124032974243,885,24.982521533966064,885,25.25102472305298,881,25.593024015426636,880,25.867225170135498,880,26.11544132232666,880,26.687463521957397,880,26.93623375892639,880,27.671016931533813,880,28.1688072681427,871,28.483463525772095,871,28.7520010471344,871,29.03635025024414,871,29.5691339969635,866,29.902817726135254,866,30.19063448905945,864,31.026426315307617,864,31.520726919174194,864,31.782230615615845,864,32.06651568412781,864,32.29089546203613,864,33.06727170944214,864,33.31771755218506,864,33.568265438079834,862,33.83787703514099,862,34.51157355308533,860,34.84905934333801,860,35.134992599487305,860,35.635525703430176,860,36.195915937423706,860,36.48188614845276,860,36.74187231063843,860,36.99078106880188,860,37.2761595249176,860,37.52384424209595,860,38.035653829574585,860,38.29564046859741,860,38.58094835281372,860,38.83216214179993,860,39.0782995223999,860,39.57683062553406,860,39.83748984336853,860,40.08688735961914,860,40.645151138305664,860,40.8789963722229,860,41.16401934623718,860,41.66839265823364,860,42.502668380737305,860,42.760258197784424,860,43.59594655036926,860,43.8414261341095,860,44.34539580345154,860,44.60460710525513,860,45.323533058166504,860,45.5856728553772,860,46.43854594230652,860,46.68093919754028,860,46.966288328170776,860,47.41632056236267,860,47.702744483947754,860,48.20474171638489,860,48.462464809417725,860,48.7268328666687,860,48.979168176651,860,49.26500606536865,860,49.509315967559814,860,50.19931197166443,860,50.47674894332886,860,51.209922075271606,860,51.45664072036743,860,51.73880171775818,860,51.97139811515808,860,52.23777627944946,860,52.95894241333008,860,53.244385719299316,860,53.484883546829224,860,53.744444131851196,860,53.97112822532654,860,54.25280475616455,860,54.51703476905823,860,55.2462272644043,860,55.48597574234009,860,55.73559808731079,860,55.993942737579346,860,56.631739139556885,860,57.136756896972656,860,57.3989531993866,860,57.6466109752655,860,57.906264781951904,860,58.362215518951416,860,59.21568942070007,860,59.71808624267578,860,60.11333417892456
43,random_graphs/triangle/r1.5k24n16/graph43.lgbin,1811,44.28290128707886,822,1725,0,1626,0.9104132652282715,1517,1.2327191829681396,1386,1.6230218410491943,1314,2.2836201190948486,1284,2.6136717796325684,1216,2.933384895324707,1161,3.230273485183716,1044,3.5362985134124756,1013,4.236471891403198,983,4.553621530532837,933,4.884626150131226,933,5.147467374801636,933,5.720808744430542,921,6.020779848098755,912,6.336740970611572,906,6.645480155944824,906,6.904406785964966,898,7.319617509841919,892,10.599724054336548,891,13.754261493682861,889,14.124233722686768,887,14.420915842056274,884,14.740917205810547,884,15.00270128250122,879,15.317169666290283,879,15.592560768127441,879,15.858190536499023,879,16.110185384750366,874,16.44398522377014,866,17.042799711227417,866,17.30774211883545,864,17.876919746398926,855,18.147918462753296,855,18.381855487823486,842,19.140292167663574,839,19.56816267967224,839,20.32521653175354,838,20.629488468170166,838,21.22463870048523,836,21.547170639038086,836,21.80649209022522,830,22.06778049468994,830,22.329904556274414,830,22.591211557388306,830,22.8126482963562,830,23.04635787010193,828,23.345900535583496,828,23.626685619354248,828,24.22110939025879,828,24.449579000473022,828,24.745312929153442,828,25.337562084197998,828,25.599674701690674,826,25.850791692733765,826,26.112338066101074,826,26.36332678794861,826,26.61453127861023,826,26.892571687698364,826,27.11357831954956,826,27.348487854003906,826,27.626404523849487,825,27.889833211898804,825,28.13148069381714,823,28.38020157814026,823,28.63591980934143,823,29.403608560562134,823,29.686858654022217,822,29.95034408569336,822,30.54838538169861,822,31.180931091308594,822,31.44258713722229,822,31.703258275985718,822,31.951873779296875,822,32.22166323661804,822,32.47719073295593,822,32.750659465789795,822,33.01449131965637,822,33.29265594482422,822,33.520132303237915,822,34.117873191833496,822,34.36611771583557,822,34.9274845123291,822,35.190306425094604,822,35.4253408908844,822,35.70519661903381,822,35.96692109107971,822,36.21670889854431,822,36.43658256530762,822,36.73062348365784,822,36.99012541770935,822,37.58322858810425,822,37.84219717979431,822,38.07330346107483,822,38.32493996620178,822,38.57009792327881,822,38.79841232299805,822,39.562522649765015,822,39.84561276435852,822,40.10200572013855,822,40.363548278808594,822,40.611412048339844,822,41.37087273597717,822,41.63823914527893,822,41.89816617965698,822,42.48422956466675,822,43.1015841960907,822,43.392117977142334,822,43.61119484901428,822,43.87130928039551,822,44.14870548248291,822,44.40672755241394,822,44.98638606071472,822,45.2752742767334,822,45.5215482711792,822,45.79687714576721,822,46.02773952484131,822,46.28876829147339,822,46.54858136177063,822,47.14275765419006,822,47.395442962646484,822,47.64172577857971,822,47.89442563056946,822,48.15774631500244,822,48.394360303878784,822,48.64386701583862,822,48.90506052970886,822,49.13468551635742,822,49.405393838882446,822,49.9845073223114,822,50.23191738128662,822,50.49617409706116,822,50.75779151916504,822,51.026695013046265,822,51.267335176467896,822,51.86248779296875,822,52.113919258117676,822,52.37868070602417,822,52.59753370285034,822,52.88406753540039,822,53.634639739990234,822,53.88354253768921,822,54.145201683044434,822,54.404500007629395,822,54.636656522750854,822,55.231008768081665,822,55.46506953239441,822,55.7104172706604,822,55.970468282699585,822,56.23496890068054,822,56.468204736709595,822,56.71794867515564,822,57.62888050079346,822,57.87485885620117,822,58.13359093666077,822,58.418211221694946,822,58.66486620903015,822,59.26877498626709,822,59.52132987976074,822,59.7826509475708,822,60.0449652671814
44,random_graphs/triangle/r1.5k24n16/graph44.lgbin,1811,45.94130349159241,729,1630,0,1540,0.331223726272583,1442,0.6554954051971436,1310,0.9832515716552734,1226,1.2952897548675537,1148,3.9522860050201416,1065,4.230305910110474,1011,4.798432111740112,985,5.0898730754852295,900,5.720052480697632,899,6.2628302574157715,861,6.887933969497681,857,8.224005937576294,857,8.470064163208008,840,8.78073501586914,829,9.062111377716064,829,11.925761938095093,807,12.220508098602295,807,12.847993850708008,806,13.061148881912231,778,13.376738548278809,776,13.614001035690308,770,13.900326013565063,769,14.98382019996643,763,15.354110479354858,762,15.72101902961731,761,15.971174478530884,761,16.27314043045044,760,16.53229022026062,757,16.790563344955444,754,17.088486194610596,754,20.04211163520813,752,20.28605604171753,752,20.579660654067993,744,20.862769603729248,744,21.109278917312622,740,21.386121034622192,740,21.620794773101807,740,21.833845138549805,740,22.07664656639099,740,22.33846092224121,740,22.55311679840088,740,22.764559507369995,740,23.064295530319214,740,23.77913999557495,738,24.069231748580933,736,24.34373712539673,736,24.558372497558594,736,24.81807017326355,736,25.03420901298523,735,25.326695442199707,735,26.056408405303955,735,26.355956554412842,735,26.603242874145508,735,26.83660650253296,735,27.128068923950195,733,27.440801858901978,733,27.683883905410767,733,27.941163778305054,733,28.423524379730225,733,29.1462140083313,731,29.491899967193604,731,29.736484050750732,731,30.015004873275757,731,30.249351978302002,729,30.53740358352661,729,30.804585218429565,729,31.275141716003418,729,32.00323748588562,729,32.23900055885315,729,32.485270261764526,729,33.037209272384644,729,33.277751445770264,729,34.017292499542236,729,34.26937556266785,729,34.50896334648132,729,34.94558835029602,729,35.19369339942932,729,35.42940616607666,729,35.672831535339355,729,35.94759917259216,729,36.210631370544434,729,36.93187928199768,729,37.14528155326843,729,37.37660455703735,729,37.595555543899536,729,37.85907530784607,729,38.58391284942627,729,38.82900619506836,729,39.095353841781616,729,39.32978320121765,729,39.888890981674194,729,40.10067129135132,729,40.34961795806885,729,40.60744595527649,729,41.33096718788147,729,41.614580392837524,729,41.85607719421387,729,42.10188007354736,729,42.358654737472534,729,42.59628748893738,729,42.84261894226074,729,43.5634982585907,729,43.82727527618408,729,44.036685943603516,729,44.27973818778992,729,44.51891469955444,729,45.22483491897583,729,45.64197111129761,729,45.905887603759766,729,46.150580406188965,729,46.38992524147034,729,46.63264465332031,729,47.34872651100159,729,47.5803759098053,729,48.00729966163635,729,48.25890588760376,729,48.46849536895752,729,48.73354625701904,729,48.97673416137695,729,49.69469928741455,729,49.930399656295776,729,50.404881715774536,729,50.66025900840759,729,50.88029384613037,729,51.146995544433594,729,51.87081217765808,729,52.1039297580719,729,52.35867714881897,729,52.56943702697754,729,52.807475328445435,729,53.048511028289795,729,53.2553608417511,729,53.9747154712677,729,54.20630073547363,729,54.459665298461914,729,54.70054507255554,729,55.000099182128906,729,55.277681827545166,729,55.99757170677185,729,56.229552030563354,729,56.47674059867859,729,56.90649104118347,729,57.148032665252686,729,57.45813775062561,729,58.180577516555786,729,58.42350125312805,729,58.85584473609924,729,59.09740328788757,729,59.36124110221863,729,59.59248900413513,729,60.10029888153076
45,random_graphs/triangle/r1.5k24n16/graph45.lgbin,1811,47.39329218864441,918,1656,0,1570,0.3508749008178711,1535,0.7430222034454346,1404,1.0377099514007568,1358,2.1737091541290283,1329,2.7979719638824463,1275,3.0984413623809814,1208,3.448245048522949,1163,3.78061580657959,1136,4.232237100601196,1096,4.503410577774048,1090,4.7570624351501465,1064,5.048153638839722,1064,5.324612855911255,1050,8.0884690284729,1023,8.352696418762207,1022,8.668750524520874,1021,9.572107076644897,1014,9.836711883544922,1013,13.438003540039062,1013,13.692732810974121,1008,13.988283395767212,1005,14.261467456817627,1004,14.688277006149292,1003,15.23516058921814,1002,15.526772022247314,993,15.85902214050293,986,16.11716341972351,986,16.334872007369995,986,16.606093406677246,986,16.860117197036743,982,17.09060502052307,971,17.369359731674194,971,17.615896701812744,971,17.870233297348022,971,18.845213651657104,963,19.17789936065674,962,19.758135557174683,962,20.02950930595398,962,20.2989604473114,948,20.589787483215332,948,20.840049505233765,944,21.102375030517578,944,21.577438592910767,944,22.009174585342407,944,22.221116542816162,941,22.551811456680298,941,22.807167530059814,941,23.649821996688843,941,23.926259756088257,941,24.1962468624115,934,24.484632968902588,934,24.715585708618164,934,24.93107271194458,934,25.193692207336426,926,25.52699851989746,926,26.381300687789917,926,26.655283212661743,921,26.94703221321106,921,27.16882014274597,921,27.397576570510864,919,28.2574405670166,919,29.27261519432068,919,29.536051511764526,919,29.756181955337524,919,30.299192190170288,919,30.52563452720642,919,30.77236557006836,919,31.62523078918457,919,31.84742498397827,918,32.17617964744568,918,32.45232939720154,918,32.667837381362915,918,32.903831481933594,918,33.178914070129395,918,34.02940034866333,918,34.30119872093201,918,34.51255249977112,918,35.35959339141846,918,35.61974596977234,918,36.152504682540894,918,36.39915657043457,918,36.671884298324585,918,36.888187646865845,918,37.13458299636841,918,37.36630988121033,918,38.209715366363525,918,38.42975568771362,918,39.27817630767822,918,39.53152656555176,918,39.777844190597534,918,40.049330711364746,918,40.813108682632446,918,41.074214935302734,918,41.289194107055664,918,42.14542245864868,918,42.38412928581238,918,42.65575361251831,918,44.3660933971405,918,44.592695474624634,918,44.809515714645386,918,45.05831789970398,918,45.30003070831299,918,45.575634479522705,918,45.84825944900513,918,46.718090295791626,918,46.938884973526,918,47.16707682609558,918,47.419917583465576,918,47.68099498748779,918,47.956257820129395,918,48.816954135894775,918,49.035414695739746,918,49.26142978668213,918,49.51879143714905,918,49.79708504676819,918,50.03601145744324,918,50.8845796585083,918,52.61332297325134,918,52.845027923583984,918,53.08531188964844,918,54.84741973876953,918,55.10903072357178,918,55.32816743850708,918,55.541473150253296,918,55.78834867477417,918,57.52557301521301,918,57.80322766304016,918,58.02371573448181,918,58.26599931716919,918,58.50931215286255,918,58.777104139328,918,59.01967930793762,918,59.26089787483215,918,59.51820206642151,918,59.78895401954651,918,60.012304067611694
46,random_graphs/triangle/r1.5k24n16/graph46.lgbin,1811,45.58846378326416,931,1804,0,1715,0.33100271224975586,1598,0.6435608863830566,1459,1.1970694065093994,1371,1.5267176628112793,1287,3.245199680328369,1194,3.572162628173828,1110,3.8535492420196533,1078,4.174100875854492,1061,4.487025499343872,1055,4.807687997817993,1033,5.081360816955566,1031,5.640757322311401,1031,7.241790294647217,1031,7.530879497528076,1028,7.8058247566223145,1019,8.086676836013794,978,8.367350816726685,967,8.661349058151245,967,8.91365671157837,967,9.147043466567993,959,9.454871654510498,959,9.713592290878296,959,9.952186346054077,958,10.1829514503479,957,10.811875581741333,957,11.073707818984985,953,11.386096239089966,953,11.641610383987427,949,11.956445455551147,946,12.233148336410522,946,13.82198452949524,946,14.101038455963135,946,14.337932586669922,945,14.634714841842651,945,15.643141984939575,945,15.907866477966309,945,16.135225534439087,945,16.386732816696167,944,16.660837650299072,944,16.93549633026123,944,17.168383359909058,944,18.182145595550537,944,18.420380115509033,944,18.69686794281006,944,18.996394872665405,943,19.293153524398804,943,19.546937227249146,943,19.81070613861084,943,20.821098804473877,943,21.098875045776367,943,21.4300434589386,943,21.664459705352783,943,21.90352702140808,940,22.222118139266968,940,22.484989166259766,940,22.736856937408447,939,23.238319158554077,939,23.588834762573242,939,24.063313484191895,934,24.343456029891968,934,24.609179258346558,934,24.888760566711426,934,25.923197746276855,934,26.172637224197388,934,27.20254611968994,934,27.483018159866333,934,27.745245456695557,934,27.989530324935913,933,28.253077268600464,933,28.505319356918335,933,28.74936604499817,933,29.03104853630066,933,30.054840087890625,931,30.38656520843506,931,30.650696277618408,931,30.88880729675293,931,31.13524627685547,931,31.361275911331177,931,31.614463806152344,931,31.893741369247437,931,32.91244697570801,931,33.21229600906372,931,33.46225190162659,931,33.72832679748535,931,34.27331042289734,931,34.51969313621521,931,34.75901985168457,931,35.77451252937317,931,36.05414032936096,931,36.33010745048523,931,36.573153257369995,931,36.82111048698425,931,37.086838483810425,931,37.338940382003784,931,37.592768907547,931,37.93400454521179,931,38.212605237960815,931,38.477253913879395,931,38.75015640258789,931,39.01324439048767,931,39.26800608634949,931,39.50554180145264,931,39.99819850921631,931,40.280383586883545,931,40.527122497558594,931,40.79171442985535,931,41.02238059043884,931,41.2721734046936,931,41.50904703140259,931,41.85313677787781,931,42.13195085525513,931,43.143064975738525,931,43.36964154243469,931,43.63261342048645,931,43.902817726135254,931,44.165703773498535,931,44.41715478897095,931,44.91967725753784,931,45.945720195770264,931,46.186644554138184,931,46.42997407913208,931,46.690064668655396,931,46.939576148986816,931,47.948323249816895,931,48.292691230773926,931,48.56024432182312,931,48.80479073524475,931,49.06353974342346,931,49.31264662742615,931,50.33132362365723,931,50.55713224411011,931,50.81701397895813,931,51.061806440353394,931,51.32391428947449,931,51.56472134590149,931,52.58317804336548,931,52.86306667327881,931,53.08522295951843,931,53.32392168045044,931,53.59989333152771,931,55.268099546432495,931,55.542630672454834,931,55.78111028671265,931,56.0410737991333,931,56.27979040145874,931,56.552969217300415,931,57.55499529838562,931,57.83592677116394,931,58.10570406913757,931,58.383435010910034,931,59.400596141815186,931,59.65199899673462,931,59.932602405548096,931,60.097710371017456
47,random_graphs/triangle/r1.5k24n16/graph47.lgbin,1811,50.16167068481445,743,1679,0,1573,1.4086270332336426,1459,4.734879732131958,1366,5.05687403678894,1239,5.655307292938232,1140,5.919726371765137,1103,6.762864589691162,1045,7.199007749557495,942,9.30420184135437,913,9.572249412536621,877,10.223917961120605,849,10.52665662765503,849,11.04259729385376,840,11.371572971343994,836,13.304785966873169,836,15.193548202514648,819,15.480161666870117,815,15.755682945251465,812,16.31597113609314,792,16.725274324417114,789,16.964597940444946,785,17.656012058258057,782,17.942262887954712,782,18.164900064468384,777,18.517088651657104,777,18.85461735725403,777,19.22157335281372,777,19.426280736923218,776,19.67486333847046,776,19.920083045959473,776,20.24061918258667,760,20.762639045715332,760,21.03268527984619,760,21.36027455329895,760,23.029839992523193,759,23.312166929244995,759,23.893451690673828,759,24.12596845626831,759,24.602871656417847,759,24.848828554153442,757,25.316739320755005,757,25.561442613601685,757,26.2232666015625,757,27.8673095703125,757,28.18965792655945,757,28.445910215377808,756,28.712053775787354,756,28.93869972229004,756,29.41356372833252,751,29.656782150268555,749,30.033774375915527,749,31.695544719696045,748,32.292513608932495,748,32.628304958343506,748,32.96386528015137,748,33.185977935791016,748,33.39581871032715,748,33.646790981292725,748,35.31226348876953,748,35.564249992370605,748,35.94159293174744,748,36.151487827301025,747,36.48483443260193,747,36.73614263534546,747,38.40542149543762,747,38.65298771858215,747,39.156638383865356,747,39.679298639297485,747,40.005027055740356,747,40.23944067955017,747,40.50618124008179,747,40.72785496711731,746,40.981377601623535,746,41.236082315444946,746,42.8923876285553,746,43.9443736076355,746,44.17548441886902,746,44.4104962348938,746,44.7132511138916,746,44.971267223358154,746,46.63416147232056,746,46.87946081161499,746,47.130861043930054,746,47.35161781311035,746,47.58149695396423,746,49.22917914390564,746,49.4734103679657,746,49.72500014305115,746,50.21036434173584,746,50.52371263504028,746,50.744592905044556,746,50.99614477157593,746,52.64421272277832,746,52.952017068862915,744,53.22715640068054,744,53.44750618934631,744,53.690518617630005,744,53.944976568222046,744,55.609158992767334,744,55.82593774795532,744,56.06816077232361,744,56.5881462097168,744,56.822917222976685,743,57.17738437652588,743,57.43479061126709,743,59.09145903587341,743,59.46827220916748,743,59.70740985870361,743,59.9266471862793,743,60.09693884849548
48,random_graphs/triangle/r1.5k24n16/graph48.lgbin,1811,49.60401439666748,771,1752,0,1661,0.34929704666137695,1562,1.0791258811950684,1491,1.4938971996307373,1340,2.365874767303467,1316,2.730147361755371,1220,6.166348695755005,1157,6.540306329727173,1132,7.638168811798096,993,8.20457124710083,971,8.53165078163147,960,14.38658881187439,960,19.37272572517395,960,19.71254587173462,960,20.03942108154297,960,20.414055347442627,955,21.265857219696045,955,22.171064138412476,942,22.60627794265747,935,23.013057470321655,920,23.348387718200684,920,23.636012077331543,920,23.966330766677856,906,24.3859601020813,885,25.05900812149048,885,25.41465926170349,870,26.106260538101196,870,26.719942808151245,859,27.110353469848633,859,27.78639817237854,853,28.32992672920227,853,28.747679710388184,853,29.099822998046875,846,29.44364094734192,846,29.737735748291016,833,30.088929653167725,833,30.38322401046753,833,30.994887113571167,829,31.314735889434814,821,31.587156772613525,819,31.860272645950317,817,32.87733435630798,817,33.67931532859802,817,33.97102236747742,806,34.468486309051514,806,34.77026724815369,806,35.1879301071167,802,35.569324016571045,802,35.86755394935608,802,36.18501853942871,802,36.96849703788757,802,37.78756260871887,802,38.106480836868286,790,38.462878465652466,790,38.769723653793335,786,39.3168740272522,786,39.61125707626343,786,40.03020453453064,786,40.822452783584595,785,41.428715467453,784,42.071080923080444,782,42.3331995010376,782,42.585307598114014,782,42.88822317123413,776,43.45225501060486,776,43.76503825187683,776,44.050012826919556,775,44.44177556037903,775,45.18323278427124,775,45.50425624847412,775,45.94572901725769,775,46.22566366195679,775,46.51375913619995,773,47.040895223617554,773,47.46853756904602,773,48.199530839920044,773,48.507964849472046,773,48.787811517715454,773,49.23242783546448,773,49.5522780418396,771,49.85404586791992,771,50.42912793159485,771,51.1493194103241,771,51.439146280288696,771,51.734984397888184,771,52.039453744888306,771,52.46422719955444,771,53.19773888587952,771,53.822171211242676,771,54.14100432395935,771,54.93664336204529,771,55.257225036621094,771,55.99569869041443,771,56.29078388214111,771,56.8699791431427,771,57.19238591194153,771,57.90202331542969,771,58.18992781639099,771,58.61294770240784,771,58.915611028671265,771,59.45513939857483,771,59.75951075553894,771,60.085004806518555
49,random_graphs/triangle/r1.5k24n16/graph49.lgbin,1811,40.17871975898743,756,1598,0,1465,0.4264669418334961,1356,0.7990925312042236,1298,1.3079702854156494,1205,1.5866186618804932,1162,2.1978890895843506,1057,2.50146484375,938,2.9452619552612305,883,3.339325428009033,837,3.6475205421447754,835,3.9088830947875977,835,4.162996768951416,820,4.629867792129517,820,4.875243663787842,819,5.209066867828369,798,5.54802131652832,786,5.867099285125732,786,6.258359432220459,786,6.541879892349243,786,6.802560806274414,786,7.071097135543823,786,7.303938627243042,786,7.535382032394409,768,7.842206239700317,768,8.231369972229004,768,8.469951629638672,768,8.725371599197388,764,9.185906171798706,764,9.45896315574646,764,9.828219652175903,764,10.077406883239746,764,10.29019546508789,764,10.525059938430786,762,10.83024263381958,762,11.230436563491821,762,11.473723649978638,762,11.72657585144043,762,11.984057188034058,762,12.256083488464355,762,12.494786024093628,762,12.728246688842773,762,13.111913919448853,762,13.33608603477478,762,13.613530397415161,762,13.867116928100586,762,14.10129427909851,762,14.335823774337769,762,14.722928285598755,762,14.955799102783203,762,15.205588102340698,762,15.483223915100098,762,15.736058712005615,762,15.943970441818237,762,16.341397762298584,762,16.57538914680481,762,16.82686996459961,762,17.050514936447144,762,17.305490732192993,762,17.588268995285034,762,17.986151456832886,762,18.224031686782837,762,18.458685398101807,762,18.7121319770813,762,19.188069343566895,762,19.442086935043335,762,19.72164750099182,762,20.112671613693237,762,20.34770941734314,762,20.600022315979004,762,20.835074186325073,762,21.061956882476807,762,21.317814111709595,762,21.59794569015503,762,21.957632541656494,762,22.34839653968811,762,22.61944818496704,762,22.85390067100525,762,23.095405340194702,762,23.348008155822754,762,23.602523803710938,762,23.828795194625854,762,24.06307077407837,762,24.295303106307983,762,24.54555344581604,762,24.798921585083008,762,25.0266273021698,762,25.30722427368164,762,25.704334497451782,762,25.94123935699463,762,26.175363540649414,762,26.430161237716675,762,26.685280561447144,762,26.912054300308228,762,27.191586017608643,762,27.404094696044922,762,27.80116295814514,762,28.075610637664795,762,28.3119056224823,762,28.56887197494507,762,28.794508695602417,762,28.992191553115845,762,29.247727632522583,762,29.634831428527832,762,29.876502752304077,762,30.11474895477295,762,30.345801830291748,762,30.600629091262817,760,30.918309450149536,760,31.182575464248657,760,31.576131343841553,760,31.815946102142334,760,32.04721689224243,760,32.276267290115356,760,32.48860502243042,760,32.71930980682373,760,33.117095947265625,760,33.353968143463135,760,33.83832001686096,760,34.119325160980225,759,34.427390336990356,759,34.65929675102234,759,35.04793834686279,756,35.35799837112427,756,35.59505653381348,756,35.82710552215576,756,36.08481049537659,756,36.36726403236389,756,36.75914168357849,756,37.01704168319702,756,37.250367641448975,756,37.52181029319763,756,37.776711225509644,756,38.005531549453735,756,38.28880047798157,756,38.76907706260681,756,39.163047075271606,756,39.39512276649475,756,39.63077735900879,756,39.9106650352478,756,40.16792058944702,756,40.56373381614685,756,40.80910921096802,756,41.03482174873352,756,41.264238357543945,756,41.49971914291382,756,41.75722050666809,756,42.01237082481384,756,42.25037407875061,756,42.642674922943115,756,42.87122559547424,756,43.10266709327698,756,43.376848220825195,756,43.62591052055359,756,43.85910630226135,756,44.24331212043762,756,44.49593782424927,756,44.691895723342896,756,45.08648681640625,756,45.34399676322937,756,45.599462270736694,756,45.85685181617737,756,46.091432332992554,756,46.334603786468506,756,46.56491565704346,756,46.954933881759644,756,47.19771933555603,756,47.584330797195435,756,47.84112739562988,756,48.11193251609802,756,48.35530138015747,756,48.60996723175049,756,48.81996488571167,756,49.04573059082031,756,49.301583766937256,756,49.57083201408386,756,49.7815375328064,756,50.01361155509949,756,50.27258372306824,756,50.55408310890198,756,50.79775619506836,756,51.00769281387329,756,51.23336577415466,756,51.4888391494751,756,51.7327561378479,756,52.12128973007202,756,52.37678289413452,756,52.62066960334778,756,52.89157295227051,756,53.14746809005737,756,53.54150319099426,756,53.78323149681091,756,54.05229735374451,756,54.30824613571167,756,54.69529581069946,756,54.93928790092468,756,55.19523286819458,756,55.587281942367554,756,55.867759227752686,756,56.09860920906067,756,56.30899262428284,756,56.564594984054565,756,56.79851198196411,756,57.1930570602417,756,57.47440528869629,756,57.70022010803223,756,58.095211029052734,756,58.37711715698242,756,58.63525128364563,756,58.88068509101868,756,59.11024475097656,756,59.34549379348755,756,59.73786783218384,756,59.9808087348938,756,60.09689021110535
0,random_graphs/triangle/r1.5k24n16/graph0.lgbin,2467,55.342458724975586,912,1739,0,1625,1.6888673305511475,1510,3.5686147212982178,1394,4.354322910308838,1304,6.70561957359314,1277,9.098844766616821,1153,9.766435861587524,1068,12.780447244644165,1068,14.441778182983398,1067,18.4744815826416,1064,19.27922511100769,1058,19.96893286705017,1044,25.969959259033203,1035,26.3708393573761,989,27.05358576774597,982,27.846956253051758,974,28.233120679855347,969,29.26720404624939,969,29.68850588798523,959,32.086639642715454,959,32.608954191207886,959,32.93744516372681,953,33.39810919761658,953,35.258790493011475,943,35.620128870010376,934,35.95786786079407,927,36.33094835281372,925,36.704938888549805,925,37.0364875793457,924,39.580710649490356,924,46.92182493209839,921,47.28573155403137,920,48.01753234863281,920,48.324583768844604,920,48.76528000831604,917,49.16842579841614,917,50.26959848403931,917,52.7668981552124,917,53.23443150520325,917,53.541144371032715,915,53.88042187690735,914,55.269745111465454,914,57.76235246658325,914,58.0982940196991,913,58.473315715789795,912,58.8645658493042,912,59.19321250915527,912,59.49920415878296,912,60.10316491127014
1,random_graphs/triangle/r1.5k24n16/graph1.lgbin,2467,56.735562801361084,812,1622,0,1464,0.43253135681152344,1389,0.7702736854553223,1254,2.8325963020324707,1218,3.311739683151245,1191,3.630324363708496,1116,3.985024929046631,1027,13.40654444694519,1013,14.370171308517456,928,14.768482446670532,896,15.30098271369934,880,15.686705827713013,880,15.984014987945557,880,16.827160358428955,867,29.01425075531006,865,29.92469549179077,856,30.294279098510742,852,30.665729761123657,848,42.3093740940094,848,42.614147901535034,845,45.27267837524414,839,45.62725639343262,836,52.39580512046814,836,52.726319313049316,836,53.03079915046692,827,53.33831858634949,827,53.616623640060425,815,53.9223747253418,815,54.18327355384827,815,54.98353314399719,815,55.275248527526855,812,55.93964982032776,812,56.27300238609314,812,59.27522373199463,812,59.53456902503967,812,60.102134227752686
2,random_graphs/triangle/r1.5k24n16/graph2.lgbin,2467,56.45981454849243,849,1672,0,1542,0.4014012813568115,1422,4.493003845214844,1316,11.672072887420654,1169,13.340955018997192,1090,22.11342978477478,1066,23.513307809829712,936,24.696134090423584,930,25.842859029769897,927,28.175541877746582,927,35.855265378952026,925,37.06780743598938,925,38.22858381271362,917,38.62358331680298,894,39.01939845085144,884,40.25191354751587,884,41.930442571640015,884,43.15814256668091,876,43.513421297073364,875,43.933411836624146,863,44.289464473724365,863,44.61034798622131,863,44.9023711681366,856,45.691296100616455,855,46.06690549850464,855,46.38971161842346,855,48.07092642784119,854,48.44085931777954,854,48.75664401054382,854,49.133933782577515,854,49.42538404464722,854,50.30046224594116,854,50.61123490333557,854,52.273483991622925,854,52.56481647491455,854,52.940550088882446,852,54.40163207054138,851,54.77140522003174,849,55.18229627609253,849,60.12905502319336
3,random_graphs/triangle/r1.5k24n16/graph3.lgbin,2467,52.70517301559448,774,1682,0,1539,1.5426452159881592,1446,2.3215701580047607,1391,3.3068811893463135,1341,6.292910099029541,1238,6.820354223251343,1175,7.238790512084961,1041,8.166812419891357,910,8.575476169586182,889,8.9091796875,863,9.399065732955933,863,12.396860122680664,830,12.708772659301758,822,13.258313179016113,789,13.617248058319092,786,14.616843938827515,786,15.122812032699585,786,15.415082216262817,786,15.81631588935852,776,16.212831497192383,776,17.266961336135864,774,17.60442090034485,774,17.917020320892334,774,20.898301124572754,774,21.188642978668213,774,21.694018840789795,774,22.09233069419861,774,22.40180778503418,774,22.686899185180664,774,25.68730401992798,774,26.209304094314575,774,26.512654542922974,774,26.85127830505371,774,27.174587965011597,774,30.160001754760742,774,30.46549677848816,774,30.7357656955719,774,31.257224321365356,774,31.646649837493896,774,31.941129207611084,774,34.957298278808594,774,35.26107430458069,774,35.803295850753784,774,36.32078671455383,774,36.582648515701294,774,36.88575887680054,774,37.208922386169434,774,37.73122954368591,774,38.27014970779419,774,38.58681607246399,774,38.89062714576721,774,39.18336534500122,774,39.69642901420593,774,42.71901535987854,774,43.114312410354614,774,43.43473696708679,774,43.751670837402344,774,44.05998349189758,774,44.57670474052429,774,47.59596347808838,774,47.936054706573486,774,48.23030662536621,774,48.555190086364746,774,49.07483696937561,774,52.09878587722778,774,52.38989615440369,774,52.684139251708984,774,52.95252823829651,774,53.46873211860657,774,53.875439405441284,774,54.162672996520996,774,54.485798835754395,774,54.78886699676514,774,55.054283142089844,774,58.08027935028076,774,58.603527784347534,774,58.92432880401611,774,59.46716332435608,774,59.8609344959259,774,60.09831666946411
4,random_graphs/triangle/r1.5k24n16/graph4.lgbin,2467,58.16100192070007,909,1770,0,1647,0.36963415145874023,1544,21.77001714706421,1348,22.53346824645996,1254,23.205942153930664,1131,23.598767518997192,1092,24.876261472702026,1040,26.69361400604248,983,26.98068928718567,942,27.55169677734375,942,29.064356565475464,942,50.0801842212677,942,50.490824699401855,936,51.067453145980835,936,52.472100257873535,936,54.0913565158844,932,54.44432210922241,932,54.85389161109924,915,55.32437825202942,909,55.67060661315918,909,60.10613131523132
5,random_graphs/triangle/r1.5k24n16/graph5.lgbin,2467,56.506284952163696,748,1626,0,1461,8.11865758895874,1365,8.5398690700531,1117,8.980951309204102,1067,15.051136255264282,983,15.491849422454834,946,15.875062704086304,864,17.693597555160522,864,23.18696904182434,850,24.239298343658447,827,24.549269199371338,826,25.183439016342163,801,25.666194915771484,771,26.021876096725464,768,26.378804445266724,768,26.677388906478882,768,26.945218801498413,762,28.02835249900818,762,32.28631138801575,762,32.591832637786865,761,33.560182094573975,761,34.460824489593506,751,34.79269742965698,751,40.46499586105347,751,40.73700737953186,750,41.067129135131836,750,41.335843324661255,750,41.639960050582886,750,41.931280851364136,750,42.192233085632324,750,46.4772093296051,750,46.75067329406738,750,47.124950885772705,750,47.38218712806702,750,47.687321186065674,750,54.54269528388977,748,54.88867425918579,748,55.1637167930603,748,60.10719847679138
6,random_graphs/triangle/r1.5k24n16/graph6.lgbin,2467,53.97665858268738,920,1676,0,1579,0.7550473213195801,1494,2.56313419342041,1363,2.911694049835205,1336,3.2793073654174805,1242,5.79564905166626,1233,7.072126150131226,1123,7.442417621612549,1065,8.057719230651855,1004,11.412243127822876,998,11.74686050415039,986,12.697391271591187,967,13.49361777305603,967,13.79107117652893,957,14.169809818267822,948,15.517162561416626,947,17.409647703170776,946,17.773287057876587,936,18.10304284095764,936,18.968294620513916,936,20.505796194076538,936,21.977543115615845,933,22.340373992919922,933,23.884780883789062,927,24.81112766265869,927,26.51358938217163,927,26.871493101119995,927,27.164680242538452,927,28.029067516326904,926,28.383085250854492,926,28.65924620628357,926,30.195353984832764,923,31.56816005706787,922,34.66285538673401,922,34.96416521072388,920,35.78952693939209,920,36.08086657524109,920,36.89529538154602,920,37.65009522438049,920,39.06189513206482,920,39.888033628463745,920,41.400296688079834,920,43.57750463485718,920,44.400352001190186,920,45.89482617378235,920,46.18270659446716,920,46.43093538284302,920,47.951809883117676,920,48.24104619026184,920,48.53535199165344,920,49.372368574142456,920,50.09274935722351,920,50.42703175544739,920,50.72538709640503,920,51.533687353134155,920,51.823405027389526,920,53.133761167526245,920,53.89082050323486,920,55.38629150390625,920,55.688260316848755,920,56.539093017578125,920,56.82999062538147,920,57.16198134422302,920,59.46955132484436,920,60.14540505409241
7,random_graphs/triangle/r1.5k24n16/graph7.lgbin,2467,51.68125820159912,799,1628,0,1509,0.7910604476928711,1433,2.1993484497070312,1319,6.102912425994873,1246,9.081690311431885,1165,9.490978002548218,1146,10.81809377670288,1089,11.744605302810669,947,12.964890718460083,940,13.319278955459595,921,14.857135534286499,921,16.10742425918579,916,16.497618913650513,907,17.637303590774536,906,18.00195598602295,897,18.67310667037964,897,18.965896129608154,889,19.36731219291687,889,19.68689489364624,884,20.028345823287964,882,20.37737798690796,882,20.698631048202515,868,21.083450078964233,865,21.546727418899536,863,21.93850541114807,863,22.26514458656311,863,23.289921045303345,863,24.534180879592896,853,25.433283805847168,853,25.730961561203003,851,26.637085437774658,851,26.981581926345825,851,27.24510169029236,849,27.553942918777466,846,27.984973669052124,840,31.86560606956482,836,32.69518232345581,836,33.43138933181763,836,33.78365731239319,821,34.221110582351685,821,34.482475996017456,819,34.841251850128174,817,35.61571502685547,817,36.189313650131226,815,36.61232304573059,815,36.91708183288574,804,38.07856202125549,804,38.384177446365356,803,39.16179180145264,803,39.52233695983887,800,39.87822890281677,800,40.17072343826294,800,41.07832336425781,800,41.412067890167236,800,41.93685507774353,800,42.2704222202301,799,42.6668484210968,799,42.96899914741516,799,44.93661451339722,799,45.82812786102295,799,46.207448959350586,799,46.50728702545166,799,46.83589720726013,799,47.13846755027771,799,48.93992877006531,799,49.241140365600586,799,49.54464054107666,799,50.44530916213989,799,51.1627471446991,799,51.450565338134766,799,51.78200340270996,799,52.067211627960205,799,52.58503317832947,799,53.47182893753052,799,53.85588765144348,799,54.18418645858765,799,54.47846865653992,799,54.76351189613342,799,55.121068716049194,799,55.42604422569275,799,56.30968141555786,799,56.64124846458435,799,56.92836141586304,799,57.315083265304565,799,57.680091857910156,799,58.561310052871704,799,58.89000725746155,799,60.10921669006348
8,random_graphs/triangle/r1.5k24n16/graph8.lgbin,2467,53.03967571258545,969,1761,0,1640,1.9345626831054688,1498,2.6889469623565674,1415,3.3114781379699707,1407,5.3478028774261475,1309,5.703961610794067,1206,6.075382709503174,1087,8.435063600540161,1064,9.215391874313354,1042,18.4139461517334,1022,18.774367094039917,1022,19.734050035476685,1015,20.038930892944336,1008,20.914846658706665,1008,22.581876516342163,978,23.348668098449707,976,24.063219785690308,976,24.89930272102356,976,25.183258771896362,976,25.487384557724,976,25.780534505844116,972,28.707905530929565,972,29.427760124206543,972,30.21148371696472,972,31.519376516342163,971,32.384981870651245,969,32.72301435470581,969,33.42923712730408,969,34.220022201538086,969,34.50075340270996,969,34.79634141921997,969,35.60098648071289,969,36.8995521068573,969,37.25015449523926,969,37.53943991661072,969,37.84179162979126,969,38.13939166069031,969,38.95127320289612,969,39.79562854766846,969,41.09061121940613,969,41.431809186935425,969,41.72194790840149,969,42.06252694129944,969,42.36225438117981,969,42.66439247131348,969,42.95405077934265,969,43.30682587623596,969,45.15644717216492,969,46.44197177886963,969,47.245686054229736,969,47.60175538063049,969,47.89388847351074,969,49.13293242454529,969,50.43564581871033,969,50.72634792327881,969,51.03204298019409,969,51.329357624053955,969,52.20745539665222,969,52.55493927001953,969,53.86799430847168,969,54.68569493293762,969,54.97971725463867,969,55.279693603515625,969,55.589150190353394,969,56.39784026145935,969,57.20984363555908,969,57.508180141448975,969,57.81110167503357,969,58.11329936981201,969,58.92339038848877,969,59.726500034332275,969,60.02169871330261
9,random_graphs/triangle/r1.5k24n16/graph9.lgbin,2467,58.052024126052856,919,1698,0,1588,0.9628846645355225,1449,5.465201139450073,1361,31.350188970565796,1276,33.80979609489441,1197,34.21140098571777,1173,34.84828186035156,1121,36.449840784072876,1026,45.20200967788696,1012,47.73750019073486,1012,49.48952627182007,1012,49.86944508552551,995,50.24371552467346,995,52.58763527870178,985,53.05987191200256,945,53.960288286209106,935,54.83898115158081,934,55.17311334609985,934,55.99128198623657,933,56.379526138305664,926,57.57262825965881,919,57.96277189254761,919,58.227262020111084,919,60.097264528274536
10,random_graphs/triangle/r1.5k24n16/graph10.lgbin,2467,55.25753474235535,880,1955,0,1807,3.0889017581939697,1782,12.739445447921753,1654,13.805006265640259,1485,16.439101457595825,1380,16.7860324382782,1312,17.83154845237732,1191,19.74574565887451,1102,20.932060956954956,1083,24.62328314781189,1083,28.24527359008789,1071,28.610107421875,1067,30.088184595108032,1053,30.54140019416809,986,31.400570392608643,981,31.729417085647583,973,32.0606746673584,970,32.472901582717896,960,34.36184525489807,960,34.77021527290344,960,35.04688000679016,947,35.45366144180298,947,35.796475410461426,947,36.15039920806885,920,36.614169120788574,908,37.00217080116272,908,37.317514419555664,905,38.158785343170166,905,38.43874788284302,905,39.319368839263916,904,39.651864767074585,904,39.93967819213867,901,43.04195761680603,901,43.35504126548767,901,43.67383122444153,899,44.07241773605347,898,44.39522624015808,898,44.69290804862976,898,44.962029695510864,898,45.273362159729004,898,48.400251626968384,890,48.81014156341553,890,49.16835594177246,886,49.5537486076355,886,49.88510775566101,884,50.271278381347656,884,53.162885427474976,884,56.29924988746643,883,56.73821949958801,880,57.072211503982544,880,57.387072801589966,880,60.11647295951843
11,random_graphs/triangle/r1.5k24n16/graph11.lgbin,2467,59.22609782218933,933,1667,0,1598,0.4607658386230469,1512,12.6577787399292,1367,13.086817502975464,1218,14.005808591842651,1096,16.09393882751465,1064,17.077595472335815,1064,18.92371916770935,958,31.05556893348694,933,60.10349082946777
12,random_graphs/triangle/r1.5k24n16/graph12.lgbin,2467,52.36640167236328,757,1650,0,1541,0.41181159019470215,1457,0.9180314540863037,1350,4.858715057373047,1215,5.245718955993652,1164,5.638476133346558,980,8.227893114089966,925,9.349096775054932,864,10.098860263824463,839,10.45531153678894,839,12.660869598388672,825,13.45616602897644,809,13.807309627532959,809,14.432658433914185,789,14.84060263633728,789,15.146671533584595,789,15.851134061813354,788,16.187808513641357,788,16.467666625976562,780,16.99089789390564,780,17.27354097366333,778,18.55937623977661,769,18.969080448150635,766,19.937332153320312,765,20.362173795700073,765,20.70265769958496,764,21.788477182388306,764,22.555944442749023,764,24.071068048477173,764,24.358806371688843,764,25.447989225387573,764,25.75943899154663,764,26.520483255386353,764,26.798803329467773,764,27.718430995941162,764,29.236231327056885,763,29.934983253479004,763,30.585212230682373,763,31.67785930633545,763,32.01599359512329,763,33.55424690246582,761,33.88843488693237,761,34.20096755027771,761,35.29561758041382,757,35.62361168861389,757,35.944756746292114,757,36.64785861968994,757,36.991413593292236,757,38.50020360946655,757,38.79616928100586,757,39.769895792007446,757,40.55123972892761,757,40.83738613128662,757,42.37197279930115,757,42.670374393463135,757,43.018497705459595,757,44.00602889060974,757,44.79646897315979,757,45.09347724914551,757,46.61105275154114,757,46.92052507400513,757,47.22401428222656,757,47.985679626464844,757,49.48594641685486,757,49.77491903305054,757,50.08966422080994,757,50.85038352012634,757,51.16028022766113,757,51.52059841156006,757,53.03807020187378,757,54.00796890258789,757,54.31704616546631,757,54.976401567459106,757,55.698086738586426,757,56.01973342895508,757,57.55535864830017,757,57.8593590259552,757,58.83405423164368,757,59.126017808914185,757,60.017518758773804
13,random_graphs/triangle/r1.5k24n16/graph13.lgbin,2467,59.707085371017456,1211,1501,0,1400,1.822880506515503,1292,58.48147797584534,1243,59.753702878952026,1211,60.10225987434387
14,random_graphs/triangle/r1.5k24n16/graph14.lgbin,2467,54.57288455963135,794,1566,0,1432,10.407023191452026,1282,10.83951187133789,1211,14.511363744735718,1195,18.03625750541687,1070,18.381986618041992,981,18.711101770401,955,19.03968906402588,867,19.43988871574402,850,19.755631685256958,850,20.030393362045288,840,20.326521158218384,840,23.097910165786743,819,24.106329202651978,801,24.52355408668518,801,24.902818202972412,801,26.229198694229126,801,26.518125534057617,799,26.888376474380493,799,27.211504697799683,797,27.52992081642151,797,29.73145318031311,797,30.097485780715942,797,31.015864372253418,797,31.34547448158264,797,32.40404295921326,797,34.62177300453186,794,34.95730400085449,794,35.32590579986572,794,35.595916986465454,794,35.92310309410095,794,36.18717575073242,794,36.56233525276184,794,38.756521701812744,794,39.0259907245636,794,40.03057909011841,794,40.362324237823486,794,40.65285062789917,794,40.927223205566406,794,43.13696527481079,794,43.533191204071045,794,44.52964520454407,794,45.65601825714111,794,45.99003553390503,794,46.27617812156677,794,46.66128706932068,794,48.8858528137207,794,49.16048789024353,794,50.17238402366638,794,51.08800029754639,794,51.37960886955261,794,51.71212339401245,794,52.08845496177673,794,52.37033653259277,794,54.5760235786438,794,54.87771439552307,794,55.26125955581665,794,57.475581645965576,794,59.71057057380676,794,60.00017833709717
15,random_graphs/triangle/r1.5k24n16/graph15.lgbin,2467,58.642333030700684,903,1960,0,1850,34.58062934875488,1770,37.42562651634216,1593,46.37268590927124,1465,47.015334367752075,1209,47.586724519729614,1116,49.37935280799866,995,49.75768232345581,954,50.222564458847046,950,51.03107690811157,946,51.477338790893555,905,51.93467593193054,904,57.95105576515198,903,58.329440116882324,903,59.907764196395874,903,60.10175967216492
16,random_graphs/triangle/r1.5k24n16/graph16.lgbin,2467,52.897719383239746,818,1889,0,1800,3.149901866912842,1670,4.504342317581177,1499,5.814521312713623,1403,6.700454473495483,1237,13.656844854354858,1228,14.236180782318115,1146,19.890503883361816,1104,21.321717977523804,920,21.902233600616455,897,22.28512930870056,864,22.716063261032104,853,23.562790632247925,837,24.37992787361145,829,24.756312131881714,826,25.289235591888428,824,26.47077488899231,824,27.22664499282837,824,28.306509733200073,824,28.612162590026855,824,28.934831380844116,819,29.26675033569336,818,30.157822132110596,818,30.46854591369629,818,30.97325587272644,818,31.999549865722656,818,33.066794633865356,818,33.41408920288086,818,33.69001889228821,818,34.20263171195984,818,34.926180601119995,818,35.22975444793701,818,36.31144857406616,818,36.66250801086426,818,37.54076337814331,818,37.82895255088806,818,38.40904927253723,818,38.914331674575806,818,39.2184157371521,818,40.2908890247345,818,41.189361333847046,818,41.533302307128906,818,41.85389018058777,818,42.35858607292175,818,42.67380475997925,818,43.55622148513794,818,43.90359044075012,818,44.29404282569885,818,44.797345876693726,818,45.10602521896362,818,46.141621112823486,818,47.21415114402771,818,48.11164665222168,818,48.386439085006714,818,48.89590549468994,818,49.21274447441101,818,49.552637577056885,818,50.6237998008728,818,50.944836378097534,818,51.47689151763916,818,51.78175497055054,818,52.07978320121765,818,52.42270541191101,818,53.49292755126953,818,54.45748233795166,818,54.77669310569763,818,55.286919593811035,818,55.6117045879364,818,56.67489814758301,818,57.55983638763428,818,57.846579790115356,818,58.188544034957886,818,59.26706504821777,818,59.99894332885742,818,60.104695081710815
17,random_graphs/triangle/r1.5k24n16/graph17.lgbin,2467,58.7019829750061,933,1711,0,1599,0.433779239654541,1517,0.9575502872467041,1387,2.197122812271118,1284,17.11758589744568,1186,17.479992628097534,1172,43.22344183921814,1082,44.02576756477356,1002,44.92900085449219,1002,45.22111463546753,1002,45.67787289619446,978,46.05585813522339,976,46.98918867111206,969,47.346341133117676,933,52.548866510391235,933,60.119848012924194
18,random_graphs/triangle/r1.5k24n16/graph18.lgbin,2467,55.89070773124695,671,1595,0,1469,3.104154109954834,1332,5.637489080429077,1173,9.243950605392456,1018,9.692626476287842,990,10.347816467285156,915,10.936675071716309,863,15.782939672470093,791,16.2368323802948,791,16.60922384262085,749,17.09214735031128,748,18.1800274848938,748,22.144476890563965,747,22.5056369304657,741,22.887848615646362,734,23.25872564315796,722,23.81352710723877,722,25.225853204727173,722,26.305325746536255,722,26.678375959396362,719,35.16064786911011,719,35.546870946884155,719,35.872342109680176,719,39.96481394767761,713,40.67167282104492,713,41.366156816482544,704,41.782679319381714,701,42.24105143547058,701,42.631542682647705,701,43.489203691482544,701,43.79817295074463,693,44.19138431549072,688,44.631922006607056,688,44.98831224441528,688,45.30735206604004,685,45.58030605316162,684,45.95993423461914,684,53.1432044506073,681,53.500553131103516,673,53.88511323928833,673,54.17366814613342,671,54.544477224349976,671,54.8619909286499,671,60.11462450027466
19,random_graphs/triangle/r1.5k24n16/graph19.lgbin,2467,54.8714017868042,822,1686,0,1569,3.1021742820739746,1463,3.4566609859466553,1388,5.918320894241333,1308,14.129030227661133,1250,18.24380111694336,1159,18.622817277908325,1041,18.97882080078125,957,19.839311838150024,948,20.180081605911255,944,23.773495197296143,933,25.564016103744507,908,25.946014881134033,902,26.26029634475708,895,26.619168281555176,861,27.0745632648468,861,27.465042114257812,861,27.764192819595337,856,28.130513668060303,852,28.452661275863647,852,28.713403463363647,852,29.01436710357666,852,32.06861090660095,849,33.4874541759491,845,34.84833741188049,843,36.68142080307007,843,38.28550457954407,843,38.55839967727661,843,38.94468116760254,843,39.248215436935425,843,39.55227828025818,843,39.82316470146179,843,42.38086795806885,843,42.64627385139465,843,42.95356345176697,843,43.25463533401489,843,43.55908966064453,842,43.871352195739746,840,44.17388033866882,840,46.74265193939209,840,48.669294118881226,834,49.02100205421448,834,49.3325719833374,834,49.63704490661621,831,49.93598675727844,829,50.45999503135681,829,52.25178623199463,829,54.83588147163391,829,56.305505990982056,829,57.66475749015808,829,57.97258973121643,823,58.765055894851685,822,59.08092761039734,822,60.10538291931152
20,random_graphs/triangle/r1.5k24n16/graph20.lgbin,2467,55.47877049446106,1000,1946,0,1828,0.40084266662597656,1689,13.377363920211792,1552,14.347640991210938,1385,14.814579963684082,1238,15.228299856185913,1207,15.5881826877594,1136,15.9161856174469,1113,21.275871992111206,1112,22.026105642318726,1079,22.39341902732849,1068,22.731159925460815,1063,23.05444359779358,1049,23.67710781097412,1049,28.40345549583435,1047,28.67594885826111,1047,28.96184229850769,1038,29.45722770690918,1038,29.88196611404419,1038,30.271013021469116,1034,30.5489661693573,1034,35.27389478683472,1034,35.55160665512085,1032,35.836546421051025,1032,36.10995888710022,1032,36.37191438674927,1032,36.78033781051636,1019,37.13233399391174,1019,37.42235493659973,1019,43.45748472213745,1019,44.520397901535034,1019,44.794713497161865,1019,45.048553705215454,1016,45.6891450881958,1014,46.05490064620972,1011,46.424559354782104,1011,46.74151158332825,1011,47.01422595977783,1011,51.78561091423035,1011,52.03815293312073,1011,52.347320795059204,1009,52.65221095085144,1009,52.92287802696228,1009,53.950674057006836,1009,58.689669609069824,1002,59.03569746017456,1000,59.36627554893494,1000,59.643686294555664,1000,59.96986651420593,1000,60.098792552948
21,random_graphs/triangle/r1.5k24n16/graph21.lgbin,2467,51.09372925758362,838,1758,0,1633,2.690333604812622,1557,3.7355496883392334,1511,5.635639429092407,1375,8.362248659133911,1205,9.246334791183472,1094,9.964308261871338,1039,11.226409435272217,965,13.069973945617676,938,13.429598808288574,929,14.97532606124878,926,15.829957723617554,921,16.19860339164734,917,16.635695934295654,917,16.93069577217102,915,17.89289927482605,914,18.37739109992981,914,18.746419191360474,914,19.337643146514893,910,19.68911910057068,894,20.022347450256348,894,21.26380467414856,886,21.61802625656128,886,23.204509258270264,886,23.939659118652344,885,24.27703356742859,885,24.568608283996582,885,24.875824213027954,885,25.24551296234131,885,25.952056646347046,885,27.365054607391357,885,27.655335426330566,884,27.97797203063965,884,28.26773166656494,877,28.652199268341064,877,28.969528913497925,874,30.08551597595215,874,30.396141052246094,874,31.820289850234985,874,32.120341062545776,873,32.56706357002258,872,32.87641882896423,859,33.27443766593933,857,33.629793882369995,856,33.992111682891846,856,34.30205464363098,853,34.64283895492554,853,34.93498873710632,853,35.32340908050537,853,36.000038623809814,853,36.391077518463135,853,37.209824085235596,853,38.66803026199341,852,39.05128812789917,850,39.39643168449402,845,39.7274010181427,845,40.011791706085205,845,40.334134578704834,845,40.62217307090759,845,40.91556644439697,845,42.33722424507141,845,43.0249080657959,844,43.9274537563324,844,44.219162702560425,840,44.57333016395569,839,45.003366470336914,839,46.45968985557556,839,47.167139291763306,839,47.64226245880127,839,48.214133977890015,839,48.51443791389465,839,48.86607336997986,839,50.16159796714783,839,51.59804844856262,839,51.89481067657471,839,52.23506832122803,838,52.54848122596741,838,52.855342388153076,838,53.162773847579956,838,54.58123755455017,838,54.86687755584717,838,55.45372557640076,838,55.759138345718384,838,56.1409273147583,838,56.42891883850098,838,57.23701739311218,838,57.543899059295654,838,57.937156438827515,838,58.23219108581543,838,58.57279396057129,838,60.03933024406433
22,random_graphs/triangle/r1.5k24n16/graph22.lgbin,2467,56.027347564697266,869,1720,0,1607,0.7726678848266602,1478,4.483464479446411,1331,4.959932327270508,1179,9.626688003540039,1123,10.025636196136475,1090,11.252785444259644,1034,12.855465650558472,981,19.281479597091675,954,19.623945713043213,925,20.177971363067627,925,21.477546453475952,925,27.278565168380737,922,27.598374843597412,922,27.876808166503906,922,28.165655374526978,901,28.53475260734558,896,28.863090991973877,896,30.199344635009766,896,30.522062301635742,896,32.50428557395935,890,37.44634032249451,890,40.70340919494629,880,41.038861989974976,880,42.53511071205139,880,42.80482363700867,880,43.076295375823975,880,46.28777503967285,875,46.892059564590454,875,47.30554151535034,875,48.83134055137634,874,49.150813579559326,874,49.44076657295227,870,49.77528715133667,870,50.06908941268921,869,50.42118787765503,869,53.16981053352356,869,54.6899254322052,869,55.068756341934204,869,56.57973551750183,869,56.86602258682251,869,57.13303232192993,869,57.514220237731934,869,59.037981271743774,869,60.16334247589111
23,random_graphs/triangle/r1.5k24n16/graph23.lgbin,2467,54.57554793357849,821,1759,0,1671,6.672989130020142,1487,7.059059143066406,1413,7.477566719055176,1360,7.927509784698486,1175,14.335047006607056,1072,14.71065640449524,986,15.367628335952759,904,16.896398305892944,904,17.308493614196777,903,17.69253373146057,894,18.063032388687134,894,19.325692176818848,887,19.755472421646118,874,21.46109938621521,874,22.877657175064087,863,23.203415632247925,852,23.63641595840454,851,23.90337610244751,851,24.259020805358887,851,24.610557556152344,851,25.82860565185547,851,26.111372709274292,844,26.46458601951599,844,26.812616109848022,844,27.911956548690796,842,28.2302303314209,842,28.49221706390381,842,40.16774106025696,842,40.50954461097717,839,40.89639496803284,839,41.22407579421997,839,41.56223797798157,839,42.66979789733887,839,44.12523937225342,839,44.38952708244324,839,44.71339964866638,836,45.11529040336609,836,46.19772934913635,836,46.48989248275757,836,47.8875195980072,822,48.601216554641724,822,49.33034300804138,821,49.63789629936218,821,49.893044233322144,821,50.21974301338196,821,51.303361654281616,821,51.634854316711426,821,51.90078020095825,821,52.629173278808594,821,52.95437264442444,821,54.04256296157837,821,54.36310958862305,821,54.62730884552002,821,54.97530674934387,821,55.706921100616455,821,55.95992875099182,821,56.25101184844971,821,60.10354685783386
24,random_graphs/triangle/r1.5k24n16/graph24.lgbin,2467,53.28791308403015,845,1773,0,1677,5.445620775222778,1573,5.866611480712891,1382,6.68331241607666,1251,13.541972160339355,1202,13.926337480545044,1113,15.064995527267456,1084,15.47093415260315,995,16.24102282524109,949,17.91722011566162,915,18.253719568252563,908,19.915218114852905,908,21.302106618881226,908,21.61924934387207,892,21.993616342544556,886,22.32848310470581,869,22.69785976409912,855,23.092794179916382,852,23.473233222961426,852,24.038896560668945,850,24.358322381973267,850,24.660075187683105,845,25.01985478401184,845,25.293630838394165,845,26.694904088974,845,27.214085817337036,845,27.51684284210205,845,27.778632640838623,845,28.074300050735474,845,28.409104347229004,845,29.807888746261597,845,30.11270236968994,845,30.409278869628906,845,31.429232120513916,845,32.69595718383789,845,33.02735662460327,845,34.41901230812073,845,34.71914529800415,845,35.03406262397766,845,36.05606293678284,845,36.324137926101685,845,36.62506175041199,845,38.205095052719116,845,39.59763717651367,845,39.93062901496887,845,40.229795694351196,845,40.50552773475647,845,40.799115896224976,845,41.81383776664734,845,43.195603132247925,845,43.54132151603699,845,43.8405339717865,845,45.11068391799927,845,45.42813158035278,845,46.828954219818115,845,47.159422159194946,845,47.46054744720459,845,47.71747899055481,845,48.01352834701538,845,49.40367031097412,845,49.70320701599121,845,51.94479990005493,845,53.225104093551636,845,53.50697159767151,845,53.80258750915527,845,55.19907569885254,845,55.50005602836609,845,56.760873556137085,845,57.093202352523804,845,57.41187620162964,845,58.815425157547,845,59.116570234298706,845,60.09852910041809
25,random_graphs/triangle/r1.5k24n16/graph25.lgbin,2467,54.67295575141907,884,1924,0,1767,7.596795558929443,1622,7.985790491104126,1553,8.8492431640625,1415,10.3251633644104,1345,10.808845043182373,1262,14.157172203063965,1131,14.537858963012695,1040,14.912658929824829,1040,18.25698184967041,1010,18.800565004348755,1010,19.12360143661499,1006,20.060153007507324,1002,20.59162473678589,994,20.931843042373657,983,21.333985567092896,976,26.23689866065979,976,26.524962663650513,976,26.807763814926147,976,27.09767508506775,976,28.365760803222656,976,31.952066898345947,970,32.307782888412476,970,32.61800265312195,957,32.97344732284546,956,33.314383029937744,936,33.65985107421875,936,33.955682039260864,918,34.271567583084106,918,34.53163003921509,892,34.863606452941895,892,35.18961715698242,890,35.455201387405396,890,38.860851526260376,890,42.27735376358032,889,42.657344341278076,889,42.976794719696045,886,43.29333233833313,886,43.61248588562012,886,43.87981700897217,886,44.20498180389404,886,44.46689534187317,886,47.85856866836548,884,48.23098921775818,884,48.529273986816406,884,48.80078864097595,884,49.08880925178528,884,49.357588052749634,884,52.7589430809021,884,53.072428703308105,884,53.49636220932007,884,53.76249551773071,884,54.02184224128723,884,54.28787302970886,884,57.644718170166016,884,57.95963501930237,884,58.23134231567383,884,60.10459303855896
26,random_graphs/triangle/r1.5k24n16/graph26.lgbin,2467,58.60650658607483,930,1896,0,1818,1.3532600402832031,1726,2.7921035289764404,1605,14.847607612609863,1454,15.62821888923645,1231,16.081753253936768,1139,16.955498695373535,1055,19.643405437469482,1039,32.76358509063721,1039,46.055381774902344,996,46.416003465652466,989,47.770074129104614,970,48.143818616867065,965,48.51628756523132,962,48.909135818481445,949,49.352089643478394,930,55.584216833114624,930,60.25569534301758
27,random_graphs/triangle/r1.5k24n16/graph27.lgbin,2467,56.91706418991089,816,1554,0,1373,7.691359519958496,1310,13.557419300079346,1201,13.907267808914185,1099,15.389316082000732,1019,15.818517446517944,1010,23.185249090194702,960,23.546350955963135,909,23.870579719543457,891,24.25188899040222,866,24.541125297546387,866,31.37840962409973,866,31.661604404449463,865,34.546510457992554,861,35.67994236946106,851,36.86497235298157,844,37.42001485824585,842,37.76896047592163,841,42.15680742263794,837,42.555227279663086,837,42.8711633682251,837,43.99939703941345,834,44.37669563293457,828,45.16085076332092,828,45.9822723865509,828,46.72505331039429,821,47.07321572303772,821,52.2946093082428,821,52.58109092712402,821,52.861488342285156,821,53.16055345535278,821,54.862523555755615,816,55.66621255874634,816,56.12085485458374,816,60.09837055206299
28,random_graphs/triangle/r1.5k24n16/graph28.lgbin,2467,56.42780685424805,837,1687,0,1600,0.889672040939331,1431,1.2645795345306396,1343,11.081603050231934,1185,11.793205738067627,1168,12.340720653533936,1109,12.756927728652954,1011,15.291457891464233,941,16.20556139945984,941,24.40309715270996,941,24.76847004890442,941,25.127447843551636,939,25.6712167263031,939,26.328001022338867,894,26.676515340805054,894,37.09638738632202,892,37.79966497421265,891,38.16330695152283,886,38.56514382362366,882,38.9295928478241,882,39.64030408859253,882,39.94403839111328,882,40.94650220870972,871,41.38535404205322,870,41.79197835922241,867,43.36022138595581,867,43.731879472732544,867,54.07920837402344,866,54.4432110786438,866,54.748708724975586,866,55.118685722351074,863,55.72213125228882,849,56.15678572654724,840,57.073447465896606,840,57.47428631782532,840,58.005017042160034,837,58.299988985061646,837,58.592485666275024,837,59.24141263961792,837,60.115626096725464
29,random_graphs/triangle/r1.5k24n16/graph29.lgbin,2467,51.231938123703,816,1887,0,1767,3.612396240234375,1642,4.028447866439819,1534,6.211797475814819,1336,7.304373025894165,1262,9.249367952346802,1179,9.933595418930054,1070,10.760291814804077,934,11.382385492324829,934,12.830050468444824,902,13.547962665557861,877,13.916966676712036,872,14.285139799118042,860,15.220298051834106,855,15.847223043441772,841,16.177586793899536,841,16.529207468032837,841,17.45746660232544,841,17.73425602912903,835,18.08543062210083,835,18.410327434539795,833,18.79432725906372,831,19.638196229934692,829,19.960764408111572,825,20.446037769317627,823,20.775400161743164,823,21.121143579483032,823,21.39321541786194,822,21.722378253936768,822,22.92003870010376,822,23.198790788650513,818,23.581491708755493,818,24.09103512763977,818,25.459107875823975,818,25.798346519470215,817,26.06427526473999,817,26.329692602157593,817,26.629408359527588,817,26.93845796585083,817,28.30571722984314,817,28.654342889785767,817,28.997496604919434,816,29.403208017349243,816,29.695586442947388,816,29.99873447418213,816,30.292210817337036,816,31.65762686729431,816,31.99240779876709,816,32.896406173706055,816,33.165748596191406,816,33.4570791721344,816,34.848660945892334,816,35.20002293586731,816,35.73564076423645,816,36.02264595031738,816,37.42080283164978,816,37.69260263442993,816,38.00233340263367,816,38.335187673568726,816,38.79144048690796,816,39.65350294113159,816,39.942299604415894,816,41.33161783218384,816,41.60384941101074,816,41.913047075271606,816,42.264561891555786,816,42.55999159812927,816,42.852370262145996,816,44.23705577850342,816,44.505265951156616,816,44.80535125732422,816,45.11498951911926,816,45.4152467250824,816,46.77959656715393,816,47.096829652786255,816,47.37135910987854,816,47.67506170272827,816,48.57415175437927,816,49.98261117935181,816,50.345022678375244,816,50.80028796195984,816,51.08999443054199,816,52.081674575805664,816,53.4897665977478,816,53.78596591949463,816,54.14905524253845,816,55.37536096572876,816,55.68442153930664,816,57.08354592323303,816,57.37702441215515,816,57.64889121055603,816,57.98990321159363,816,58.83857011795044,816,60.10880923271179
30,random_graphs/triangle/r1.5k24n16/graph30.lgbin,2467,53.731953859329224,697,1679,0,1540,4.8335418701171875,1424,7.71107292175293,1244,8.179538011550903,1244,10.460592985153198,1110,14.086899757385254,1042,14.943285942077637,954,15.365388631820679,920,16.238362312316895,881,17.337558269500732,855,18.306445360183716,855,18.658210277557373,827,20.479153394699097,765,20.84339165687561,765,21.424635887145996,763,21.74265742301941,762,22.45888042449951,751,22.896723747253418,750,23.252071142196655,742,23.62815570831299,742,24.428516626358032,742,26.17203378677368,740,26.495445251464844,739,27.39443325996399,739,27.70346689224243,739,27.994678497314453,737,28.412123203277588,737,28.713624954223633,737,30.445292711257935,737,30.768204927444458,737,32.09347343444824,737,34.35047125816345,737,34.64541840553284,737,34.91436743736267,737,36.64158225059509,737,39.30040717124939,737,39.62225317955017,737,40.326701641082764,737,40.622880935668945,737,40.91165733337402,737,42.65043783187866,737,43.34672713279724,737,44.15380930900574,732,44.53223991394043,732,44.97841811180115,732,45.28337550163269,723,45.66538596153259,723,45.97942900657654,723,46.3558669090271,723,48.107319593429565,723,48.42550730705261,723,49.0166175365448,723,49.47121286392212,721,50.16179847717285,721,50.61934185028076,721,51.57219171524048,721,53.32792949676514,721,54.64787173271179,697,55.030396461486816,697,55.34082627296448,697,55.63656497001648,697,56.01585555076599,697,56.73249650001526,697,57.04590702056885,697,57.34578895568848,697,57.63684272766113,697,60.112300872802734
31,random_graphs/triangle/r1.5k24n16/graph31.lgbin,2467,58.727503299713135,971,1703,0,1523,0.9028072357177734,1431,1.2913522720336914,1299,8.914674282073975,1215,9.64094352722168,1203,25.979220390319824,1183,30.42094612121582,1118,31.37377429008484,1065,31.796213150024414,1026,32.41298007965088,1026,33.01220512390137,1018,33.40070176124573,1014,34.01455521583557,1006,34.39319920539856,1000,35.631145000457764,996,36.26137375831604,971,60.254003286361694
32,random_graphs/triangle/r1.5k24n16/graph32.lgbin,2467,59.72247672080994,1108,1696,0,1537,1.3745696544647217,1427,27.848532676696777,1318,33.21490669250488,1241,36.011698484420776,1109,36.4714572429657,1108,60.292219161987305
33,random_graphs/triangle/r1.5k24n16/graph33.lgbin,2467,55.92142653465271,903,1867,0,1762,2.4771838188171387,1652,3.1164093017578125,1538,20.411316394805908,1463,24.611743927001953,1405,26.691834211349487,1326,27.723840713500977,1276,28.0847110748291,1203,29.83743906021118,1108,30.15510845184326,1049,32.680259227752686,1049,34.25177812576294,1049,34.51572871208191,1034,36.3520405292511,1029,36.699644565582275,1025,37.825923681259155,1025,38.13913130760193,1024,39.776861906051636,1024,40.60609292984009,1009,41.34130048751831,1004,41.72230935096741,992,42.06053376197815,992,42.364036321640015,992,45.546324491500854,985,45.84658122062683,985,46.097864866256714,973,46.443740367889404,973,46.76167917251587,968,47.50325298309326,968,48.71664762496948,958,49.12141752243042,957,49.686742067337036,945,50.03067135810852,945,53.16701531410217,945,53.465789794921875,927,53.92145657539368,927,54.1676287651062,918,54.50605821609497,916,54.84767556190491,916,55.134377241134644,916,58.30384373664856,916,58.5519495010376,903,58.90067100524902,903,59.16727614402771,903,60.03535771369934
34,random_graphs/triangle/r1.5k24n16/graph34.lgbin,2467,56.0753071308136,956,1877,0,1794,3.130743980407715,1653,5.324910402297974,1482,7.0508716106414795,1398,7.438751220703125,1277,8.056370258331299,1237,8.473856925964355,1173,8.85709524154663,1096,17.47595739364624,1073,18.744905710220337,1072,24.655686855316162,1048,25.42771291732788,1016,26.043273210525513,1013,26.43124008178711,1008,26.88189172744751,1005,30.581640243530273,1005,30.89790940284729,994,31.279216766357422,994,31.523773193359375,994,31.825693607330322,986,32.289807081222534,983,33.53258037567139,982,33.88457703590393,982,34.180856704711914,982,36.952107191085815,980,37.792747497558594,980,38.6463406085968,978,38.90201115608215,975,39.216875314712524,975,39.496928453445435,965,39.88972210884094,965,40.20077419281006,965,40.57745909690857,965,43.63247585296631,963,44.01676654815674,963,44.335519790649414,961,45.569607734680176,961,46.55263042449951,961,46.84657907485962,959,47.15447425842285,956,51.16860747337341,956,60.11375093460083
35,random_graphs/triangle/r1.5k24n16/graph35.lgbin,2467,53.714303970336914,805,1680,0,1562,1.387357234954834,1413,7.4425904750823975,1307,8.006709814071655,1259,8.758286714553833,1197,10.516002655029297,1139,11.575118064880371,1107,11.949636220932007,986,12.42031455039978,892,12.82824158668518,892,13.178055047988892,892,14.68660020828247,882,15.034688472747803,869,15.773939847946167,851,16.692964553833008,843,17.097352027893066,843,19.022289991378784,832,19.36575746536255,832,19.709421634674072,832,20.076135873794556,832,20.413137674331665,815,20.91570258140564,815,21.362597942352295,815,25.48201560974121,815,27.41408896446228,814,27.76467728614807,813,28.398242950439453,813,28.687395572662354,813,29.044376134872437,813,29.393451690673828,810,29.78015661239624,810,30.73260498046875,810,31.05099630355835,810,31.341986894607544,810,33.300655126571655,810,33.739983797073364,810,34.682929039001465,810,34.99229669570923,809,37.99453926086426,809,38.37493920326233,805,38.77249884605408,805,41.063347578048706,805,41.40824294090271,805,42.34981918334961,805,42.6572630405426,805,42.9333279132843,805,43.288145780563354,805,44.34053421020508,805,45.28599452972412,805,45.59365510940552,805,45.95182681083679,805,46.244136333465576,805,48.54750061035156,805,49.48953080177307,805,49.78969860076904,805,50.17890286445618,805,50.53102660179138,805,51.59466218948364,805,53.89557695388794,805,54.842148780822754,805,55.13201713562012,805,55.51431393623352,805,57.12039279937744,805,57.433958768844604,805,59.73273181915283,805,60.049426317214966
36,random_graphs/triangle/r1.5k24n16/graph36.lgbin,2467,59.00103449821472,863,1564,0,1470,3.434471607208252,1380,32.44266939163208,1294,32.9029107093811,1163,35.66593861579895,1092,37.4961154460907,1034,37.88587403297424,936,38.241775035858154,899,54.1361448764801,876,55.45747423171997,864,56.74612522125244,863,58.71571087837219,863,60.10353088378906
37,random_graphs/triangle/r1.5k24n16/graph37.lgbin,2467,53.09342861175537,760,1726,0,1494,0.4230990409851074,1324,10.341363191604614,1231,11.705878973007202,1143,13.053250551223755,1082,13.46540379524231,998,16.324814558029175,944,19.984832525253296,939,21.163581371307373,912,21.524634838104248,895,21.833820819854736,860,22.84021306037903,844,23.647387266159058,844,24.866554975509644,841,25.61279559135437,838,26.042815685272217,838,26.36918067932129,813,26.71423625946045,804,27.050020933151245,803,27.722277879714966,801,28.16728639602661,801,28.466886043548584,801,28.844981908798218,774,29.281882762908936,774,29.577921867370605,774,30.781321048736572,767,31.108609676361084,767,31.433125257492065,766,31.70506453514099,766,31.979624032974243,766,32.30221080780029,765,36.154422998428345,765,36.435489892959595,765,36.79076266288757,765,37.91098642349243,765,39.05246686935425,765,39.36822152137756,765,40.47477316856384,765,43.64050316810608,765,43.96633291244507,765,44.26382398605347,765,44.58553647994995,765,44.94486689567566,765,46.05878400802612,764,46.377870082855225,764,49.497623920440674,764,49.81873345375061,764,50.17613911628723,764,51.28947353363037,763,51.690327167510986,763,51.99578785896301,763,52.27217173576355,763,52.592307329177856,761,53.020886182785034,761,54.125991344451904,761,54.44426465034485,761,54.73847675323486,761,55.015488147735596,761,55.28960657119751,761,55.63070869445801,761,55.964468240737915,761,56.26402401924133,761,57.44376492500305,761,57.72138738632202,761,58.049516439437866,761,58.33905053138733,761,58.60837197303772,761,58.93167853355408,761,59.261720418930054,761,59.55468678474426,760,59.910317182540894,760,60.10270619392395
38,random_graphs/triangle/r1.5k24n16/graph38.lgbin,2467,52.85500407218933,799,1548,0,1424,0.4635496139526367,1329,0.8146207332611084,1277,8.096682071685791,1206,9.487903356552124,1143,10.022989749908447,1055,16.124454021453857,988,16.57159113883972,916,22.301072597503662,906,23.899250030517578,906,25.51372480392456,895,25.89462399482727,895,27.332284688949585,890,27.65488290786743,873,28.01687741279602,865,28.4699547290802,860,28.911402463912964,860,29.1798357963562,859,29.557989597320557,854,30.017112731933594,851,30.389055013656616,851,30.74446702003479,851,31.070279359817505,851,32.46888852119446,850,33.42751955986023,849,34.40176200866699,848,35.02903509140015,847,35.4475634098053,845,36.41513776779175,845,36.77654719352722,844,37.13837432861328,838,37.573758125305176,826,37.94609498977661,826,38.23263239860535,825,38.66006636619568,825,38.98640513420105,825,39.30893158912659,825,39.94451117515564,825,41.3399338722229,825,41.84967494010925,825,42.17986583709717,825,42.55850291252136,825,42.893847703933716,825,43.520782470703125,825,43.88553237915039,821,44.29163098335266,815,44.648401737213135,815,44.97180795669556,815,45.27697491645813,815,45.610225677490234,815,45.93695545196533,815,47.33647179603577,815,47.728599548339844,815,48.06746053695679,811,49.09024000167847,811,50.05879878997803,811,51.46896982192993,811,51.825777769088745,811,52.13725686073303,811,53.091925621032715,810,53.415568828582764,805,54.01670551300049,805,54.32119560241699,805,55.71963381767273,805,56.04517412185669,800,56.492655754089355,800,56.78741765022278,799,57.13816714286804,799,57.66984724998474,799,59.052616119384766,799,59.37014174461365,799,59.662341356277466,799,59.96701502799988,799,60.11379289627075
39,random_graphs/triangle/r1.5k24n16/graph39.lgbin,2467,51.123517990112305,844,1858,0,1691,1.908229112625122,1564,3.3914074897766113,1463,3.841822624206543,1398,9.718903541564941,1359,10.713802099227905,1269,13.127912759780884,1130,13.804090976715088,1067,15.082077503204346,1011,15.65048623085022,1011,16.5139217376709,1009,17.770426750183105,984,18.1959969997406,980,19.134862184524536,963,19.512800216674805,937,19.943620681762695,921,20.351125478744507,919,21.34000515937805,919,21.687875032424927,907,22.34531807899475,907,24.08773708343506,899,24.46430778503418,899,24.793097019195557,899,25.952321529388428,899,26.257068157196045,895,26.618785619735718,895,26.940916061401367,895,27.94906497001648,895,28.261702060699463,895,28.543457508087158,895,29.687624216079712,893,29.993104219436646,893,30.29488754272461,893,30.617789030075073,893,30.8855562210083,893,31.973292112350464,893,32.290016412734985,893,32.63563418388367,893,32.937782287597656,892,33.31877326965332,892,33.65118169784546,892,33.96445655822754,892,35.05297112464905,892,35.38145327568054,892,35.6780059337616,892,36.010217905044556,892,37.13383603096008,892,38.379111528396606,892,38.67858123779297,892,38.978893518447876,892,40.12223172187805,892,40.38167119026184,892,40.68029856681824,892,40.97397494316101,892,41.31232285499573,892,42.43981099128723,892,42.75715374946594,892,43.066259145736694,892,44.3169641494751,892,44.61717367172241,892,44.92050790786743,892,46.039337396621704,892,46.36711287498474,892,46.69462203979492,892,47.00044870376587,892,48.24287176132202,892,49.363901138305664,892,49.65951657295227,892,49.987633228302,892,50.3099319934845,868,50.6675009727478,868,50.97343635559082,863,51.35290217399597,863,51.671348094940186,863,51.99349045753479,863,53.126070499420166,859,53.48253536224365,859,53.782370805740356,859,54.03925704956055,853,54.41005229949951,853,54.71759819984436,853,55.02065443992615,853,55.3219838142395,853,56.458144187927246,844,56.79374718666077,844,57.099421977996826,844,57.422101736068726,844,58.42310309410095,844,59.561254262924194,844,60.11622190475464
40,random_graphs/triangle/r1.5k24n16/graph40.lgbin,2467,57.16457939147949,831,1800,0,1741,1.1001689434051514,1593,5.493305444717407,1549,6.585618019104004,1422,9.79736876487732,1150,10.570707082748413,1074,29.97230577468872,1059,30.44311761856079,959,30.748284816741943,888,31.07102632522583,885,36.89280962944031,885,37.201820611953735,870,38.077263593673706,870,38.33882474899292,854,38.724271297454834,848,39.10653829574585,848,39.41649866104126,836,39.83457374572754,836,40.13711881637573,836,41.197235107421875,835,44.2583065032959,832,44.56088185310364,832,44.82218265533447,831,50.45302057266235,831,50.71379804611206,831,51.023444175720215,831,52.1030330657959,831,58.34340858459473,831,58.600297689437866,831,58.86423850059509,831,59.178035259246826,831,59.544779777526855,831,60.10771203041077
41,random_graphs/triangle/r1.5k24n16/graph41.lgbin,2467,57.183404207229614,831,1681,0,1569,12.313135862350464,1444,13.540427923202515,1372,13.873120546340942,1292,14.331516981124878,1093,15.719939231872559,969,16.213955402374268,959,20.95114541053772,928,21.36103630065918,884,22.24333143234253,859,29.876452207565308,856,30.42048978805542,844,30.77078890800476,842,37.314005613327026,842,39.473254442214966,840,39.89919185638428,840,40.19550395011902,835,46.111196517944336,834,47.32860994338989,833,47.68621635437012,833,47.977617025375366,833,48.393718957901,833,48.68586301803589,833,49.80824875831604,831,50.190765142440796,831,50.49651336669922,831,52.481229305267334,831,52.82923102378845,831,53.22872233390808,831,53.51292133331299,831,53.80441331863403,831,60.10768747329712
42,random_graphs/triangle/r1.5k24n16/graph42.lgbin,2467,59.39790678024292,940,1648,0,1529,2.210585117340088,1423,2.59525203704834,1284,2.9743916988372803,1218,4.061704158782959,1132,5.357211589813232,1038,8.168333768844604,978,30.527641773223877,941,31.175957918167114,940,60.28085660934448
43,random_graphs/triangle/r1.5k24n16/graph43.lgbin,2467,56.05175065994263,841,1725,0,1575,0.420703649520874,1471,9.636470079421997,1362,10.008593082427979,1260,10.441896915435791,1136,10.801883697509766,1089,11.276255130767822,970,22.182065725326538,926,26.908233642578125,926,27.22587561607361,902,27.570565223693848,889,27.935487985610962,889,29.662903547286987,858,30.051393747329712,857,30.354719400405884,857,33.47068500518799,857,33.78719472885132,857,34.087078332901,857,34.508153676986694,857,34.98538780212402,857,38.101802110672,855,38.43625450134277,855,38.71372079849243,851,39.653207778930664,851,43.269705295562744,851,43.58412718772888,850,43.9402596950531,850,44.210904121398926,844,44.54153895378113,844,44.82168650627136,844,45.157795429229736,844,45.4663941860199,844,45.75486612319946,844,52.17491888999939,843,52.57691788673401,843,52.87612700462341,843,53.231215953826904,842,53.56096935272217,842,53.84289622306824,842,54.18216419219971,841,54.48284387588501,841,60.10723567008972
44,random_graphs/triangle/r1.5k24n16/graph44.lgbin,2467,57.55400562286377,751,1630,0,1505,9.953747034072876,1378,13.885877847671509,1273,14.2420654296875,1224,14.995918989181519,1083,15.303752660751343,1012,15.665908813476562,849,32.603904485702515,842,39.17058038711548,803,39.603771448135376,796,42.480931758880615,791,42.841055393218994,778,43.17384433746338,770,44.079994916915894,770,49.282796144485474,770,50.192914724349976,759,50.54805874824524,759,50.81944417953491,758,51.18123006820679,758,51.446118116378784,754,51.77578282356262,754,56.990684270858765,754,57.26298522949219,753,57.58968663215637,753,57.861642599105835,751,58.148491859436035,751,58.411999225616455,751,60.103187799453735
45,random_graphs/triangle/r1.5k24n16/graph45.lgbin,2467,52.643197536468506,875,1656,0,1583,0.3846557140350342,1426,0.7754299640655518,1349,4.44425892829895,1303,6.084161996841431,1250,6.39804220199585,1130,11.512296915054321,1110,11.892611980438232,1103,13.87240481376648,1046,16.324971199035645,1028,17.05144238471985,1002,17.43226981163025,980,17.723917722702026,952,19.10231065750122,945,19.456441640853882,933,19.788716554641724,932,20.769092559814453,919,21.056676149368286,914,21.4150071144104,906,22.472344160079956,905,22.815417766571045,905,23.06924557685852,905,24.124152660369873,898,24.41502547264099,898,24.65849733352661,896,25.01981472969055,896,25.303632020950317,892,25.663840293884277,891,27.48564338684082,891,29.003376722335815,891,29.302868604660034,886,30.131760597229004,883,31.132116317749023,883,33.10123586654663,883,33.38843107223511,883,34.25128126144409,882,34.5463981628418,882,34.79137372970581,882,35.1042320728302,882,36.59773635864258,882,38.06527066230774,882,38.348599672317505,882,39.19458866119385,879,39.473071575164795,879,39.71426248550415,879,40.015026807785034,879,40.3054096698761,879,40.61288404464722,879,42.05270576477051,879,42.33901596069336,879,43.19880247116089,879,43.45155930519104,879,44.62732267379761,879,44.94409799575806,879,45.80787706375122,879,46.051857471466064,877,46.34496784210205,877,46.64264130592346,876,46.990330934524536,876,47.25967240333557,876,48.605217695236206,876,48.905399560928345,875,49.277957916259766,875,49.56310963630676,875,51.413604974746704,875,51.66183423995972,875,51.95606732368469,875,52.815753698349,875,53.120633363723755,875,53.39558482170105,875,53.698460817337036,875,54.5389358997345,875,55.99688911437988,875,56.281798124313354,875,56.59814524650574,875,58.06128287315369,875,58.34648132324219,875,58.61371350288391,875,59.46926474571228,875,59.770684242248535,875,60.06606364250183
46,random_graphs/triangle/r1.5k24n16/graph46.lgbin,2467,51.87025022506714,894,1804,0,1685,0.5409560203552246,1539,6.564463376998901,1381,7.217440128326416,1371,9.345648527145386,1238,10.306857347488403,1119,10.650617361068726,988,11.072536945343018,988,11.390523910522461,984,12.253401279449463,978,12.582288265228271,959,12.966354608535767,943,13.269215106964111,936,13.62906289100647,936,15.681755304336548,926,16.011099815368652,905,16.353879928588867,902,16.63652276992798,902,16.9342622756958,897,17.26975417137146,897,17.566946029663086,897,17.877117156982422,897,18.67554211616516,897,20.732810020446777,897,21.0229434967041,897,21.32587480545044,896,21.685704231262207,896,21.986679792404175,895,22.334702491760254,895,22.644778966903687,895,23.4026620388031,895,25.41619849205017,895,25.697630882263184,895,25.996667623519897,895,26.325291633605957,895,26.63483214378357,895,27.399133920669556,895,29.42328381538391,895,29.701805591583252,895,30.0037784576416,895,30.312684535980225,895,30.62035894393921,895,31.237435817718506,895,33.26545834541321,895,33.54962611198425,894,33.931217193603516,894,34.26704120635986,894,34.59443545341492,894,35.401782274246216,894,35.70156931877136,894,37.71001100540161,894,37.98717212677002,894,38.297269344329834,894,38.62432789802551,894,38.887680768966675,894,39.18936467170715,894,41.220261096954346,894,41.50032567977905,894,41.80621671676636,894,42.1070191860199,894,42.37499785423279,894,42.68127727508545,894,44.70225644111633,894,44.979119062423706,894,45.28678011894226,894,45.57111716270447,894,45.872196674346924,894,47.887434244155884,894,48.17064094543457,894,48.46343207359314,894,48.79644155502319,894,49.10002589225769,894,51.11891531944275,894,51.397653341293335,894,51.702932596206665,894,52.03979182243347,894,52.33893418312073,894,52.6427640914917,894,54.666651248931885,894,54.94646120071411,894,55.24919390678406,894,55.58393096923828,894,55.929346323013306,894,57.96170687675476,894,58.243133306503296,894,58.53938341140747,894,58.885639905929565,894,60.10521602630615
47,random_graphs/triangle/r1.5k24n16/graph47.lgbin,2467,55.748817920684814,733,1679,0,1569,0.42495179176330566,1469,1.5181314945220947,1331,4.514254570007324,1169,8.030613899230957,1098,8.381186485290527,951,8.990957736968994,871,14.921484470367432,822,15.32799744606018,822,18.423482179641724,797,18.724438905715942,783,27.109296321868896,782,27.960365533828735,779,28.437596321105957,774,28.81747269630432,765,29.17082381248474,763,29.59606909751892,763,32.34217691421509,763,33.27416920661926,763,33.74240803718567,762,34.468512535095215,762,34.78805494308472,761,35.61816644668579,761,36.44829869270325,760,36.815021276474,760,37.72196865081787,760,38.510684967041016,760,40.19614768028259,760,43.30037832260132,759,43.96402192115784,759,44.882038593292236,756,45.20365500450134,756,47.961703062057495,753,48.312862157821655,753,48.734607458114624,749,49.03757905960083,749,49.343631744384766,749,52.44462990760803,740,53.02903747558594,740,53.302764892578125,740,54.13093066215515,737,54.423585414886475,734,54.77678084373474,734,55.54034996032715,734,55.803696393966675,734,58.92877674102783,734,59.216717004776,733,59.648823499679565,733,60.09743309020996
48,random_graphs/triangle/r1.5k24n16/graph48.lgbin,2467,61.38633608818054,1614,1752,0,1614,61.49262571334839
49,random_graphs/triangle/r1.5k24n16/graph49.lgbin,2467,49.27805423736572,730,1598,0,1470,0.8225083351135254,1312,1.4461581707000732,1199,2.1164727210998535,1123,2.7227940559387207,1005,3.503164529800415,927,3.941495180130005,858,5.131064414978027,851,5.742338180541992,851,6.1237711906433105,826,6.860773324966431,792,7.269543409347534,768,7.62198805809021,752,8.489914655685425,752,9.344156503677368,749,9.715392589569092,747,10.057331800460815,747,10.33559513092041,747,10.642593145370483,747,11.3233642578125,744,12.13615870475769,743,12.652618408203125,743,13.150070428848267,743,13.874488592147827,742,14.697448968887329,742,15.525971412658691,739,15.935078144073486,739,16.256843090057373,739,16.52145504951477,739,16.80299472808838,736,17.188886404037476,736,17.761866807937622,736,19.051857948303223,730,19.41600728034973,730,19.74436092376709,730,20.069834232330322,730,20.525702953338623,730,20.791126251220703,730,21.105769634246826,730,21.6054630279541,730,22.162231922149658,730,22.43661069869995,730,23.15141797065735,730,23.45522904396057,730,23.79642128944397,730,24.06230616569519,730,24.56638741493225,730,25.286670207977295,730,25.565126419067383,730,25.894309520721436,730,26.220837354660034,730,26.72801923751831,730,27.45075011253357,730,28.751525163650513,730,29.085917472839355,730,29.59457230567932,730,29.886210441589355,730,30.227128982543945,730,30.744286060333252,730,31.06853723526001,730,31.336564779281616,730,31.66155457496643,730,31.976400136947632,730,32.709280252456665,730,33.212010860443115,730,34.55635905265808,730,34.823527336120605,730,35.149409532547,730,35.469547510147095,730,35.8097779750824,730,36.2975070476532,730,36.58009910583496,730,36.86767935752869,730,37.1967408657074,730,37.51368713378906,730,38.90568423271179,730,39.630759477615356,730,39.92503356933594,730,40.246070861816406,730,40.53891158103943,730,41.8764169216156,730,42.17877984046936,730,42.916748046875,730,43.4188346862793,730,43.7459499835968,730,44.548344373703,730,44.82408690452576,730,45.16489267349243,730,45.66163778305054,730,45.991448163986206,730,47.33510637283325,730,47.619688510894775,730,48.35866737365723,730,48.871437311172485,730,49.20955562591553,730,49.545034646987915,730,50.903608083724976,730,51.17583656311035,730,51.621580600738525,730,51.94102931022644,730,52.43239402770996,730,52.760499238967896,730,53.56269097328186,730,53.901862382888794,730,54.22493267059326,730,54.556737422943115,730,55.05755043029785,730,55.7794828414917,730,56.12416315078735,730,57.421865701675415,730,57.72331213951111,730,58.04878616333008,730,58.36913228034973,730,59.704230546951294,730,60.101072549819946
0,random_graphs/triangle/r1.5k24n16/graph0.lgbin,2495,57.8310284614563,927,1739,0,1608,1.8393936157226562,1495,10.558439016342163,1353,10.933814764022827,1230,11.54051423072815,1182,25.577531814575195,1078,26.847859621047974,1032,28.984713792800903,993,29.337239027023315,993,31.24241828918457,993,32.54176640510559,993,32.833966970443726,990,33.53810977935791,955,34.262710094451904,941,34.67903542518616,935,36.20951247215271,931,42.85873246192932,928,43.213019371032715,928,56.80192041397095,928,57.15154314041138,927,57.534907817840576,927,59.014731884002686,927,59.33001208305359,927,60.10743761062622
1,random_graphs/triangle/r1.5k24n16/graph1.lgbin,2495,53.67227864265442,805,1622,0,1527,0.9381999969482422,1388,1.3435475826263428,1308,4.445861577987671,1165,5.092020750045776,1070,5.541487216949463,984,7.010249853134155,960,7.675091028213501,937,8.229610919952393,912,11.780690908432007,903,12.57470703125,902,13.74269437789917,888,14.10541558265686,888,14.445716381072998,871,15.204076766967773,845,15.75203537940979,845,16.82276940345764,845,17.099202156066895,845,17.39296531677246,843,17.767107009887695,841,18.505451202392578,836,19.7938392162323,834,20.09270429611206,834,20.42974305152893,834,20.72748041152954,821,21.043697357177734,821,21.970651149749756,821,22.22107696533203,821,22.516361713409424,820,23.5130615234375,820,24.483715057373047,820,24.771599292755127,819,25.122027158737183,819,25.458048820495605,819,26.376147270202637,819,26.667335748672485,818,26.960120677947998,818,27.21980381011963,818,28.4063982963562,818,28.73928427696228,818,34.80053114891052,818,35.09909248352051,818,36.043004274368286,817,36.47078251838684,817,36.803996562957764,817,37.04513955116272,816,37.39512872695923,816,37.70331144332886,816,38.02156972885132,816,44.046172857284546,814,44.33834934234619,814,45.24292516708374,814,46.16364908218384,814,46.43361806869507,814,46.75316119194031,814,52.794108867645264,814,53.74622464179993,813,54.133955240249634,813,54.40336632728577,811,54.77572703361511,810,55.126338720321655,805,55.594616413116455,805,55.91842484474182,805,56.88255333900452,805,57.169750690460205,805,57.490429162979126,805,57.775729179382324,805,58.76028823852539,805,60.10845732688904
2,random_graphs/triangle/r1.5k24n16/graph2.lgbin,2495,58.73584485054016,894,1672,0,1561,9.752716064453125,1419,11.503060340881348,1292,12.666236400604248,1192,12.979699850082397,1113,14.27197551727295,981,15.340227365493774,954,16.72784662246704,936,20.112499475479126,928,20.96736454963684,910,21.35322403907776,910,24.4142062664032,904,26.797313451766968,903,28.001673698425293,899,29.127338409423828,894,60.14189648628235
3,random_graphs/triangle/r1.5k24n16/graph3.lgbin,2495,53.3142249584198,760,1682,0,1557,1.994577407836914,1466,2.749648332595825,1324,3.0972750186920166,1274,3.6394150257110596,1092,4.150331497192383,960,5.302253246307373,904,5.94669508934021,883,8.582628726959229,878,8.906424760818481,873,10.04317569732666,856,10.38732099533081,838,10.773382663726807,801,12.519187927246094,795,15.50128722190857,793,16.030736446380615,790,16.423004388809204,784,16.726150035858154,783,17.23881435394287,781,18.07286310195923,781,21.056594610214233,781,21.57102870941162,781,21.83912420272827,781,22.69928002357483,781,23.033816814422607,773,23.399885892868042,773,23.702903270721436,770,24.262160539627075,770,24.582270622253418,770,25.32364559173584,767,25.6860134601593,766,28.65820550918579,766,29.167654991149902,766,29.468688011169434,766,32.432554960250854,766,32.77422118186951,766,33.11705231666565,766,33.416048765182495,766,33.71777319908142,766,36.61804676055908,766,36.933290004730225,766,37.33224868774414,766,37.84817051887512,766,38.19339394569397,766,38.51423454284668,765,38.85126447677612,765,39.190916299819946,765,39.582459926605225,761,40.11055517196655,761,40.615397453308105,761,41.32347130775452,760,41.688780784606934,760,42.00995922088623,760,42.31094264984131,760,43.03261947631836,760,43.372830629348755,760,43.88481044769287,760,44.19438648223877,760,44.926644802093506,760,47.82285737991333,760,48.154741287231445,760,48.45240497589111,760,48.79405069351196,760,51.685484170913696,760,51.99944591522217,760,52.34347081184387,760,52.65046834945679,760,52.98747110366821,760,53.259119272232056,760,56.16096115112305,760,56.514387369155884,760,57.020524740219116,760,59.949076890945435,760,60.09923839569092
4,random_graphs/triangle/r1.5k24n16/graph4.lgbin,2495,57.531850814819336,875,1770,0,1667,20.565990924835205,1520,20.925209045410156,1251,21.319090366363525,1132,21.644320249557495,1117,21.99463939666748,1049,22.339565753936768,1046,46.77916240692139,988,47.27047872543335,942,47.60249161720276,932,48.12667798995972,925,49.005258560180664,897,49.35201072692871,894,49.84738874435425,894,50.669641971588135,894,50.95968818664551,894,52.320295572280884,890,52.63214445114136,880,52.973400354385376,879,53.3276481628418,879,53.64895486831665,879,53.94163727760315,878,54.729100704193115,878,55.5161612033844,876,55.871647357940674,875,57.23755145072937,875,57.50405931472778,875,60.110740184783936
5,random_graphs/triangle/r1.5k24n16/graph5.lgbin,2495,56.97747492790222,744,1626,0,1542,0.6813933849334717,1360,6.091353893280029,1183,10.531920671463013,1080,10.93101692199707,1037,12.305579423904419,991,16.68422031402588,882,17.06846523284912,878,23.619874715805054,850,25.849220991134644,831,26.217970848083496,830,26.58093285560608,824,26.9506893157959,824,32.38880109786987,821,32.76838231086731,776,33.09933042526245,765,33.61466121673584,765,33.88775944709778,765,34.19893264770508,756,35.21715593338013,756,35.52998328208923,754,40.40591287612915,754,44.779168128967285,754,45.104201316833496,754,51.10543370246887,753,51.4272358417511,747,52.2946081161499,747,53.039337158203125,747,53.367504835128784,747,53.65472102165222,747,58.036794900894165,744,58.413270235061646,744,58.73071908950806,744,60.09777283668518
6,random_graphs/triangle/r1.5k24n16/graph6.lgbin,2495,56.54203200340271,899,1676,0,1540,0.37497663497924805,1442,2.542181968688965,1387,4.525712490081787,1294,16.22138500213623,1141,16.885789394378662,1066,17.235785007476807,1059,18.91978430747986,1015,22.401182889938354,1015,25.058154106140137,1008,25.722944259643555,1008,27.42247486114502,1008,29.524070978164673,999,38.74575686454773,981,39.10386538505554,966,39.75631093978882,966,41.44368600845337,960,42.427650690078735,960,42.7284414768219,958,43.01225757598877,958,43.93880295753479,944,44.69781255722046,944,46.572352170944214,935,47.54273247718811,934,49.67919039726257,934,49.96876907348633,934,50.217747926712036,934,51.173906564712524,930,51.720961809158325,930,52.034477949142456,915,52.34896278381348,915,52.61045694351196,915,53.533119440078735,911,53.895916223526,911,54.1847722530365,911,56.30112409591675,911,56.56153607368469,899,60.11053729057312
7,random_graphs/triangle/r1.5k24n16/graph7.lgbin,2495,52.695549964904785,799,1628,0,1557,1.5023627281188965,1435,8.480286121368408,1268,8.900145530700684,1247,10.035287380218506,1220,10.460605382919312,1121,10.916615009307861,1040,12.276411056518555,964,13.936428308486938,956,14.546163082122803,956,15.7886483669281,926,16.166056156158447,864,17.1352436542511,861,17.819013833999634,861,19.534485340118408,861,20.0405330657959,859,20.40253186225891,859,21.056617498397827,853,21.389776706695557,853,21.677001237869263,853,22.921499252319336,853,24.577067852020264,849,24.97695231437683,849,25.28847599029541,847,25.642380714416504,841,25.992341995239258,841,26.28532576560974,841,26.578466653823853,841,26.89738941192627,837,27.242395401000977,836,27.614557027816772,836,27.9015851020813,836,28.87375044822693,836,30.109031438827515,836,30.43212342262268,830,31.328441381454468,830,31.632428646087646,823,32.00064969062805,823,32.28855061531067,820,32.71869468688965,820,33.046014070510864,820,33.36406469345093,820,34.36491060256958,817,37.265716314315796,817,39.540611028671265,815,39.94787859916687,815,40.33975052833557,815,40.67679762840271,815,40.98090720176697,813,41.30671000480652,813,41.59329628944397,805,42.16161775588989,803,42.876092195510864,803,43.80504250526428,803,45.27657175064087,803,45.67221522331238,803,45.96884799003601,803,46.225098609924316,803,47.70031523704529,801,50.94715619087219,801,51.238404273986816,799,52.1800274848938,799,52.4774694442749,799,52.77757000923157,799,53.18234395980835,799,53.491801261901855,799,53.741318225860596,799,54.55316185951233,799,54.845399141311646,799,56.5072808265686,799,56.91430854797363,799,57.23180294036865,799,57.515968322753906,799,58.295026540756226,799,58.5928373336792,799,59.69005608558655,799,59.984501361846924,799,60.10151958465576
8,random_graphs/triangle/r1.5k24n16/graph8.lgbin,2495,55.62862586975098,957,1761,0,1657,5.585187196731567,1559,5.9426703453063965,1471,15.478380918502808,1400,16.718445301055908,1268,17.09465718269348,1175,17.463698148727417,1105,17.796542167663574,1077,20.288270235061646,1062,28.973844528198242,1062,30.864493131637573,1062,31.59085464477539,1031,31.923819065093994,1031,33.1533682346344,1030,35.8947434425354,1025,36.279340505599976,1014,36.63004946708679,1014,36.91813683509827,1009,37.24434208869934,988,38.133485317230225,975,39.06231427192688,971,39.472997188568115,971,39.82461214065552,971,40.10079884529114,971,43.962557554244995,971,44.23941612243652,971,45.442296743392944,968,45.733290672302246,968,46.01534819602966,968,46.945767402648926,968,47.245437145233154,959,48.86665058135986,959,50.06454348564148,959,51.15208029747009,957,51.479979038238525,957,51.75387191772461,957,52.024691581726074,957,52.31361126899719,957,53.50639581680298,957,54.489108085632324,957,54.819703102111816,957,56.05499505996704,957,56.33904790878296,957,57.111926794052124,957,58.343801498413086,957,59.337483644485474,957,60.15576410293579
9,random_graphs/triangle/r1.5k24n16/graph9.lgbin,2495,56.88733887672424,917,1698,0,1571,3.42891526222229,1529,15.054847002029419,1466,16.01589822769165,1345,17.69488000869751,1276,18.134575843811035,1223,18.538713932037354,1092,24.330437183380127,1028,25.85923409461975,1015,27.57998776435852,1011,27.868905544281006,969,33.87372875213623,968,35.766757011413574,968,37.322285175323486,945,37.7489697933197,945,40.815613985061646,945,41.17272710800171,941,41.572367668151855,935,42.8851580619812,932,43.213019609451294,921,44.79792618751526,921,46.25575304031372,921,47.733821868896484,921,48.07531237602234,919,48.914753437042236,919,49.31202006340027,919,51.90523099899292,918,53.560545444488525,918,55.14005661010742,918,56.55352997779846,917,56.907872676849365,917,57.29595899581909,917,57.656691789627075,917,57.92076230049133,917,58.63210606575012,917,59.03291320800781,917,60.097684383392334
10,random_graphs/triangle/r1.5k24n16/graph10.lgbin,2495,56.463783264160156,854,1955,0,1831,11.904214859008789,1703,12.95945429801941,1583,14.400586128234863,1414,17.00197696685791,1359,17.34862184524536,1272,18.464387893676758,1163,18.805838584899902,1079,24.443501710891724,1079,31.936102867126465,1079,33.39582872390747,1075,34.53939342498779,1023,35.228848934173584,960,36.33987379074097,948,36.73768973350525,948,39.47431969642639,947,39.80460166931152,947,40.85787010192871,945,41.19193887710571,945,41.46750783920288,945,41.785359382629395,933,42.63340735435486,929,45.06362509727478,929,45.502405643463135,893,45.85650897026062,888,46.34724736213684,888,46.642698526382446,888,48.28890037536621,866,48.63545894622803,865,49.028475761413574,865,49.31041741371155,864,49.80933952331543,864,56.974390506744385,861,57.33427309989929,861,57.605231285095215,860,57.90662980079651,854,58.298829317092896,854,58.6277494430542,854,60.10957932472229
11,random_graphs/triangle/r1.5k24n16/graph11.lgbin,2495,60.18941569328308,1534,1667,0,1534,60.289422273635864
12,random_graphs/triangle/r1.5k24n16/graph12.lgbin,2495,51.80975294113159,766,1650,0,1458,2.5140819549560547,1359,3.083967924118042,1246,7.7064924240112305,1093,8.079339265823364,1057,9.523483514785767,999,11.104189395904541,980,11.76021409034729,926,12.741591453552246,882,13.161855459213257,819,13.561815977096558,819,14.495712995529175,819,16.036357641220093,817,16.380901098251343,814,17.228448390960693,793,17.579174757003784,793,17.863805294036865,793,18.1629536151886,782,18.51948618888855,782,20.036011934280396,782,20.43940782546997,782,20.737842798233032,781,21.587627172470093,780,22.506166696548462,780,23.414306163787842,779,23.762320518493652,768,25.13208317756653,768,26.510873079299927,768,26.806206941604614,768,27.418954610824585,768,28.62614393234253,768,29.022228956222534,768,29.30700945854187,767,29.648472547531128,767,29.941710472106934,767,30.343403339385986,767,30.63642191886902,767,30.918795585632324,767,32.106430768966675,767,32.40108585357666,767,32.80282497406006,767,33.09764122962952,767,33.41890358924866,767,34.62686252593994,767,34.90410661697388,767,35.194942474365234,767,35.59249806404114,767,36.799095153808594,767,37.08600640296936,767,38.01976776123047,767,38.31319880485535,767,38.60597777366638,767,39.007195711135864,767,40.21666145324707,767,41.144169092178345,766,42.584405183792114,766,43.740628242492676,766,44.0390567779541,766,44.34100365638733,766,44.745009899139404,766,45.967803716659546,766,46.675859212875366,766,46.972586154937744,766,47.266419887542725,766,47.54259252548218,766,47.94889760017395,766,49.17202973365784,766,49.4675076007843,766,49.76144361495972,766,50.06342124938965,766,50.46812319755554,766,51.35343837738037,766,52.562281370162964,766,52.85424995422363,766,53.14586687088013,766,53.96676707267761,766,54.36585021018982,766,55.58273005485535,766,56.24356937408447,766,56.542407274246216,766,57.128501653671265,766,57.52902007102966,766,58.7553071975708,766,59.0536253452301,766,59.34908747673035,766,59.75071597099304,766,60.10642981529236
13,random_graphs/triangle/r1.5k24n16/graph13.lgbin,2495,57.380459785461426,783,1501,0,1429,7.124285936355591,1267,17.96944308280945,1125,18.956745386123657,1052,19.82912826538086,967,26.094250917434692,910,26.946041345596313,841,27.655238151550293,841,32.996264934539795,838,33.3780951499939,838,34.10238718986511,826,36.23000407218933,820,36.57804274559021,819,38.71376633644104,798,39.98431062698364,798,41.088990211486816,798,41.44190263748169,793,47.69433808326721,791,50.226237535476685,791,51.58982229232788,791,51.93210768699646,791,53.05006694793701,791,53.34455370903015,791,55.85762119293213,785,56.25348734855652,785,56.56893968582153,785,58.4942889213562,783,59.71115469932556,783,60.112107038497925
14,random_graphs/triangle/r1.5k24n16/graph14.lgbin,2495,56.863659143447876,807,1566,0,1432,4.282073020935059,1338,4.699624538421631,1268,11.852109432220459,1243,15.209660053253174,1119,16.01150345802307,1011,17.338817834854126,933,17.67659902572632,859,18.131221055984497,833,18.648462772369385,832,24.59900975227356,832,25.20039463043213,832,25.481983184814453,824,26.290112257003784,821,26.70724129676819,814,27.041597366333008,814,33.330947399139404,812,33.61781644821167,812,33.9033637046814,812,34.26225209236145,812,34.54567098617554,812,34.937702655792236,807,40.55594086647034,807,42.651185750961304,807,43.05009412765503,807,43.34330940246582,807,43.6988480091095,807,43.97239136695862,807,48.12932801246643,807,51.378244400024414,807,51.772828102111816,807,52.41199278831482,807,52.68500256538391,807,56.8433837890625,807,59.69907903671265,807,60.088011503219604
15,random_graphs/triangle/r1.5k24n16/graph15.lgbin,2495,56.15612554550171,861,1960,0,1802,1.6804673671722412,1661,2.426791191101074,1566,3.943788766860962,1339,5.12990140914917,1268,9.117660999298096,1141,9.43742322921753,1019,27.817198038101196,1009,31.261028289794922,972,33.26367950439453,958,33.75908398628235,941,34.11308789253235,926,35.16445755958557,907,35.55250525474548,901,36.17579364776611,901,38.020984172821045,901,38.334572553634644,901,38.62387752532959,901,38.90486121177673,901,39.24246621131897,884,39.64913892745972,883,39.98360586166382,883,42.712400913238525,883,44.052003622055054,883,45.87556743621826,880,46.23505210876465,880,46.53112268447876,880,46.82180333137512,880,47.10434913635254,874,49.56381893157959,874,51.54285478591919,871,51.868186712265015,871,52.17583703994751,870,52.58528161048889,870,55.27200222015381,862,55.62963795661926,862,57.398266077041626,861,57.71086645126343,861,58.00564956665039,861,59.76350474357605,861,60.046120405197144
16,random_graphs/triangle/r1.5k24n16/graph16.lgbin,2495,56.86579346656799,843,1889,0,1797,3.308065176010132,1612,3.7417349815368652,1406,4.21440577507019,1304,8.418713092803955,1133,15.307457685470581,1029,15.778810024261475,962,22.14429783821106,936,23.129852056503296,906,24.097537755966187,906,24.607842206954956,900,25.19012141227722,883,26.512141227722168,878,26.961987733840942,876,34.44966959953308,876,35.026907444000244,863,35.402225971221924,862,35.72171425819397,858,36.137513160705566,855,36.51810336112976,855,36.846527099609375,854,37.28615593910217,850,37.58104968070984,846,37.97437143325806,846,39.0642454624176,845,40.03395462036133,845,40.924012899398804,845,49.30750870704651,845,49.900089263916016,844,50.2723126411438,843,50.625104904174805,843,51.547707319259644,843,51.920504331588745,843,60.114946126937866
17,random_graphs/triangle/r1.5k24n16/graph17.lgbin,2495,57.66170883178711,904,1711,0,1582,0.36574792861938477,1490,1.5886313915252686,1372,1.9842662811279297,1243,2.9954147338867188,1131,3.3951241970062256,1049,3.907137870788574,1018,4.282086372375488,978,24.536679983139038,978,44.20491623878479,967,44.58474135398865,956,45.386760234832764,956,45.84810924530029,941,46.21433067321777,928,46.56509447097778,928,47.33765172958374,928,47.644150257110596,927,48.49321937561035,919,49.34874653816223,919,49.68227767944336,915,50.07477807998657,915,50.67827749252319,907,52.357993364334106,905,52.65504765510559,904,56.53465175628662,904,57.278804540634155,904,60.106335163116455
18,random_graphs/triangle/r1.5k24n16/graph18.lgbin,2495,55.982184171676636,684,1595,0,1484,0.5107986927032471,1360,3.3184456825256348,1236,3.729994297027588,1094,4.101519346237183,935,28.286777019500732,848,30.37783122062683,812,30.71546244621277,793,31.98082137107849,793,32.29315400123596,775,32.81181073188782,774,33.20459318161011,773,35.48732137680054,773,36.723790407180786,756,42.075544118881226,751,42.550347566604614,737,42.99281287193298,737,43.36132454872131,702,43.781782150268555,702,48.37370324134827,701,48.6973021030426,698,49.12106466293335,696,49.52345538139343,696,49.80262231826782,696,50.16693162918091,696,50.48026394844055,696,51.44716453552246,694,51.87712740898132,694,52.2325541973114,689,52.66294503211975,689,52.982404708862305,689,53.28467655181885,689,54.252732276916504,685,54.57309556007385,685,56.2729856967926,685,56.60816431045532,685,56.913203716278076,684,57.30511474609375,684,57.61668372154236,684,57.88424634933472,684,58.84836006164551,684,59.128497838974,684,60.10754585266113
19,random_graphs/triangle/r1.5k24n16/graph19.lgbin,2495,53.31785273551941,805,1686,0,1564,0.7019095420837402,1465,1.4997243881225586,1365,1.8693420886993408,1257,8.808827638626099,1130,11.834293127059937,995,13.83416748046875,946,14.22886323928833,946,16.78266739845276,897,17.20924425125122,885,17.570690870285034,880,17.90447998046875,848,18.314085245132446,830,19.032944202423096,830,20.55396580696106,830,20.86708664894104,827,21.16091251373291,823,21.52940607070923,823,21.774837255477905,823,22.080644607543945,823,22.410371780395508,820,22.771358013153076,820,23.10177516937256,820,25.64518404006958,820,26.519744634628296,820,26.846456050872803,820,27.106617212295532,817,27.486084461212158,817,27.81180214881897,811,28.939712047576904,811,29.46962857246399,810,29.89065718650818,810,30.23357057571411,805,30.612577438354492,805,30.874754667282104,805,31.189812898635864,805,31.505270957946777,805,33.85492300987244,805,34.16675567626953,805,34.44752836227417,805,35.617387771606445,805,35.885451793670654,805,38.60293674468994,805,41.08734083175659,805,41.387582302093506,805,41.67660212516785,805,44.14479947090149,805,44.46689701080322,805,44.77474308013916,805,45.08361077308655,805,46.34883427619934,805,46.65024375915527,805,46.975510597229004,805,49.460049629211426,805,49.95870041847229,805,50.27573919296265,805,50.61432147026062,805,53.09231519699097,805,53.35472559928894,805,53.90196371078491,805,54.223387479782104,805,54.53275179862976,805,57.012080669403076,805,57.33978605270386,805,57.65620565414429,805,57.97629261016846,805,58.29241466522217,805,59.27547645568848,805,59.60900378227234,805,60.11289429664612
20,random_graphs/triangle/r1.5k24n16/graph20.lgbin,2495,55.16204261779785,997,1946,0,1807,12.918421506881714,1650,13.402866125106812,1504,16.485458850860596,1348,16.95671033859253,1303,30.53731656074524,1236,30.87714672088623,1165,31.19074058532715,1133,31.552191257476807,1074,31.894147634506226,1073,33.145875215530396,1073,33.555485010147095,1030,33.887924671173096,1025,34.21855592727661,1016,34.61318039894104,1011,34.97357797622681,1011,35.30146503448486,1009,35.571712017059326,1004,35.91091990470886,1004,36.2122585773468,1004,36.55829691886902,1004,37.78884029388428,1003,38.0478355884552,1003,40.32292199134827,1003,40.593374490737915,1003,40.89656114578247,1003,42.13573384284973,1003,42.380799770355225,1003,42.66390657424927,1003,44.50775218009949,1003,44.81164741516113,1003,45.086578369140625,1003,45.346338510513306,1003,46.598886013031006,1003,52.553274393081665,1003,52.834654092788696,1003,53.103821754455566,1002,53.667821645736694,1001,54.068130016326904,1001,54.37713694572449,1001,54.74538540840149,1001,54.994616985321045,1001,56.267425537109375,1000,56.54347562789917,999,56.87287783622742,999,57.148430585861206,997,57.518359422683716,997,57.83047866821289,997,58.09683275222778,997,58.34547543525696,997,59.628477573394775,997,59.92492413520813,997,60.09833550453186
21,random_graphs/triangle/r1.5k24n16/graph21.lgbin,2495,50.73920273780823,809,1758,0,1609,1.2931883335113525,1486,3.060403347015381,1409,3.755931854248047,1325,6.116891622543335,1184,7.960765361785889,1070,9.701652526855469,1017,10.246005058288574,1000,10.591049432754517,997,11.413856983184814,997,12.718992471694946,959,13.345300912857056,926,13.747463941574097,922,14.419779777526855,917,14.744275093078613,906,15.659175872802734,904,17.546062707901,900,18.158940315246582,898,18.517881870269775,898,18.82639193534851,897,19.651933670043945,897,19.952948093414307,893,20.979448080062866,893,21.994630575180054,892,22.523569345474243,879,23.1493923664093,879,23.715155601501465,870,24.15781331062317,870,24.549689054489136,870,24.844655513763428,865,25.225269556045532,865,25.51666522026062,865,25.885817050933838,865,27.017048597335815,865,27.31165599822998,865,27.686041116714478,865,27.965766191482544,865,29.211093187332153,862,29.813371896743774,862,30.111653566360474,862,31.250027656555176,860,31.639167547225952,860,31.956616640090942,858,32.97085976600647,846,33.4837327003479,844,33.87553381919861,844,34.19531202316284,844,35.20815563201904,843,35.54091024398804,843,35.82770562171936,843,36.95507597923279,841,37.23716974258423,841,37.51825308799744,841,37.80058693885803,841,38.12581157684326,841,38.48419976234436,841,38.76467323303223,841,39.88988971710205,834,40.23251819610596,829,40.920783042907715,828,41.37495994567871,818,41.69989776611328,818,41.98197937011719,818,42.31614851951599,818,42.67611265182495,818,42.95618295669556,818,44.07123637199402,809,44.3949191570282,809,44.6939971446991,809,45.421576499938965,809,45.71483874320984,809,46.072768211364746,809,47.173282623291016,809,48.32059144973755,809,48.6686372756958,809,48.950963497161865,809,49.34517741203308,809,49.70242476463318,809,50.80790901184082,809,51.947765588760376,809,52.23123621940613,809,52.531272172927856,809,53.458210706710815,809,54.59204292297363,809,54.907766819000244,809,55.26854157447815,809,55.55283451080322,809,55.828739404678345,809,56.957592487335205,809,57.35289239883423,809,57.637399196624756,809,57.923322439193726,809,58.83093547821045,809,59.96668338775635,809,60.11152458190918
22,random_graphs/triangle/r1.5k24n16/graph22.lgbin,2495,55.15084910392761,807,1720,0,1593,3.0476152896881104,1468,8.428445100784302,1315,8.783001899719238,1280,9.137213468551636,1117,14.16413688659668,1067,16.01842474937439,1002,17.35043978691101,952,17.80904984474182,946,21.339877128601074,941,21.68738055229187,931,22.02812170982361,901,23.39593815803528,895,23.71728205680847,895,27.20022225379944,882,27.576061487197876,881,29.102120876312256,881,29.400774478912354,878,29.87483501434326,877,30.80904769897461,877,32.369340658187866,877,32.7708625793457,877,33.71231770515442,867,34.087846517562866,860,34.417872190475464,855,34.77757954597473,849,36.315356969833374,844,38.790637731552124,844,40.80168056488037,841,41.186869382858276,841,43.215413093566895,841,43.51346206665039,841,43.757880210876465,831,44.102561950683594,831,45.65917754173279,831,45.94103527069092,831,47.96563649177551,823,48.27781820297241,823,48.53515648841858,823,48.88223671913147,823,49.142162561416626,818,49.465691566467285,818,49.757344007492065,816,51.47877383232117,816,52.99100971221924,816,55.01353335380554,815,55.31843113899231,815,56.81594944000244,815,57.08229970932007,812,57.40679097175598,812,57.671870708465576,812,59.671653270721436,807,59.983983278274536,807,60.09744143486023
23,random_graphs/triangle/r1.5k24n16/graph23.lgbin,2495,54.189363956451416,814,1759,0,1577,5.958503484725952,1405,6.358252286911011,1288,8.060543775558472,1248,8.480342149734497,1116,8.833256006240845,1070,9.34367036819458,974,9.727147817611694,970,12.386865139007568,908,14.124314546585083,907,15.656514883041382,890,15.99188494682312,890,16.361280918121338,858,16.70732092857361,848,17.093928337097168,847,17.807518482208252,844,18.226855039596558,841,18.62864398956299,841,18.988601207733154,840,19.314865589141846,840,19.585089683532715,840,21.113271951675415,840,21.466099739074707,837,22.663467168807983,837,23.081403017044067,831,23.483279943466187,831,23.815258026123047,831,24.127158880233765,831,25.473793268203735,831,26.481576681137085,830,26.7978835105896,830,35.90838813781738,814,36.93437194824219,814,37.85924506187439,814,38.168904542922974,814,38.498257637023926,814,39.849451780319214,814,40.84509301185608,814,42.57919502258301,814,43.496031761169434,814,43.762070655822754,814,44.11262226104736,814,44.43892765045166,814,45.81080102920532,814,46.81831765174866,814,47.17886447906494,814,47.4430992603302,814,47.75511717796326,814,48.03049039840698,814,49.38850688934326,814,49.75271773338318,814,50.64822435379028,814,50.96442365646362,814,51.29528474807739,814,52.648983001708984,814,54.37533926963806,814,55.28313946723938,814,55.570088624954224,814,56.58353519439697,814,56.858763217926025,814,57.186039447784424,814,58.53514766693115,814,60.102301359176636
24,random_graphs/triangle/r1.5k24n16/graph24.lgbin,2495,53.65144729614258,800,1773,0,1620,2.7148685455322266,1472,5.164547681808472,1339,6.556601524353027,1294,7.910232305526733,1242,8.260667562484741,1163,10.084983348846436,1126,10.475157499313354,1078,10.864062786102295,1036,11.920434474945068,1035,13.599172115325928,1003,15.480374813079834,989,16.08350110054016,968,16.711544513702393,955,17.261199235916138,955,18.912737607955933,950,19.26294755935669,936,19.624890565872192,896,20.006756067276,896,20.593174934387207,896,20.87898564338684,896,21.313398122787476,896,21.637027978897095,855,21.990583419799805,848,22.338613986968994,847,22.70236587524414,847,23.00103521347046,843,23.37264060974121,843,24.511659860610962,833,24.849661350250244,833,25.13057017326355,828,25.47604250907898,828,29.23004937171936,828,30.51835870742798,828,32.170790672302246,828,32.49414944648743,827,32.78820514678955,827,35.762778759002686,819,36.12297487258911,819,36.52173066139221,819,36.88334393501282,814,37.22766447067261,814,37.85863280296326,814,38.22287678718567,810,38.60306167602539,810,38.9198682308197,810,39.33803105354309,809,39.70009183883667,809,41.33408045768738,809,41.616862535476685,809,42.57167363166809,809,42.87404942512512,809,44.12222194671631,808,44.65800642967224,808,46.3239312171936,808,46.9493510723114,808,47.23499870300293,808,50.986896991729736,800,51.34002470970154,800,51.62349057197571,800,51.90541863441467,800,53.56496977806091,800,54.18724799156189,800,54.50109243392944,800,54.78278160095215,800,56.03882837295532,800,57.69385242462158,800,57.977696895599365,800,60.10344839096069
25,random_graphs/triangle/r1.5k24n16/graph25.lgbin,2495,56.39814233779907,875,1924,0,1812,3.4324302673339844,1648,12.765135765075684,1594,14.018188238143921,1537,14.451553344726562,1421,14.782652854919434,1353,15.181083917617798,1203,16.719719886779785,1131,20.83442234992981,1075,21.8524386882782,1075,25.19541597366333,1026,25.642557621002197,1002,25.983173608779907,965,26.284109115600586,934,26.589223623275757,930,27.662729263305664,923,28.03429126739502,915,28.455729007720947,895,28.769442796707153,889,29.071301221847534,887,29.64325785636902,887,29.946959733963013,887,32.48296308517456,887,32.74464178085327,887,33.08549356460571,887,33.34151601791382,877,33.68005847930908,877,37.14373731613159,877,37.39969348907471,877,41.381028175354004,877,41.660300731658936,875,42.03405451774597,875,42.29610514640808,875,43.190476179122925,875,43.449334383010864,875,43.70409178733826,875,55.75958466529846,875,56.01988911628723,875,56.28257751464844,875,56.634942293167114,875,56.94790601730347,875,60.296709299087524
26,random_graphs/triangle/r1.5k24n16/graph26.lgbin,2495,56.92210292816162,849,1896,0,1735,3.429370403289795,1643,11.370879888534546,1421,11.853292465209961,1295,12.298444747924805,1144,13.254546880722046,1137,22.42566752433777,1062,22.84673810005188,1009,23.695192337036133,1007,26.663877487182617,982,27.061173677444458,955,27.432932376861572,943,28.013556241989136,921,28.353773832321167,920,37.74642872810364,887,39.71515130996704,887,40.81340789794922,887,41.09968709945679,884,41.47053146362305,884,42.55214858055115,884,42.85564923286438,869,43.232211112976074,867,43.61531162261963,867,43.9137179851532,867,50.762850761413574,867,51.91666007041931,860,52.31077980995178,860,52.64009761810303,857,52.9655077457428,857,53.24531960487366,849,53.61039447784424,849,53.90727138519287,849,55.25805306434631,849,60.111252546310425
27,random_graphs/triangle/r1.5k24n16/graph27.lgbin,2495,59.640950441360474,964,1554,0,1389,27.501779317855835,1314,27.80541229248047,1198,29.325725078582764,1083,30.475722789764404,964,60.11531472206116
28,random_graphs/triangle/r1.5k24n16/graph28.lgbin,2495,57.49757719039917,853,1687,0,1531,0.7462167739868164,1391,1.0791525840759277,1261,8.986249685287476,1238,19.550281524658203,1142,19.929154634475708,1067,22.020514011383057,998,22.4021737575531,933,22.915924549102783,901,23.81403422355652,888,24.759845495224,886,26.080201148986816,886,26.472822189331055,886,36.195643186569214,884,36.75679039955139,883,40.90781021118164,883,41.28593444824219,872,41.59883165359497,872,42.49774885177612,853,42.85067915916443,853,43.459396839141846,853,54.77622938156128,853,55.10772395133972,853,56.21368193626404,853,56.508230209350586,853,56.833544969558716,853,57.76300525665283,853,58.06008434295654,853,60.10649037361145
29,random_graphs/triangle/r1.5k24n16/graph29.lgbin,2495,51.40369892120361,811,1887,0,1744,0.992978572845459,1608,2.262822389602661,1515,3.245828151702881,1340,6.274291753768921,1177,7.864215612411499,1059,8.266222476959229,1019,10.567830085754395,947,10.959729671478271,898,11.33566927909851,894,11.684320449829102,880,12.355841398239136,862,13.616695642471313,862,14.933207511901855,841,15.30744981765747,836,15.686930179595947,836,15.994879722595215,836,17.082289695739746,834,17.529345989227295,833,17.900314331054688,827,18.287092447280884,827,18.588130474090576,825,18.947461128234863,825,19.26083517074585,825,19.606952667236328,825,20.91474485397339,825,21.206284284591675,825,21.513102054595947,814,21.83659815788269,814,22.185200214385986,814,22.461901664733887,814,23.759360313415527,813,24.73150396347046,813,25.020267009735107,813,25.52698516845703,813,25.83544421195984,813,26.175761461257935,813,26.458629369735718,813,26.814361572265625,813,28.25091004371643,813,28.56977391242981,813,28.853323459625244,813,29.1483473777771,813,29.42801332473755,813,29.780006170272827,813,31.200047731399536,813,32.143436670303345,813,32.42944097518921,813,32.7305212020874,813,33.08039903640747,813,33.35796117782593,813,34.805806398391724,813,35.76088309288025,813,36.0825891494751,813,36.39169764518738,813,36.67268681526184,813,37.027252197265625,813,38.494876861572266,813,39.45404529571533,813,39.75476312637329,813,40.07192015647888,813,40.34809160232544,813,40.70088768005371,813,42.146827697753906,813,42.44902014732361,813,42.76444911956787,813,43.1145384311676,813,43.391356468200684,813,44.832064628601074,813,45.12285828590393,813,45.4108784198761,813,45.687976121902466,813,46.04114365577698,813,46.32028603553772,813,47.288081645965576,813,48.73740577697754,812,49.06333088874817,812,49.37865114212036,812,49.735037326812744,812,50.017502784729004,812,50.99644351005554,812,52.43592095375061,812,53.86884331703186,812,54.14773988723755,812,54.50020503997803,812,55.47383213043213,812,56.93733334541321,812,57.90655589103699,812,58.22627353668213,812,58.498451232910156,811,58.844318866729736,811,59.14304161071777,811,60.12776279449463
30,random_graphs/triangle/r1.5k24n16/graph30.lgbin,2495,57.722185373306274,733,1679,0,1571,3.253329277038574,1468,5.695883274078369,1324,7.22585129737854,1187,7.734629154205322,1048,13.283719301223755,950,21.304868698120117,843,21.741002321243286,841,23.34253478050232,841,25.64195728302002,841,25.984922885894775,824,27.764351844787598,823,29.26263999938965,792,30.096994400024414,786,30.474462032318115,769,33.073708295822144,763,33.77435064315796,763,36.419843435287476,761,37.792118310928345,755,38.52861213684082,755,38.8491907119751,733,43.873342752456665,733,51.818270683288574,733,52.1774218082428,733,52.6321747303009,733,54.14197039604187,733,54.632118940353394,733,60.2974739074707
31,random_graphs/triangle/r1.5k24n16/graph31.lgbin,2495,57.726646184921265,897,1703,0,1526,0.8950703144073486,1387,11.83031177520752,1270,12.275549173355103,1263,23.83380699157715,1243,24.792835474014282,1154,25.715745210647583,1039,26.112009525299072,962,27.135923147201538,961,46.60918855667114,961,47.68910813331604,951,48.63482999801636,944,48.937105894088745,937,49.315386056900024,926,49.67202425003052,916,50.019832611083984,911,50.56252193450928,911,50.985833406448364,905,51.336225271224976,903,51.65687298774719,902,52.17372727394104,902,52.91492509841919,898,53.26086688041687,898,53.53999066352844,897,53.92238187789917,897,60.10961675643921
32,random_graphs/triangle/r1.5k24n16/graph32.lgbin,2495,56.1766414642334,851,1696,0,1585,6.865597486495972,1467,7.872530460357666,1360,8.818317890167236,1282,11.632016658782959,1167,12.07254958152771,1017,12.488522052764893,945,14.312947273254395,939,21.330864191055298,906,22.593775510787964,903,23.024022817611694,880,23.58380913734436,876,23.88085126876831,869,24.328278303146362,869,28.824616193771362,868,29.26155686378479,868,29.575488328933716,866,29.906187057495117,866,30.25260853767395,866,31.796483278274536,866,32.08477520942688,865,33.461649894714355,853,33.86612391471863,853,35.217196226119995,853,35.5666127204895,853,35.905526638031006,853,40.07289695739746,853,40.417458057403564,852,41.36723709106445,852,42.71904134750366,852,43.041109800338745,852,47.23300790786743,852,47.578322887420654,852,48.51572608947754,852,49.86323142051697,852,51.02667689323425,852,55.18492841720581,852,56.31509256362915,852,56.66178774833679,852,56.91210222244263,851,58.12709045410156,851,59.037102460861206,851,60.10413670539856
33,random_graphs/triangle/r1.5k24n16/graph33.lgbin,2495,59.17672038078308,1160,1867,0,1762,3.575284719467163,1645,45.80814480781555,1574,47.877941608428955,1464,48.52811336517334,1407,53.39838004112244,1407,56.49653673171997,1328,58.47321009635925,1277,58.849955558776855,1187,59.12778615951538,1160,60.11065101623535
34,random_graphs/triangle/r1.5k24n16/graph34.lgbin,2495,55.03067970275879,917,1877,0,1794,5.372077941894531,1676,5.750044345855713,1566,6.180835962295532,1511,6.583344459533691,1340,8.331135272979736,1241,9.219998836517334,1129,10.964570760726929,1126,15.079172611236572,1115,16.389158487319946,1105,16.81028461456299,1073,18.982858896255493,1067,19.350109815597534,1067,19.693044662475586,1037,20.08548593521118,1033,24.242953300476074,1012,24.759721279144287,1001,25.500025987625122,997,26.285804748535156,993,26.69271731376648,993,27.033657789230347,983,27.91816735267639,977,28.329346418380737,977,29.15089178085327,975,29.58709979057312,975,29.89479684829712,975,39.3302743434906,952,39.743743658065796,952,40.0696074962616,952,44.282679319381714,952,45.58510637283325,952,45.949307918548584,952,46.22565460205078,938,46.605576038360596,935,46.99570178985596,935,47.31976509094238,935,47.996519327163696,927,48.41582441329956,926,48.795984745025635,926,49.117547273635864,926,49.39638352394104,922,49.76019048690796,922,50.11011075973511,922,50.43558669090271,920,50.82127261161804,920,51.12727880477905,920,55.311121225357056,920,55.61831045150757,917,56.02991843223572,917,56.356074810028076,917,57.71391487121582,917,60.119844913482666
35,random_graphs/triangle/r1.5k24n16/graph35.lgbin,2495,57.986937522888184,852,1680,0,1512,0.7903330326080322,1402,1.222167730331421,1246,11.389015197753906,1119,28.573837757110596,1021,28.954841375350952,943,29.329434156417847,933,35.9992253780365,933,42.39503264427185,881,42.83667302131653,871,45.38689970970154,857,45.83814334869385,855,46.20679974555969,855,46.67923593521118,855,47.049399614334106,854,47.416377782821655,854,47.818472385406494,854,48.1287739276886,854,48.429115772247314,854,51.86193227767944,854,53.77656817436218,852,58.240365743637085,852,60.12708353996277
36,random_graphs/triangle/r1.5k24n16/graph36.lgbin,2495,60.07592844963074,1367,1564,0,1476,0.7982449531555176,1367,60.2643506526947
37,random_graphs/triangle/r1.5k24n16/graph37.lgbin,2495,52.46405267715454,765,1726,0,1549,2.745948314666748,1423,3.1966774463653564,1337,7.9295878410339355,1195,9.448941946029663,1117,10.388792276382446,976,10.804685831069946,956,11.22231936454773,899,12.098549127578735,899,12.455893516540527,878,15.097301006317139,877,16.719874143600464,838,17.67947292327881,808,18.11794137954712,805,18.507929801940918,805,19.457542896270752,805,19.781535625457764,801,20.17003345489502,801,21.65829586982727,798,22.020955801010132,795,26.928158044815063,795,27.234485626220703,795,29.115965366363525,791,29.55121088027954,782,29.973242044448853,782,30.659339666366577,782,30.994076251983643,782,31.330562829971313,782,32.44698166847229,782,32.75012826919556,767,33.095749855041504,767,33.39413142204285,765,33.73930501937866,765,34.064950704574585,765,34.34739971160889,765,34.7301070690155,765,35.01881742477417,765,37.01536297798157,765,37.338385343551636,765,37.669368743896484,765,37.97495484352112,765,39.070436239242554,765,39.405277252197266,765,41.40014147758484,765,41.724597215652466,765,42.83088707923889,765,43.16114616394043,765,43.54550099372864,765,43.873140811920166,765,44.13916087150574,765,45.230183601379395,765,45.564510107040405,765,45.95167565345764,765,46.29394292831421,765,46.620206117630005,765,47.42695498466492,765,48.52370285987854,765,48.91297769546509,765,49.201096534729004,765,49.49340224266052,765,49.81828165054321,765,50.9204318523407,765,51.21762728691101,765,51.51429486274719,765,52.61068511009216,765,52.87631320953369,765,53.16369986534119,765,53.514151096343994,765,53.84290623664856,765,54.958518743515015,765,55.2496280670166,765,55.597376346588135,765,56.73365354537964,765,57.01483631134033,765,57.345924377441406,765,57.63754868507385,765,58.747551679611206,765,59.10751748085022,765,60.10830497741699
38,random_graphs/triangle/r1.5k24n16/graph38.lgbin,2495,56.011210918426514,829,1548,0,1449,1.0273404121398926,1393,7.078851699829102,1335,8.356727361679077,1279,8.84175992012024,1216,9.293951749801636,1151,9.758262634277344,1013,27.87353825569153,961,29.723246574401855,949,30.40429139137268,945,31.073782444000244,940,35.17770338058472,929,35.603657960891724,914,36.2826189994812,901,36.75665235519409,882,37.14738130569458,882,42.491108655929565,882,42.853013038635254,881,45.077632665634155,881,45.514283418655396,881,45.97355937957764,881,47.91446566581726,876,48.37123417854309,866,48.97818088531494,857,49.45281100273132,856,49.83289957046509,850,50.2353401184082,847,50.97289800643921,845,52.87315058708191,845,53.79791569709778,841,54.756433963775635,835,55.12694263458252,835,55.454004764556885,835,55.753878355026245,832,56.151790618896484,829,57.192262411117554,829,58.23955798149109,829,58.599040031433105,829,58.92524242401123,829,59.251877546310425,829,59.554465532302856,829,60.111356258392334
39,random_graphs/triangle/r1.5k24n16/graph39.lgbin,2495,52.6492121219635,899,1858,0,1749,6.155445098876953,1594,7.200694561004639,1446,7.6065826416015625,1354,8.050471782684326,1295,8.480377435684204,1236,8.879860639572144,1217,9.705641269683838,1182,11.371532917022705,1180,12.649334192276001,1077,22.37154221534729,1070,22.767164707183838,1070,23.13574719429016,1069,25.144192934036255,1026,25.5478355884552,1022,25.982563972473145,999,26.364346504211426,999,27.679592609405518,995,28.403132438659668,995,28.723134756088257,995,29.84334135055542,987,30.23939609527588,987,30.5892813205719,986,30.930357694625854,986,31.409268379211426,964,31.99101185798645,964,32.30169701576233,964,32.70008111000061,958,33.1037392616272,958,33.43372344970703,945,33.80346345901489,945,34.119696617126465,944,34.50174069404602,943,35.55734968185425,943,35.88340401649475,943,37.037734508514404,931,37.41106462478638,931,38.26201343536377,931,38.57015633583069,931,39.90521168708801,931,41.37455344200134,925,41.76974010467529,921,42.09351873397827,921,42.40541958808899,921,43.73883080482483,920,44.106868267059326,914,44.48940348625183,914,44.82226753234863,914,45.14792847633362,909,45.57694721221924,909,45.916609048843384,907,46.46800684928894,905,46.84154796600342,905,48.17637777328491,905,48.538888692855835,905,49.585169076919556,905,49.95811748504639,905,50.346720695495605,905,51.30459809303284,905,52.61784243583679,905,52.916704177856445,905,53.24156594276428,905,54.06769895553589,905,54.4028205871582,900,54.788368463516235,900,55.1057071685791,899,55.410271644592285,899,56.52395486831665,899,56.82184886932373,899,57.15961265563965,899,57.488147020339966,899,57.8053183555603,899,59.12076115608215,899,60.115132093429565
40,random_graphs/triangle/r1.5k24n16/graph40.lgbin,2495,59.1454758644104,849,1800,0,1760,1.5488531589508057,1663,1.9119603633880615,1515,6.8991172313690186,1494,7.329041004180908,1205,7.743228435516357,1035,15.23221755027771,941,15.613763093948364,904,16.01557207107544,864,19.333840370178223,854,43.077834129333496,853,51.37882423400879,849,51.73776602745056,849,60.347630739212036
41,random_graphs/triangle/r1.5k24n16/graph41.lgbin,2495,57.319822549819946,830,1681,0,1536,3.422828435897827,1384,3.7843267917633057,1276,8.94462513923645,1190,12.3344407081604,1091,13.34633207321167,1056,13.821192502975464,1007,15.883101463317871,972,16.258857488632202,901,17.734054803848267,897,25.58011817932129,897,30.160095930099487,879,30.602707862854004,879,30.931912183761597,872,31.302031755447388,865,31.762784957885742,860,34.060100078582764,860,42.77556014060974,860,43.16703915596008,860,43.51744079589844,838,43.874645471572876,834,44.29314351081848,834,44.66312837600708,834,53.12722396850586,831,53.50194835662842,831,53.82264518737793,831,54.103498220443726,830,55.288532733917236,830,55.568360805511475,830,60.108314037323
42,random_graphs/triangle/r1.5k24n16/graph42.lgbin,2495,59.98815608024597,1215,1648,0,1491,1.046220302581787,1335,1.4438416957855225,1215,60.288222789764404
43,random_graphs/triangle/r1.5k24n16/graph43.lgbin,2495,57.01916813850403,823,1725,0,1595,10.212770700454712,1511,19.196919918060303,1437,19.65855121612549,1383,25.165982246398926,1265,25.528720378875732,1183,28.19020962715149,1130,28.679988861083984,1014,29.06108570098877,950,29.416495323181152,950,36.46210551261902,931,36.87074160575867,928,37.2252037525177,911,37.56853413581848,911,42.37285137176514,911,42.67796754837036,901,43.041627407073975,901,43.33389234542847,900,44.71459770202637,874,47.590357065200806,848,52.3840172290802,848,52.709951877593994,838,53.06299877166748,832,53.94284510612488,832,54.24281334877014,832,54.53322219848633,825,55.165260791778564,825,56.05673694610596,825,56.33813786506653,825,56.645206689834595,823,57.794758319854736,823,60.111926794052124
44,random_graphs/triangle/r1.5k24n16/graph44.lgbin,2495,57.10304856300354,779,1630,0,1491,1.513958215713501,1317,4.757662773132324,1256,5.14699912071228,1153,14.19866132736206,1043,14.5694100856781,960,14.924424886703491,851,17.341280221939087,851,25.246832132339478,821,25.60278344154358,820,25.937113046646118,797,26.393336534500122,791,26.740055084228516,790,27.178813934326172,787,29.506389379501343,786,30.33675265312195,786,32.54241895675659,783,34.317617893218994,783,34.65750432014465,783,35.49720001220703,783,35.77582931518555,781,36.12414026260376,780,36.456114530563354,780,36.753809213638306,780,40.560471534729004,780,40.89312672615051,780,48.38718008995056,780,48.69972538948059,779,49.045146226882935,779,50.48279118537903,779,50.82046437263489,779,52.62558078765869,779,60.1024124622345
45,random_graphs/triangle/r1.5k24n16/graph45.lgbin,2495,53.899691581726074,888,1656,0,1599,0.5076661109924316,1514,1.0938916206359863,1441,1.462782859802246,1368,4.265993356704712,1200,16.785590410232544,1154,18.46686053276062,1049,19.394424438476562,1046,21.572548627853394,1046,21.99798583984375,1042,22.337459087371826,1038,24.193387746810913,999,24.564162492752075,986,25.15438675880432,976,26.35261297225952,969,26.65856099128723,968,28.58101177215576,961,28.940677642822266,961,29.924758434295654,945,30.309520959854126,938,31.050894021987915,934,31.365113973617554,934,31.61944270133972,931,32.24532747268677,924,32.620426416397095,924,32.96237325668335,924,33.264217138290405,924,34.181713581085205,924,34.465309858322144,917,34.77411222457886,917,35.02859139442444,917,36.63227462768555,917,36.967066049575806,917,37.86649751663208,917,38.15899610519409,917,39.76453185081482,899,40.20565676689148,899,40.54026246070862,899,40.877117395401,899,41.1643443107605,898,41.48372507095337,898,41.76630759239197,895,43.333364486694336,891,44.407769203186035,891,45.75504207611084,891,47.34017205238342,891,47.66745066642761,891,47.915223836898804,891,48.214433908462524,891,49.673763275146484,890,49.98310136795044,890,51.560033321380615,890,51.889368295669556,890,53.13740134239197,890,53.55354356765747,890,53.8475706577301,890,55.42800450325012,890,55.67423748970032,889,56.03917479515076,889,56.362526416778564,889,56.683101654052734,888,56.92995524406433,888,57.823195934295654,888,58.13438940048218,888,59.723323345184326,888,59.988680839538574,888,60.102407455444336
46,random_graphs/triangle/r1.5k24n16/graph46.lgbin,2495,53.05169630050659,911,1804,0,1675,9.748867273330688,1583,10.197926044464111,1450,10.568724632263184,1333,11.05391240119934,1292,13.79491662979126,1190,14.977619647979736,1089,15.335407495498657,1037,15.883155822753906,1034,18.426941633224487,1028,18.73434853553772,1028,19.882121324539185,1010,20.192965030670166,959,20.679320812225342,951,20.994380712509155,928,21.37228751182556,923,21.70496916770935,923,21.97723650932312,919,22.362231254577637,919,22.699097871780396,919,23.025871515274048,919,23.344966888427734,919,23.652613639831543,919,23.98101043701172,919,24.318953275680542,919,24.655035257339478,919,24.931161642074585,919,29.16725993156433,919,31.688987016677856,919,32.025031328201294,919,32.34111309051514,919,32.61701273918152,919,32.955862045288086,919,33.245431661605835,919,35.762468338012695,914,36.81211280822754,914,37.098753929138184,914,37.37829303741455,913,37.81143283843994,913,38.10062551498413,913,38.42505383491516,913,38.75915312767029,913,40.659449100494385,913,40.93892312049866,913,41.260398864746094,913,41.588765144348145,913,41.907630443573,913,43.79854941368103,913,44.07614254951477,913,44.36548185348511,913,44.69770860671997,912,45.52384090423584,912,45.806159257888794,912,47.76230001449585,912,48.149986743927,912,48.437570333480835,912,48.756836891174316,912,50.69700360298157,912,51.01951241493225,912,51.295249938964844,912,52.07163190841675,912,52.403459548950195,912,54.348158836364746,912,54.6735954284668,912,54.99964427947998,912,55.32090377807617,912,55.59734106063843,912,57.534016132354736,912,58.3699004650116,911,58.69912624359131,911,58.97628951072693,911,59.301780700683594,911,59.62219977378845,911,59.89634919166565,911,60.09690523147583
47,random_graphs/triangle/r1.5k24n16/graph47.lgbin,2495,58.31006908416748,744,1679,0,1549,0.372891902923584,1432,11.135557651519775,1364,29.071902751922607,1210,38.96027207374573,1122,40.66059613227844,966,41.469794273376465,861,45.6237108707428,808,46.524758100509644,808,49.72674536705017,773,50.0195369720459,761,50.744569540023804,756,51.19609189033508,756,52.828349590301514,756,55.890929222106934,752,56.53619956970215,752,56.80370497703552,752,57.60393166542053,749,57.91558647155762,746,58.25801920890808,744,60.11631417274475
48,random_graphs/triangle/r1.5k24n16/graph48.lgbin,2495,56.662678718566895,721,1752,0,1613,9.36764907836914,1415,9.92275094985962,1363,12.073588609695435,1278,12.629725694656372,1164,15.54743504524231,1058,18.661869525909424,953,19.10434365272522,895,19.569101333618164,803,32.44204306602478,794,33.00989317893982,780,33.418575048446655,780,35.23178839683533,761,36.32341551780701,754,36.78912544250488,738,37.17234206199646,736,37.58466649055481,736,37.909252405166626,736,39.07809543609619,732,39.50720572471619,731,40.29431343078613,731,40.6688973903656,731,41.1993350982666,728,41.560030460357666,728,41.91625261306763,726,43.269479513168335,725,46.989659547805786,725,47.290329933166504,725,50.47815990447998,725,52.81681489944458,724,53.17734217643738,723,53.568055391311646,723,53.89775109291077,721,58.200746059417725,721,60.128517150878906
49,random_graphs/triangle/r1.5k24n16/graph49.lgbin,2495,48.63886475563049,735,1598,0,1482,1.0492241382598877,1362,1.4601616859436035,1225,1.8403687477111816,1151,2.461329698562622,987,3.0571062564849854,919,4.200523376464844,880,4.527212619781494,811,5.769012451171875,811,6.113871812820435,811,6.596063137054443,807,7.319801330566406,807,7.629248857498169,802,8.509827136993408,800,8.991913080215454,774,9.397547483444214,774,10.809731006622314,773,11.215188980102539,772,11.585819959640503,772,11.91992712020874,772,12.251599073410034,772,12.5342698097229,772,12.852224111557007,772,13.277858018875122,772,13.713912725448608,772,14.21984052658081,767,14.595521688461304,767,14.919094324111938,765,15.23000168800354,765,15.495792388916016,765,16.353748321533203,764,16.75784730911255,764,17.070891857147217,764,17.572117567062378,757,17.953760862350464,757,18.2855441570282,757,19.023247957229614,751,19.38589096069336,751,19.903451204299927,748,20.662727117538452,747,21.05344009399414,747,21.364413738250732,744,21.683761596679688,744,21.958372592926025,744,23.355208158493042,744,23.670332670211792,744,24.178783178329468,739,24.543007373809814,739,24.81221604347229,739,25.765210151672363,739,27.17211651802063,739,27.665352821350098,739,28.11265993118286,739,28.464789867401123,739,28.730432748794556,739,29.009116649627686,739,29.528459787368774,736,29.862783908843994,736,30.31902837753296,736,30.758201599121094,735,31.12572193145752,735,31.394034385681152,735,31.693849325180054,735,33.07884860038757,735,33.59124708175659,735,34.5146279335022,735,34.96502161026001,735,35.23910164833069,735,35.67516016960144,735,36.48990774154663,735,36.98182153701782,735,37.28762149810791,735,37.58383870124817,735,38.01319766044617,735,38.846357583999634,735,39.35889410972595,735,39.67994499206543,735,40.1113805770874,735,40.385963678359985,735,41.20675086975098,735,41.50600218772888,735,42.00568962097168,735,42.94524335861206,735,43.2620484828949,735,44.64262914657593,735,45.15197229385376,735,45.449687242507935,735,45.75633788108826,735,46.038880348205566,735,46.52294635772705,735,46.82006502151489,735,47.24855041503906,735,47.56560778617859,735,47.83369016647339,735,48.34030508995056,735,48.637365102767944,735,49.06814193725586,735,49.34336495399475,735,49.77374839782715,735,50.29941511154175,735,50.876349687576294,735,51.1519992351532,735,51.596059799194336,735,52.55393362045288,735,53.05974102020264,735,53.49891948699951,735,54.359454870224,735,54.661211252212524,735,54.97368407249451,735,55.28625535964966,735,55.72962808609009,735,56.04012084007263,735,56.30795478820801,735,56.61663460731506,735,57.05446982383728,735,57.33294653892517,735,57.6330292224884,735,58.5778534412384,735,58.8478467464447,735,59.34222102165222,735,59.632588624954224,735,59.942312479019165,735,60.096811294555664
0,random_graphs/triangle/r1.5k24n16/graph0.lgbin,2481,56.654839515686035,937,1739,0,1602,0.4315786361694336,1514,3.6510202884674072,1437,4.986813306808472,1306,5.8878350257873535,1250,6.530593633651733,1119,7.417071580886841,1052,7.8254828453063965,1052,9.449206113815308,1051,27.045599460601807,1019,33.07589077949524,983,33.63454866409302,979,34.002172231674194,979,34.328235149383545,971,34.6894474029541,968,34.994837284088135,965,35.4010705947876,965,35.70947289466858,954,36.064799785614014,954,36.38555932044983,951,40.63441801071167,947,43.61454153060913,947,49.022353649139404,946,50.01401162147522,945,50.88269877433777,945,52.99797010421753,945,53.80708909034729,944,56.38911271095276,943,56.782660484313965,940,57.153666496276855,940,57.4803192615509,940,57.79804348945618,940,58.11391496658325,939,58.44591784477234,937,58.745752573013306,937,60.10753917694092
1,random_graphs/triangle/r1.5k24n16/graph1.lgbin,2481,52.530433893203735,808,1622,0,1450,0.4622485637664795,1354,5.3717920780181885,1253,5.831185817718506,1181,6.753195285797119,1033,15.723390579223633,1010,18.487053394317627,933,18.863755464553833,914,19.827077388763428,909,20.208672523498535,906,20.581918239593506,876,20.882442235946655,876,21.275136709213257,852,21.628127098083496,852,24.403836250305176,852,25.700129985809326,852,26.493873596191406,852,26.831958770751953,851,27.124592304229736,851,27.386505603790283,851,27.73449182510376,851,28.525381803512573,851,29.765928983688354,851,30.059252738952637,851,30.324100255966187,838,30.687342882156372,838,30.994096279144287,838,32.53455185890198,834,33.12232327461243,834,33.47188091278076,834,33.809200286865234,830,34.10117697715759,830,34.35018610954285,830,34.60494780540466,830,34.91139316558838,830,35.894477128982544,830,36.671104431152344,830,37.01394557952881,819,37.37321734428406,819,37.68668031692505,813,38.075287103652954,813,38.40811777114868,813,38.66307306289673,813,40.21192264556885,809,42.146923780441284,809,42.709904193878174,809,43.44659352302551,809,43.77930951118469,808,44.071794509887695,808,44.329758644104004,808,44.63593506813049,808,45.50732350349426,808,46.248274087905884,808,46.57397699356079,808,47.881370067596436,808,48.22387909889221,808,48.95765686035156,808,49.26020550727844,808,49.58321213722229,808,49.82679533958435,808,50.16557812690735,808,50.903761863708496,808,52.215433835983276,808,52.51616144180298,808,52.843170404434204,808,53.09004759788513,808,53.43605899810791,808,54.51419377326965,808,55.24785852432251,808,55.55454134941101,808,55.88816475868225,808,56.13880395889282,808,56.43065524101257,808,57.318960189819336,808,58.059433460235596,808,58.372886657714844,808,58.62575650215149,808,58.95984768867493,808,59.31044101715088,808,60.04521656036377
2,random_graphs/triangle/r1.5k24n16/graph2.lgbin,2481,59.65380024909973,1193,1672,0,1569,6.2166383266448975,1423,7.315788745880127,1304,9.936305522918701,1250,57.99895930290222,1193,60.125176429748535
3,random_graphs/triangle/r1.5k24n16/graph3.lgbin,2481,53.29477787017822,774,1682,0,1557,1.9627268314361572,1425,2.30993914604187,1292,2.6984355449676514,1128,3.8577635288238525,1063,4.20247483253479,1053,8.330684423446655,1006,8.935682773590088,912,9.456546306610107,903,10.322007656097412,902,10.625595808029175,902,11.14747142791748,824,11.544636487960815,822,11.896621704101562,819,14.866073608398438,819,17.8067467212677,819,18.12043833732605,819,18.37752652168274,819,18.737051725387573,819,19.598355770111084,811,19.94103717803955,807,20.45369005203247,807,20.97816801071167,784,21.445698738098145,784,21.851545095443726,784,24.82149052619934,781,25.215928077697754,781,25.512133598327637,781,25.805222749710083,780,26.319010734558105,780,26.832024574279785,780,27.092443704605103,780,30.075698852539062,780,30.393491506576538,777,30.737776279449463,777,31.038010358810425,777,31.373215436935425,777,31.634177923202515,777,34.603999376297,777,34.97295880317688,777,35.30502939224243,777,35.59584927558899,777,35.9232497215271,777,36.21640110015869,777,36.722203493118286,777,37.039225578308105,777,37.33441162109375,777,37.663164138793945,776,38.489696741104126,776,38.81092596054077,776,39.87556505203247,776,40.3878116607666,776,40.92821741104126,774,41.2686333656311,774,44.23609805107117,774,44.5442681312561,774,45.05967450141907,774,45.391037464141846,774,45.694616079330444,774,48.654181718826294,774,49.02954387664795,774,49.85726547241211,774,50.35836338996887,774,50.66434168815613,774,50.96013689041138,774,53.95239615440369,774,54.7681097984314,774,55.26710033416748,774,55.576735734939575,774,58.543784856796265,774,58.91943073272705,774,59.22919464111328,774,59.48855996131897,774,59.74141788482666,774,60.11631488800049
4,random_graphs/triangle/r1.5k24n16/graph4.lgbin,2481,58.27514147758484,892,1770,0,1659,0.8294310569763184,1400,1.2066442966461182,1305,1.6340324878692627,1252,36.03719115257263,1115,36.37315821647644,1050,36.82085466384888,999,37.12943410873413,966,37.476003885269165,963,38.52116060256958,950,38.87121558189392,950,39.25800800323486,947,39.57545828819275,947,53.956042766571045,936,54.31682372093201,901,54.6741156578064,901,54.962435245513916,901,55.254621267318726,892,55.59215521812439,892,60.10608100891113
5,random_graphs/triangle/r1.5k24n16/graph5.lgbin,2481,59.337254762649536,885,1626,0,1504,49.76453185081482,1412,50.48309016227722,1276,51.03077483177185,1157,51.92780041694641,1098,52.34518814086914,955,52.9600191116333,890,53.33116269111633,885,60.10167837142944
6,random_graphs/triangle/r1.5k24n16/graph6.lgbin,2481,56.61724901199341,924,1676,0,1532,0.3842887878417969,1484,0.7693588733673096,1443,1.8299450874328613,1321,5.115449666976929,1259,21.94097065925598,1201,23.667724132537842,1127,25.080939531326294,994,25.762402057647705,959,26.129581451416016,959,27.85214900970459,957,28.158905029296875,944,31.763216733932495,944,32.865792751312256,940,33.21183228492737,939,38.18446087837219,939,38.476924657821655,939,39.71244764328003,939,40.59758472442627,939,45.567872762680054,935,45.9132239818573,935,46.94007182121277,935,47.2343065738678,934,48.12081837654114,934,48.40138387680054,934,51.51155972480774,926,51.83362102508545,926,52.113065242767334,926,53.91059327125549,926,55.70748209953308,926,56.002294063568115,926,57.01556706428528,926,57.30045676231384,925,58.57494592666626,924,58.92567467689514,924,59.703319787979126,924,60.10013222694397
7,random_graphs/triangle/r1.5k24n16/graph7.lgbin,2481,50.92774534225464,802,1628,0,1509,0.8009347915649414,1433,2.017986536026001,1209,2.4484500885009766,1091,2.844693660736084,1037,3.717301368713379,982,6.175490617752075,911,6.546242952346802,899,7.716692209243774,893,8.127671003341675,887,9.046029567718506,884,9.405624866485596,868,9.715365171432495,868,11.301889419555664,862,11.656319618225098,858,12.019495487213135,855,12.378667831420898,852,12.723133325576782,852,13.039884567260742,850,13.425692081451416,850,13.723825454711914,844,14.08040976524353,840,14.551940441131592,840,14.84938645362854,840,15.152345180511475,840,17.63907527923584,832,18.15753436088562,832,19.62761402130127,830,19.987194299697876,827,20.64966654777527,827,20.962177276611328,827,21.265639781951904,827,21.561281442642212,823,21.935577630996704,823,22.248675107955933,821,26.508514404296875,821,27.643739223480225,821,28.22956085205078,819,29.07854914665222,812,29.914803743362427,812,30.844988107681274,812,31.180797338485718,812,32.056806802749634,812,32.416927337646484,812,33.009621381759644,812,33.90668177604675,810,34.634541273117065,808,35.61965775489807,808,35.97517728805542,808,36.46172785758972,808,36.78172302246094,808,37.37521052360535,808,37.72709679603577,808,38.61306309700012,808,38.95399761199951,808,39.30914354324341,808,39.62956619262695,806,39.91728401184082,806,40.35093140602112,806,41.22512626647949,806,41.57888841629028,806,41.87746524810791,806,42.163411140441895,806,42.41720914840698,806,43.282066345214844,806,43.583492040634155,806,45.44283413887024,806,45.761462926864624,803,46.19296836853027,803,46.54790544509888,803,47.23666310310364,803,48.13521456718445,802,49.030227184295654,802,49.38649272918701,802,50.26008462905884,802,50.58443760871887,802,50.992026805877686,802,51.87030839920044,802,52.22370362281799,802,52.9262056350708,802,53.29318928718567,802,53.61344122886658,802,53.91207933425903,802,54.80594086647034,802,55.155001163482666,802,55.45656394958496,802,55.77817392349243,802,56.18516778945923,802,57.07684111595154,802,57.42855715751648,802,57.92295789718628,802,58.212722301483154,802,59.098466873168945,802,59.44560527801514,802,59.75248193740845,802,60.09894895553589
8,random_graphs/triangle/r1.5k24n16/graph8.lgbin,2481,53.220497131347656,940,1761,0,1649,5.174251079559326,1503,6.017342567443848,1417,13.938591957092285,1331,14.34354543685913,1249,15.514063358306885,1156,15.857117891311646,1117,18.269882202148438,1046,19.067895650863647,1027,19.4251868724823,1027,19.711538791656494,1027,21.271020650863647,1016,22.25044274330139,997,22.62202739715576,993,23.070019483566284,993,25.45566964149475,993,25.75665020942688,986,26.60218620300293,983,27.30770182609558,983,27.656363010406494,974,28.226115226745605,974,29.206422090530396,974,29.520676612854004,974,31.07293128967285,974,31.38487720489502,970,31.769076108932495,970,32.46811485290527,957,32.80737638473511,957,33.09104561805725,957,33.368406534194946,957,34.94639277458191,956,35.36127233505249,956,35.684757232666016,956,35.99433755874634,944,36.88544821739197,941,37.26762366294861,941,37.60231852531433,941,37.88703894615173,941,39.44416785240173,940,40.7297477722168,940,41.03708100318909,940,41.744619846343994,940,42.042076110839844,940,43.42120695114136,940,43.68614649772644,940,43.99211120605469,940,44.68999242782593,940,46.0955696105957,940,46.38773012161255,940,47.13310194015503,940,47.471511125564575,940,47.77875876426697,940,49.15884041786194,940,49.46509003639221,940,50.16193962097168,940,51.58612084388733,940,51.87824821472168,940,52.20533490180969,940,53.587207317352295,940,53.89453315734863,940,54.93798089027405,940,55.6542489528656,940,55.95240139961243,940,57.33596587181091,940,57.672930002212524,940,57.948233127593994,940,58.26949214935303,940,58.976407289505005,940,59.2882866859436,940,59.57695269584656,940,60.129687547683716
9,random_graphs/triangle/r1.5k24n16/graph9.lgbin,2481,55.53231382369995,823,1698,0,1635,1.0071160793304443,1446,5.160052537918091,1369,6.463499307632446,1258,14.010237455368042,1173,14.46562671661377,1108,17.13745951652527,1108,19.530829191207886,1037,20.71739435195923,982,22.948622465133667,963,24.77410626411438,963,26.049550533294678,957,28.96325373649597,928,31.502407550811768,927,32.428751945495605,880,32.804423570632935,865,33.124595642089844,865,33.44643449783325,865,33.717366218566895,862,34.30733776092529,861,35.630454301834106,859,36.23632264137268,852,36.56063938140869,852,36.817811489105225,844,38.11682200431824,844,39.42918848991394,844,40.672733783721924,844,40.95165395736694,842,41.38045954704285,839,41.74231719970703,839,42.0395393371582,834,42.95854640007019,834,45.40561127662659,834,46.87141180038452,828,47.492910861968994,828,47.935383319854736,825,48.33513784408569,825,48.60189700126648,823,48.949766635894775,823,51.229607820510864,823,51.64589166641235,823,52.58313322067261,823,52.92323184013367,823,53.34986877441406,823,53.644553661346436,823,56.096155643463135,823,56.967169523239136,823,57.38189506530762,823,57.98192024230957,823,58.25420880317688,823,58.5469069480896,823,60.092175006866455
10,random_graphs/triangle/r1.5k24n16/graph10.lgbin,2481,56.50639820098877,899,1955,0,1803,5.184052467346191,1662,5.5530383586883545,1565,10.365060329437256,1412,11.799619674682617,1251,13.150813817977905,1122,13.53839111328125,1056,13.981008052825928,1056,18.22911262512207,1010,18.66975498199463,1009,21.655761003494263,992,22.097123861312866,983,22.738780975341797,945,23.327616691589355,938,23.705779790878296,938,24.188064336776733,932,25.334980487823486,932,25.98137879371643,924,30.279109477996826,924,30.595747232437134,924,33.373154640197754,919,33.79188299179077,918,34.10224437713623,918,36.79839038848877,918,47.68356513977051,918,48.343223094940186,905,48.99880409240723,904,49.35757923126221,904,52.05510115623474,903,54.4222469329834,903,54.688493490219116,901,55.846736669540405,901,56.49186658859253,900,56.91692018508911,899,57.46210718154907,899,59.277896881103516,899,59.600629806518555,899,59.88092541694641,899,60.100351333618164
11,random_graphs/triangle/r1.5k24n16/graph11.lgbin,2481,59.2543203830719,872,1667,0,1545,2.0848472118377686,1383,3.0638461112976074,1238,3.4910435676574707,1199,5.259336233139038,1122,5.64807653427124,971,6.043833255767822,919,6.441900968551636,915,9.672261238098145,903,10.050013542175293,882,10.963306903839111,872,60.31985116004944
12,random_graphs/triangle/r1.5k24n16/graph12.lgbin,2481,51.003575563430786,752,1650,0,1541,0.40480470657348633,1444,2.7893381118774414,1234,4.948570013046265,1081,5.3238747119903564,1020,6.091044664382935,958,7.081675052642822,912,7.469067573547363,903,9.125028371810913,903,10.092453956604004,878,10.466880559921265,859,11.010992527008057,857,11.374836206436157,857,12.740347146987915,855,14.341653108596802,855,14.71470308303833,855,15.032771110534668,855,16.253150463104248,825,16.60591173171997,825,16.921096324920654,825,17.220398902893066,825,18.54383659362793,825,19.309271574020386,821,19.693363428115845,821,19.97960114479065,808,20.362308502197266,806,20.79627823829651,806,21.189445734024048,806,22.511780261993408,805,22.867005348205566,805,23.16498303413391,805,23.85762310028076,805,24.262096643447876,805,24.576616764068604,805,24.885663986206055,805,25.27059507369995,805,26.587209463119507,805,26.984705448150635,805,27.68093967437744,804,28.04335594177246,804,28.431914806365967,804,29.190192222595215,804,30.512519598007202,804,30.803395748138428,804,31.67387318611145,786,32.041587114334106,786,32.62677597999573,786,33.02032017707825,778,33.395050048828125,778,34.71845722198486,768,35.609142780303955,762,35.9393265247345,762,37.33344125747681,759,37.730310916900635,759,38.09217429161072,759,38.48426914215088,757,38.83547925949097,757,40.15008902549744,756,40.51825404167175,756,40.8235969543457,756,41.12786030769348,756,41.527194023132324,753,41.86376070976257,753,43.19121766090393,753,43.95642971992493,753,44.23256587982178,753,44.63431096076965,753,44.93349266052246,753,45.245184898376465,753,46.548479080200195,753,46.95063638687134,753,47.30068302154541,753,48.61328434944153,753,48.90199303627014,753,49.2169075012207,753,49.61318778991699,752,49.95404028892517,752,50.50285220146179,752,50.80968499183655,752,52.11981678009033,752,52.43055844306946,752,52.825913429260254,752,53.11539697647095,752,54.15306758880615,752,54.44999170303345,752,55.78069186210632,752,56.060038566589355,752,56.46051549911499,752,56.771679639816284,752,57.77503991127014,752,58.06280326843262,752,58.37387561798096,752,59.151981830596924,752,59.84617567062378,752,60.09961915016174
13,random_graphs/triangle/r1.5k24n16/graph13.lgbin,2481,59.533127784729004,1003,1501,0,1326,1.065840482711792,1254,8.372971773147583,1175,14.307139158248901,1095,15.671339273452759,1071,16.631742477416992,1003,60.122132539749146
14,random_graphs/triangle/r1.5k24n16/graph14.lgbin,2481,54.60098910331726,774,1566,0,1492,4.263537645339966,1355,8.75623083114624,1205,9.202452421188354,1144,9.580836534500122,1074,12.197619199752808,988,12.595287322998047,953,13.453909397125244,863,13.786441087722778,860,17.256356477737427,860,17.528160333633423,858,18.62419080734253,844,19.006410837173462,842,19.401645183563232,842,19.77239680290222,815,21.923644542694092,815,24.57242512702942,815,25.88433599472046,815,26.21849012374878,802,26.56506085395813,802,26.85189962387085,799,27.21672248840332,799,27.502976179122925,799,27.879921436309814,799,29.421905279159546,799,29.757214784622192,799,30.981992483139038,799,31.271599054336548,792,31.625181913375854,792,32.00403571128845,792,34.6605064868927,792,36.64498782157898,784,37.0485942363739,784,37.37080240249634,783,37.64646339416504,783,38.011098861694336,783,40.65676951408386,783,40.92668008804321,783,42.890114068984985,782,43.26470899581909,781,43.59291219711304,781,43.919718742370605,778,44.248870611190796,778,45.13860893249512,778,45.502304792404175,778,48.183984994888306,774,48.53226351737976,774,48.84354090690613,774,49.10462784767151,774,49.97964358329773,774,50.34098815917969,774,50.625426054000854,774,53.316359996795654,774,53.56538939476013,774,56.23002529144287,774,56.5239143371582,774,56.89070916175842,774,57.87115788459778,774,58.156898736953735,774,58.48034739494324,774,60.101410150527954
15,random_graphs/triangle/r1.5k24n16/graph15.lgbin,2481,56.38314604759216,837,1960,0,1791,0.3746809959411621,1662,10.875039339065552,1475,17.51322627067566,1437,19.741666316986084,1228,20.238269567489624,1160,20.596949577331543,1045,20.95081067085266,992,21.305557250976562,992,23.30259418487549,983,24.087700605392456,983,24.3903386592865,948,24.775646924972534,941,28.787437915802002,901,29.15063238143921,889,29.532230138778687,889,29.81993865966797,881,31.137020349502563,880,32.3756046295166,870,32.73313331604004,865,33.143983364105225,864,33.497475385665894,861,33.837217569351196,861,34.16404128074646,861,35.00988578796387,858,43.13555860519409,857,48.073768615722656,846,48.42303991317749,844,48.758073806762695,844,49.03429627418518,841,49.381540298461914,841,49.66794562339783,838,50.500534772872925,838,52.4978768825531,838,52.911176443099976,838,59.183022022247314,838,59.47409987449646,837,59.801302433013916,837,60.099716663360596
16,random_graphs/triangle/r1.5k24n16/graph16.lgbin,2481,53.74480104446411,866,1889,0,1725,1.3239593505859375,1575,2.278991460800171,1375,3.1302289962768555,1294,3.6936497688293457,1132,11.808154344558716,1007,13.012734413146973,1000,13.58823013305664,985,14.411113739013672,952,15.270524263381958,952,22.541171073913574,921,22.960538148880005,906,23.369187116622925,906,23.90095615386963,906,24.239667654037476,897,25.30639100074768,891,25.72146773338318,891,26.050690174102783,880,26.417200088500977,880,27.1576509475708,876,27.569133281707764,876,28.122169494628906,876,28.414175033569336,876,28.707781314849854,873,29.12168598175049,869,29.54005765914917,868,30.13688349723816,866,32.32764148712158,866,34.52060651779175,866,35.25928831100464,866,35.80569624900818,866,36.10609173774719,866,36.96988105773926,866,37.2571382522583,866,37.581345081329346,866,38.14036297798157,866,38.860307693481445,866,39.18689846992493,866,39.537176847457886,866,39.8911612033844,866,42.08364391326904,866,42.957775592803955,866,43.519508600234985,866,43.823415994644165,866,44.679051876068115,866,44.94847846031189,866,47.121623516082764,866,47.441967487335205,866,47.99043655395508,866,48.31652760505676,866,50.510396242141724,866,51.07620692253113,866,51.388176679611206,866,51.72973036766052,866,52.134817600250244,866,52.40526986122131,866,52.954190254211426,866,53.259368658065796,866,55.42621731758118,866,55.784788608551025,866,56.529022216796875,866,56.805864572525024,866,57.36427712440491,866,59.53921294212341,866,59.88994264602661,866,60.101733446121216
17,random_graphs/triangle/r1.5k24n16/graph17.lgbin,2481,58.11498761177063,941,1711,0,1560,1.369377851486206,1477,22.02814745903015,1359,22.375946521759033,1246,22.74603772163391,1105,25.202986240386963,1014,25.67932438850403,983,28.90007734298706,973,29.577195644378662,966,30.074659824371338,959,30.48367190361023,958,30.845422506332397,958,51.9805109500885,950,56.554636001586914,949,56.84178948402405,946,57.600778579711914,946,57.8995885848999,946,58.2545599937439,946,58.98716902732849,941,59.48278594017029,941,59.8286771774292,941,60.097630977630615
18,random_graphs/triangle/r1.5k24n16/graph18.lgbin,2481,55.612082719802856,688,1595,0,1471,4.117020130157471,1294,6.425387382507324,1183,6.8281660079956055,1074,7.278112173080444,917,7.722857236862183,895,18.427432775497437,831,19.220717191696167,780,19.789448976516724,776,20.870829820632935,763,21.300565242767334,763,22.076488733291626,759,29.77500629425049,753,30.269444465637207,739,30.699333667755127,723,31.075069665908813,723,32.290733098983765,723,32.62219834327698,716,33.015970945358276,716,40.97160720825195,715,41.361854791641235,715,41.685418128967285,711,42.089653730392456,710,44.005088567733765,710,44.283613443374634,707,44.72419285774231,707,45.03366041183472,706,45.37270545959473,706,45.72546410560608,705,46.11044907569885,704,46.48334312438965,704,46.81817150115967,702,47.16972780227661,697,47.61665105819702,694,47.94453239440918,694,48.96698188781738,694,49.278674602508545,693,49.603376150131226,693,49.90310192108154,693,50.18249011039734,692,50.560328006744385,690,50.98400354385376,690,52.71596169471741,690,53.73715853691101,690,54.07179045677185,688,54.42425990104675,688,60.11002731323242
19,random_graphs/triangle/r1.5k24n16/graph19.lgbin,2481,56.1622040271759,796,1686,0,1554,0.39856863021850586,1424,3.121142864227295,1270,30.549433946609497,1188,31.018928050994873,1087,35.46623253822327,1031,35.834439516067505,968,36.17462086677551,961,40.548356771469116,921,40.9211540222168,914,41.26442265510559,900,41.626184701919556,900,44.268272399902344,865,44.640803813934326,862,45.02370071411133,862,45.342658042907715,862,45.659308433532715,862,45.95800018310547,858,46.31289601325989,854,46.68484687805176,852,48.46744918823242,848,48.78764295578003,836,49.09773659706116,836,49.360695362091064,836,50.91997146606445,836,52.16241788864136,836,52.46966814994812,831,52.84082293510437,831,53.13681721687317,831,53.38970112800598,831,54.97806453704834,831,56.23745250701904,825,56.60806751251221,825,56.91310787200928,818,57.32781982421875,817,57.86665487289429,812,58.23282742500305,812,58.528552770614624,796,58.91801595687866,796,59.30619716644287,796,60.11224293708801
20,random_graphs/triangle/r1.5k24n16/graph20.lgbin,2481,53.38225197792053,974,1946,0,1799,8.127965211868286,1776,10.690111875534058,1609,11.174350023269653,1490,11.975186586380005,1424,12.302096605300903,1274,13.944159507751465,1245,14.322575092315674,1107,14.688416957855225,1102,16.333587408065796,1096,16.66683316230774,1078,17.010913610458374,1058,17.33165168762207,1052,17.695010900497437,1006,18.318054676055908,1000,22.691217184066772,1000,24.304343223571777,994,24.65601682662964,992,25.007565021514893,992,25.290156364440918,986,25.632046699523926,986,25.91783094406128,986,26.1666476726532,986,26.437328815460205,986,29.021812438964844,986,30.616743326187134,986,30.9163715839386,986,31.200571537017822,986,31.451642513275146,984,31.806198358535767,975,32.160473108291626,975,32.437315464019775,974,32.716578245162964,974,32.99591422080994,974,33.25116491317749,974,33.552987575531006,974,33.82971739768982,974,35.413479804992676,974,36.70358729362488,974,36.99714112281799,974,37.248149394989014,974,37.52182388305664,974,37.812528133392334,974,39.115875244140625,974,40.7044243812561,974,40.999011278152466,974,42.582690715789795,974,45.13518452644348,974,46.7237503528595,974,46.995126724243164,974,47.27063012123108,974,47.56548619270325,974,47.8442759513855,974,48.1167151927948,974,52.796722650527954,974,53.07264590263367,974,53.34825921058655,974,53.64223861694336,974,53.91530227661133,974,54.16569209098816,974,55.7571439743042,974,56.02914476394653,974,56.30272126197815,974,56.59706211090088,974,56.869893312454224,974,57.119518995285034,974,57.39166045188904,974,58.98111343383789,974,59.27890658378601,974,59.554787397384644,974,59.80706596374512,974,60.073676347732544
21,random_graphs/triangle/r1.5k24n16/graph21.lgbin,2481,50.14177870750427,842,1758,0,1609,1.3339977264404297,1508,5.341639995574951,1432,7.452360391616821,1323,7.932957410812378,1283,9.529062509536743,1206,10.228698015213013,1075,10.66379427909851,1003,11.499184131622314,1003,11.923732280731201,978,12.728587627410889,961,13.178098678588867,961,14.613152265548706,956,14.94861626625061,922,15.39120888710022,922,15.793313264846802,899,16.274916887283325,898,16.59972643852234,894,16.962140798568726,894,17.348490953445435,885,18.06282353401184,885,18.702996492385864,885,19.80384135246277,884,20.158779621124268,882,20.489267826080322,880,20.86843705177307,872,21.27107048034668,866,21.92654585838318,858,22.32956314086914,858,22.621591329574585,857,23.008164882659912,857,24.18986225128174,857,24.503591060638428,854,24.853176832199097,854,25.148471117019653,854,25.438188314437866,854,25.82129955291748,854,26.14959192276001,854,26.44071078300476,854,27.611949682235718,854,27.9179527759552,854,28.297288179397583,854,28.579697608947754,849,28.993433237075806,849,29.348060369491577,849,29.638949394226074,849,30.81516432762146,849,31.508531093597412,849,31.810540199279785,849,32.10322546958923,849,32.464844942092896,849,32.753793239593506,849,33.9261908531189,849,34.225146532058716,844,35.04703187942505,844,35.8684868812561,844,36.15298652648926,844,36.512356996536255,844,36.80134344100952,844,37.968488454818726,844,38.71494007110596,844,39.3950400352478,844,39.71691155433655,844,39.99752974510193,842,40.438334226608276,842,40.72330617904663,842,41.89122986793518,842,42.57271385192871,842,42.8472204208374,842,43.170371770858765,842,43.45781850814819,842,43.77313995361328,842,44.9381263256073,842,45.25799036026001,842,45.55117583274841,842,45.83962821960449,842,46.20610952377319,842,46.49053716659546,842,47.65591764450073,842,47.95234560966492,842,48.31679010391235,842,48.640685081481934,842,48.925986528396606,842,50.08945608139038,842,50.412524700164795,842,50.69641470909119,842,51.01203680038452,842,52.17073059082031,842,52.45625185966492,842,52.81936717033386,842,53.102017641067505,842,54.28343987464905,842,55.03793525695801,842,55.330060720443726,842,55.69238305091858,842,56.85621118545532,842,57.58858394622803,842,57.880017042160034,842,58.242870807647705,842,59.41506338119507,842,60.11034154891968
22,random_graphs/triangle/r1.5k24n16/graph22.lgbin,2481,54.861438035964966,865,1720,0,1590,0.4279768466949463,1448,1.375075101852417,1321,3.576342821121216,1163,4.541701078414917,1112,4.9065046310424805,1049,5.256538391113281,1004,5.629950523376465,945,10.022296905517578,945,11.791967630386353,940,13.21689486503601,940,17.440083503723145,925,18.219693660736084,914,18.590122938156128,895,19.068615913391113,895,20.186721801757812,895,21.107714653015137,895,21.40444302558899,888,21.76644229888916,885,22.087798833847046,885,24.942163944244385,885,25.238338708877563,885,25.533400297164917,885,26.451679706573486,885,26.829688787460327,883,27.202521562576294,883,29.146271467208862,881,29.98211669921875,881,30.283157348632812,880,30.753132581710815,880,31.150551557540894,880,33.9623920917511,880,36.36642932891846,880,36.651103019714355,880,38.599721908569336,880,38.90309453010559,880,39.31169009208679,880,39.614877223968506,880,42.409085750579834,880,42.8869411945343,878,43.568562030792236,878,43.97080373764038,878,45.773958683013916,878,47.71467399597168,878,48.14638113975525,877,48.478747844696045,877,48.78622555732727,874,51.165056467056274,874,52.872469902038574,874,55.38505697250366,874,55.69127893447876,872,56.04186511039734,870,56.39625358581543,870,56.69867515563965,865,59.11572766304016,865,59.40575671195984,865,60.09889793395996
23,random_graphs/triangle/r1.5k24n16/graph23.lgbin,2481,54.25160789489746,810,1759,0,1692,1.555001974105835,1572,4.438856363296509,1437,5.412764310836792,1260,6.291729927062988,1257,9.131738185882568,1064,9.822842121124268,1004,10.234930515289307,948,10.599357843399048,903,11.683626413345337,876,12.00716495513916,871,12.368609189987183,857,12.764117956161499,855,13.124166488647461,851,13.94783067703247,847,15.564462184906006,841,17.79407262802124,841,18.097448587417603,835,18.921486616134644,829,19.320186376571655,829,19.64590835571289,821,20.336124897003174,821,21.040244579315186,821,22.46447992324829,819,22.740022659301758,819,23.10128879547119,819,23.363011598587036,819,24.588847875595093,819,24.885589361190796,819,25.58840584754944,819,25.907382488250732,819,26.17004680633545,819,27.39298939704895,819,28.812021732330322,819,29.517133951187134,819,29.77901530265808,819,30.100157976150513,819,30.36583185195923,818,30.749237060546875,818,31.066869974136353,818,32.27767848968506,818,32.611003160476685,815,33.31668424606323,815,34.73967409133911,815,35.443602561950684,815,35.70791983604431,815,36.02673554420471,815,37.54830741882324,815,37.853620290756226,815,50.48335361480713,815,50.75708198547363,814,51.827613830566406,813,52.1854362487793,810,52.57560110092163,810,53.766746044158936,810,54.45876097679138,810,54.803155183792114,810,56.10609984397888,810,56.428950786590576,810,57.120227098464966,810,58.31346774101257,810,58.650816202163696,810,60.10996627807617
24,random_graphs/triangle/r1.5k24n16/graph24.lgbin,2481,51.73046088218689,769,1773,0,1630,5.975321531295776,1540,6.371126174926758,1454,7.404511451721191,1413,8.087212324142456,1236,9.168059587478638,1063,9.603469610214233,1004,9.924304723739624,1004,10.510576725006104,1004,10.896225214004517,1004,11.249005556106567,995,11.585105180740356,887,11.954697847366333,887,13.519076347351074,887,13.855502605438232,887,14.177075386047363,887,14.47413158416748,887,15.677884578704834,887,17.165350914001465,861,17.57806420326233,858,17.998636960983276,857,18.365307092666626,857,18.676940202713013,856,19.07541561126709,816,19.4042866230011,816,19.70459294319153,798,20.076096057891846,798,20.38349413871765,798,20.754214763641357,798,21.029670000076294,798,22.60047173500061,798,22.93921422958374,798,24.404644012451172,798,24.711336374282837,798,25.076210737228394,792,25.484174489974976,792,27.046635627746582,792,27.38231587409973,791,27.737040042877197,787,28.39814567565918,787,28.78947925567627,779,29.229989290237427,779,30.80009388923645,779,31.141497373580933,778,31.510820388793945,778,31.818278074264526,778,32.54308199882507,778,32.8421311378479,778,34.38851547241211,778,35.87020444869995,778,36.20975732803345,774,37.42023706436157,774,37.786580324172974,774,38.091060400009155,774,39.65852737426758,774,40.800252199172974,772,41.31568503379822,772,42.61454224586487,771,42.94996976852417,771,43.24629545211792,771,44.803218841552734,769,45.24427628517151,769,45.59108233451843,769,45.86647868156433,769,46.14118981361389,769,46.436091899871826,769,46.702945947647095,769,46.97917199134827,769,48.5342800617218,769,48.85125803947449,769,49.12717270851135,769,49.42816090583801,769,49.733715534210205,769,50.05300855636597,769,50.355186223983765,769,50.631935834884644,769,52.19646406173706,769,52.53494334220886,769,52.843631744384766,769,53.25482535362244,769,54.8150532245636,769,55.08553075790405,769,55.53563737869263,769,55.81404519081116,769,56.113261461257935,769,56.405550718307495,769,57.62503623962402,769,58.860214710235596,769,60.11467719078064
25,random_graphs/triangle/r1.5k24n16/graph25.lgbin,2481,56.31027269363403,928,1924,0,1754,2.745772123336792,1603,5.21838903427124,1546,5.669835805892944,1449,18.515087127685547,1333,19.199676036834717,1261,23.66948699951172,1182,24.032631158828735,1181,28.005045652389526,1108,28.621323108673096,1108,28.920142650604248,1091,29.285916805267334,1077,29.907403707504272,1057,30.239402294158936,1057,34.173604249954224,1021,35.46257758140564,1012,35.822179079055786,997,36.171547412872314,995,36.77831721305847,995,37.6921181678772,994,38.11142301559448,992,38.502840757369995,991,38.84775114059448,991,39.15908741950989,991,39.55780220031738,987,39.94706392288208,987,40.28664755821228,975,40.59851050376892,975,40.862274408340454,964,46.20858025550842,964,50.9024760723114,964,53.94894886016846,950,54.2716908454895,950,54.54362416267395,940,55.25448966026306,938,55.65268397331238,938,55.993770122528076,928,56.332595348358154,928,56.61569809913635,928,59.006284952163696,928,60.1087589263916
26,random_graphs/triangle/r1.5k24n16/graph26.lgbin,2481,57.306695222854614,921,1896,0,1677,0.43879246711730957,1505,13.548917293548584,1427,17.93034815788269,1308,18.336383819580078,1239,19.11902356147766,1232,24.705475091934204,1184,25.578535795211792,1059,26.096086978912354,1059,26.929824590682983,1019,27.327361822128296,1019,31.97598695755005,1014,32.51970958709717,1013,33.61348748207092,978,34.00150966644287,942,34.37906813621521,941,34.73087549209595,941,36.52981948852539,941,36.88102436065674,935,37.17630195617676,935,37.44542670249939,926,39.88253307342529,926,41.599796772003174,924,48.877126693725586,924,57.04392719268799,924,57.37776589393616,921,57.725563049316406,921,58.01373219490051,921,59.62493348121643,921,60.112213134765625
27,random_graphs/triangle/r1.5k24n16/graph27.lgbin,2481,58.70615768432617,846,1554,0,1432,0.418865442276001,1372,0.7607386112213135,1259,25.154600620269775,1129,38.46317219734192,1032,38.83162450790405,972,45.10308384895325,923,47.181405544281006,898,47.50692534446716,882,48.1942458152771,870,55.27380895614624,849,57.887776374816895,847,58.22045969963074,847,59.26848101615906,847,59.57320499420166,846,60.105748653411865
28,random_graphs/triangle/r1.5k24n16/graph28.lgbin,2481,56.827935218811035,820,1687,0,1574,10.871604204177856,1498,11.733863115310669,1391,17.31839370727539,1220,17.807262182235718,1123,18.33266592025757,1003,19.657912969589233,984,20.561758995056152,949,24.601175785064697,949,35.036718130111694,949,35.49684119224548,947,36.26631045341492,921,36.68547224998474,899,37.12894320487976,876,37.57058930397034,876,38.37851309776306,865,39.3046715259552,865,39.68882989883423,844,40.07160568237305,844,40.74011850357056,838,41.43980288505554,836,41.76489782333374,836,42.137044191360474,836,45.36813831329346,836,45.76133632659912,836,46.03973078727722,836,56.38518834114075,835,56.6994411945343,835,56.9640691280365,823,57.32626175880432,823,57.62622690200806,823,58.35610055923462,820,58.751153230667114,820,59.63094472885132,820,59.9648060798645,820,60.09896230697632
29,random_graphs/triangle/r1.5k24n16/graph29.lgbin,2481,52.62477922439575,811,1887,0,1752,2.946174144744873,1604,3.4653611183166504,1496,5.6541688442230225,1307,17.681663990020752,1201,18.134421825408936,1089,19.065403938293457,1015,21.03206777572632,965,21.434499740600586,965,22.77785587310791,965,23.168931245803833,944,25.05490016937256,874,25.442710399627686,869,25.767738103866577,859,26.143203496932983,840,26.665648460388184,830,27.020222663879395,829,27.40783953666687,829,27.72477102279663,829,28.041460514068604,829,28.41566753387451,829,28.75022530555725,828,29.586547374725342,828,30.095537900924683,828,30.390954732894897,828,31.219226598739624,828,31.529765844345093,828,31.828779220581055,828,33.20945930480957,820,33.61515402793884,820,33.90214157104492,815,34.25278997421265,815,34.574315309524536,815,34.884644985198975,815,35.20891451835632,815,35.50426769256592,815,35.815033197402954,815,37.206215381622314,812,37.530882596969604,812,37.80699276924133,811,38.19337797164917,811,38.513110399246216,811,38.92599368095398,811,39.240413427352905,811,40.45738863945007,811,40.73864531517029,811,42.13232922554016,811,42.42674732208252,811,42.73628568649292,811,43.021366596221924,811,44.39984488487244,811,44.77029895782471,811,45.09675192832947,811,45.39860463142395,811,45.692394971847534,811,46.10269832611084,811,47.476927757263184,811,47.76195406913757,811,48.06703734397888,811,48.36152386665344,811,48.671066999435425,811,48.95772433280945,811,49.293787479400635,811,49.5895049571991,811,49.87146973609924,811,50.20876169204712,811,51.20430135726929,811,52.61927008628845,811,52.91756343841553,811,53.21148633956909,811,53.52656579017639,811,53.850061893463135,811,54.688698530197144,811,56.073102712631226,811,56.44115972518921,811,56.76064324378967,811,57.74616742134094,811,58.06006217002869,811,59.192463636398315,811,60.10547113418579
30,random_graphs/triangle/r1.5k24n16/graph30.lgbin,2481,53.34214949607849,723,1679,0,1547,2.008044958114624,1369,2.461153268814087,1234,6.087924242019653,1123,10.804444789886475,996,11.497995138168335,943,12.3830246925354,900,14.316707134246826,880,14.721711874008179,880,16.498554944992065,846,16.86265778541565,830,17.27209973335266,829,18.19076442718506,798,19.062318325042725,780,19.436333656311035,768,21.42333722114563,768,21.735849142074585,758,22.124487161636353,758,22.740140199661255,758,23.054585933685303,758,23.89164900779724,740,24.304535150527954,736,24.669567346572876,735,25.009902477264404,735,25.330708742141724,735,25.62601637840271,735,27.326428413391113,733,27.702758073806763,733,28.013214349746704,733,29.123167037963867,733,31.084094047546387,732,31.45838451385498,729,31.80667233467102,729,32.11105513572693,727,32.461166858673096,727,34.16179156303406,727,34.44770646095276,726,35.78891944885254,724,36.16611289978027,724,36.47385358810425,723,36.92800712585449,723,37.27874279022217,723,37.520235776901245,723,37.82394289970398,723,38.132731199264526,723,38.465261697769165,723,39.33793926239014,723,39.62508153915405,723,42.8290319442749,723,44.5193727016449,723,44.826106548309326,723,45.534790992736816,723,45.872942209243774,723,47.578890323638916,723,48.23797869682312,723,48.577226877212524,723,50.3772132396698,723,50.6612823009491,723,51.01547837257385,723,51.92175269126892,723,52.23111081123352,723,52.66792845726013,723,54.372886419296265,723,54.666344165802,723,55.64073085784912,723,56.519694805145264,723,58.23845624923706,723,58.55144643783569,723,58.90832757949829,723,59.23446464538574,723,59.539607763290405,723,60.10814189910889
31,random_graphs/triangle/r1.5k24n16/graph31.lgbin,2481,59.82856059074402,1401,1703,0,1598,0.7926657199859619,1468,59.29877781867981,1401,60.11712646484375
32,random_graphs/triangle/r1.5k24n16/graph32.lgbin,2481,56.899205923080444,824,1696,0,1585,6.929013013839722,1484,7.901335716247559,1393,16.296475887298584,1186,17.02534580230713,1127,18.68724536895752,1037,19.941577672958374,1012,24.705975770950317,925,25.18201994895935,925,31.249664068222046,903,32.45601034164429,881,35.86929512023926,879,36.73078894615173,874,37.17551636695862,865,37.88312125205994,864,38.28371477127075,862,40.70271348953247,862,41.09049081802368,862,41.462841510772705,860,42.58033633232117,843,42.995076179504395,843,45.2339243888855,843,45.49062705039978,843,45.77634620666504,838,46.92691731452942,830,47.26182174682617,830,49.49246120452881,830,49.87586736679077,826,50.228729248046875,824,51.601242542266846,824,51.90197157859802,824,58.87503433227539,824,59.19472002983093,824,59.57620096206665,824,60.10728740692139
33,random_graphs/triangle/r1.5k24n16/graph33.lgbin,2481,55.605738162994385,955,1867,0,1739,7.167271614074707,1610,7.4791035652160645,1608,11.758953332901001,1583,20.90970230102539,1491,21.37881588935852,1386,24.967588901519775,1286,28.3722562789917,1171,28.85404396057129,1093,29.218807697296143,1083,29.54022526741028,1083,29.85618782043457,1069,31.04273772239685,1068,33.091506242752075,1062,35.15408968925476,1036,35.570390701293945,1036,37.778813123703,1031,38.14211463928223,1025,39.37182378768921,1025,39.72382044792175,1025,41.21950554847717,1020,41.56070828437805,1019,42.302058696746826,1019,42.828338861465454,1005,43.18196129798889,1005,43.46130084991455,1003,43.77436113357544,1003,44.04313588142395,1003,46.09548330307007,987,46.49003839492798,987,46.779789209365845,983,48.96355080604553,983,50.84726905822754,983,51.19521617889404,983,51.45895576477051,983,51.747899293899536,983,53.45246171951294,977,53.829713582992554,977,54.15419244766235,972,54.49589729309082,968,54.80674600601196,968,55.06587886810303,960,55.401177644729614,960,55.689674615859985,960,57.38064646720886,959,57.72186303138733,955,58.90172219276428,955,59.94240093231201,955,60.09936475753784
34,random_graphs/triangle/r1.5k24n16/graph34.lgbin,2481,55.46899938583374,961,1877,0,1715,0.4441492557525635,1580,1.5988342761993408,1514,1.966139554977417,1461,2.6761064529418945,1335,5.169145107269287,1255,9.577279806137085,1176,10.991950511932373,1176,15.133733749389648,1151,15.553874254226685,1134,15.989461421966553,1134,16.32786726951599,1111,16.891085624694824,1092,20.323358058929443,1035,20.716817617416382,1035,21.018954515457153,1025,22.312734842300415,1024,22.613431453704834,1023,23.43982982635498,1019,23.881277799606323,1016,24.22788405418396,1012,28.0537691116333,1012,29.309691667556763,1004,30.97160816192627,982,31.694051504135132,982,32.120442390441895,982,32.434425592422485,980,34.393802642822266,971,34.787781953811646,971,35.10665416717529,971,39.26402187347412,971,39.668795347213745,971,40.100133180618286,967,40.49636960029602,967,41.609519720077515,967,41.930490016937256,967,42.22061228752136,967,42.537336587905884,967,46.70379638671875,966,47.93820834159851,966,48.26570153236389,966,48.56096029281616,966,48.838249921798706,966,49.15355587005615,966,49.424251079559326,962,55.45888352394104,961,58.3660147190094,961,60.121817111968994
35,random_graphs/triangle/r1.5k24n16/graph35.lgbin,2481,55.75185227394104,822,1680,0,1544,0.7845745086669922,1418,8.417036533355713,1298,10.72542119026184,1130,11.512696743011475,1110,14.886929512023926,1012,15.257946252822876,952,15.67661738395691,873,16.059640884399414,859,16.531394004821777,859,16.817367792129517,852,17.16569709777832,841,19.639304876327515,841,26.780766248703003,839,27.145857095718384,838,27.83854389190674,838,28.14232349395752,838,28.525446891784668,834,28.976518869400024,834,29.265220642089844,834,29.655917406082153,834,35.24445629119873,831,44.65066909790039,831,45.01332473754883,831,45.323078632354736,831,45.617602586746216,828,45.95515441894531,828,46.33086371421814,822,48.716078758239746,822,49.09099078178406,822,51.294029235839844,822,51.60053777694702,822,51.95225787162781,822,52.24829840660095,822,52.60244345664978,822,52.972777128219604,822,53.349852561950684,822,53.65624713897705,822,57.55608868598938,822,57.913745403289795,822,58.2138307094574,822,58.799235582351685,822,59.17874073982239,822,59.48349118232727,822,59.81979537010193,822,60.09960341453552
36,random_graphs/triangle/r1.5k24n16/graph36.lgbin,2481,57.34637928009033,794,1564,0,1439,2.1476686000823975,1358,3.232356071472168,1217,5.297358512878418,1143,11.892972707748413,1087,12.187217473983765,1015,12.605576992034912,958,13.38581395149231,866,13.75638198852539,852,14.138361692428589,852,19.67715072631836,850,20.608691692352295,850,21.112537622451782,828,21.45582365989685,823,34.38193893432617,821,34.75461196899414,821,46.74161219596863,821,47.04031157493591,821,47.33490252494812,815,47.73474431037903,811,48.138261556625366,811,48.917213678359985,811,49.231027126312256,804,49.56460475921631,804,56.491191148757935,802,56.880533933639526,802,57.20805287361145,794,57.55177617073059,794,57.8428213596344,794,58.149192571640015,794,60.10542321205139
37,random_graphs/triangle/r1.5k24n16/graph37.lgbin,2481,51.54784274101257,758,1726,0,1551,0.43514108657836914,1462,1.1620922088623047,1367,1.6926510334014893,1194,3.892106056213379,1061,13.499413967132568,1023,15.000366449356079,987,16.476690769195557,916,16.89905619621277,892,17.211625576019287,864,17.634889602661133,829,18.36508297920227,829,19.621025323867798,826,20.427634477615356,826,20.701225519180298,809,21.62278461456299,809,22.102764129638672,807,22.419665098190308,807,22.738309144973755,802,23.137673139572144,784,23.521875619888306,784,24.653233528137207,772,25.095837354660034,772,25.417363166809082,772,26.131544828414917,772,26.451759338378906,772,27.703441619873047,770,28.032411813735962,770,28.33521008491516,770,28.6715304851532,770,29.034062147140503,770,30.305886268615723,770,30.601146936416626,767,30.931545734405518,767,31.258649826049805,767,31.624976873397827,767,31.88856816291809,763,32.349613904953,763,32.67839336395264,762,33.03691267967224,762,34.30847668647766,762,35.42064046859741,762,35.74890160560608,762,36.01457643508911,762,36.33816361427307,761,36.70846652984619,761,37.42294526100159,761,37.74174523353577,761,38.06710505485535,761,39.31928873062134,761,39.62267470359802,761,39.95443654060364,759,40.345985651016235,759,40.64736342430115,759,40.97434067726135,759,42.22789907455444,758,42.63050603866577,758,42.931105852127075,758,43.25510764122009,758,43.588653802871704,758,43.8898606300354,758,44.216795921325684,758,45.47339344024658,758,46.6148157119751,758,46.923144578933716,758,47.25149321556091,758,48.68275213241577,758,49.013237714767456,758,50.12937355041504,758,50.39833426475525,758,50.76023530960083,758,51.08676528930664,758,52.20266056060791,758,52.53115439414978,758,52.877411127090454,758,53.20681715011597,758,53.51452112197876,758,54.54485464096069,758,54.877912521362305,758,55.99836277961731,758,56.62628746032715,758,56.93093252182007,758,57.25656843185425,758,58.38016152381897,758,58.73122024536133,758,59.48734951019287,758,59.81512928009033,758,60.1012647151947
38,random_graphs/triangle/r1.5k24n16/graph38.lgbin,2481,53.42219257354736,815,1548,0,1409,3.0559327602386475,1350,10.030533790588379,1313,11.180107116699219,1248,12.392128944396973,1190,13.70482349395752,1174,15.036628723144531,1139,15.516518115997314,1139,16.984907150268555,989,17.99213933944702,960,18.902517557144165,911,19.315016508102417,911,19.685837507247925,906,25.336134433746338,906,25.681517124176025,896,25.992518186569214,882,26.44371795654297,877,28.081130981445312,877,28.502140998840332,875,29.560254335403442,875,29.825632095336914,858,30.194576025009155,858,30.51444721221924,858,31.489563941955566,847,31.86336398124695,843,33.165127754211426,840,33.49228763580322,840,34.97786545753479,840,35.28950095176697,839,35.68010997772217,839,36.029579877853394,836,36.458911418914795,836,36.777504682540894,836,37.15753769874573,835,38.735907316207886,835,39.593932151794434,835,41.05412554740906,834,41.47560429573059,834,41.82320809364319,834,42.14261794090271,834,42.50645208358765,829,42.92298936843872,829,45.275320053100586,826,45.59555411338806,826,47.05464768409729,823,47.829097509384155,823,48.13838982582092,823,48.460320234298706,823,48.77257585525513,818,49.256542682647705,818,50.72920203208923,818,51.035614252090454,818,51.35221219062805,815,51.673863649368286,815,52.040043354034424,815,52.41039299964905,815,53.85946488380432,815,54.18881607055664,815,54.49386143684387,815,54.808100938797,815,55.18042230606079,815,55.504340410232544,815,56.96737766265869,815,58.68201017379761,815,58.98822522163391,815,59.30377125740051,815,59.62461543083191,815,59.99242424964905,815,60.11006999015808
39,random_graphs/triangle/r1.5k24n16/graph39.lgbin,2481,54.66189527511597,876,1858,0,1710,0.4325850009918213,1586,1.0966436862945557,1459,2.61630916595459,1358,3.0885231494903564,1312,3.5223050117492676,1179,6.126973867416382,1167,11.354457139968872,1083,11.82160234451294,1080,12.808886051177979,1051,13.203475952148438,1051,13.585568904876709,1051,15.445390701293945,1031,15.821814775466919,959,16.601212739944458,939,17.01038908958435,922,17.358951330184937,922,17.663350105285645,922,17.981625080108643,919,18.599002838134766,919,18.916264295578003,914,20.66730237007141,904,21.064682722091675,903,28.110353469848633,902,28.450791120529175,902,34.063514709472656,902,34.383017778396606,902,34.71434283256531,902,37.303112506866455,892,37.72397208213806,892,38.07898736000061,891,38.445915937423706,891,38.7554030418396,891,39.06296682357788,879,39.48975205421448,879,39.81073045730591,879,40.12710738182068,879,43.23452711105347,878,43.64868497848511,878,43.994208335876465,878,46.50998568534851,876,46.87798309326172,876,47.17579007148743,876,47.48740077018738,876,47.800325870513916,876,48.13099980354309,876,48.5190966129303,876,48.81827473640442,876,51.39803457260132,876,51.70627760887146,876,52.03953719139099,876,57.695762157440186,876,59.148521184921265,876,59.45047664642334,876,60.11656928062439
40,random_graphs/triangle/r1.5k24n16/graph40.lgbin,2481,56.96628022193909,855,1800,0,1679,2.700789451599121,1557,3.5091519355773926,1453,3.8934268951416016,1263,5.607574701309204,1188,6.059368371963501,1167,12.800589799880981,1142,13.09865117073059,1000,13.540199279785156,916,13.922136306762695,916,14.248036861419678,888,14.686511754989624,881,15.495532512664795,877,24.594547986984253,877,28.996783018112183,877,36.02061653137207,869,36.70311975479126,864,37.01893138885498,863,37.47145223617554,863,44.282429933547974,862,45.36646032333374,862,45.676076889038086,861,46.01429629325867,861,46.890040159225464,860,47.72773480415344,860,48.05772280693054,860,53.71544885635376,858,54.03083086013794,856,54.50371336936951,855,54.883141040802,855,55.209389209747314,855,55.67837119102478,855,55.96355319023132,855,56.2909460067749,855,60.101470708847046
41,random_graphs/triangle/r1.5k24n16/graph41.lgbin,2481,58.40876221656799,869,1681,0,1571,3.4077484607696533,1382,3.8600165843963623,1216,8.055149555206299,1185,9.296913862228394,1087,10.002880334854126,1050,10.360755681991577,988,20.5418758392334,960,22.14407968521118,941,48.529948472976685,941,50.3307900428772,933,51.595335483551025,922,52.31619954109192,918,52.78228783607483,895,53.17236614227295,892,53.816649198532104,869,56.4094135761261,869,58.1290967464447,869,60.11158847808838
42,random_graphs/triangle/r1.5k24n16/graph42.lgbin,2481,60.121307134628296,1448,1648,0,1570,7.306924104690552,1448,60.31908106803894
43,random_graphs/triangle/r1.5k24n16/graph43.lgbin,2481,56.85266041755676,836,1725,0,1589,1.3128137588500977,1460,16.503782749176025,1393,16.97478485107422,1275,17.309168100357056,1159,17.680869340896606,1035,18.04468822479248,1027,24.985857486724854,970,30.396746397018433,934,31.979230642318726,902,32.336952447891235,889,40.1629912853241,889,40.47575330734253,882,40.96320557594299,865,41.303744077682495,855,41.69756364822388,855,41.99588131904602,855,42.40509819984436,855,48.56690979003906,855,48.9067599773407,853,49.24157094955444,837,50.06164240837097,836,50.37975454330444,836,50.69042348861694,836,50.993234634399414,836,51.28286099433899,836,54.49124598503113,836,55.05846118927002,836,55.374526262283325,836,55.68587613105774,836,56.08885669708252,836,56.37640380859375,836,59.580695152282715,836,60.104469776153564
44,random_graphs/triangle/r1.5k24n16/graph44.lgbin,2481,56.14344120025635,707,1630,0,1505,10.092780828475952,1341,10.469932317733765,1336,13.342108011245728,1263,13.697339534759521,1153,14.69707703590393,1071,15.048563718795776,899,19.29816436767578,881,19.744609117507935,859,20.20670223236084,834,20.561163902282715,834,20.838711500167847,775,22.510211944580078,743,22.894457817077637,742,26.599515914916992,730,26.936434507369995,730,28.210914611816406,730,28.526298999786377,730,28.833774089813232,722,29.1790452003479,721,30.40957236289978,721,30.800166130065918,721,31.458468437194824,721,31.747880935668945,721,35.47702932357788,720,36.24617600440979,717,43.8009877204895,717,44.54230976104736,717,44.81565546989441,717,45.18555212020874,714,46.501187324523926,714,46.79284739494324,714,47.32188034057617,714,50.43716859817505,714,50.71000146865845,713,51.11670207977295,713,51.409140825271606,713,51.78602647781372,713,55.4684362411499,712,55.8254337310791,712,56.12732243537903,707,56.49343228340149,707,60.10373520851135
45,random_graphs/triangle/r1.5k24n16/graph45.lgbin,2481,59.02714920043945,968,1656,0,1562,0.999370813369751,1501,1.8443570137023926,1438,3.1275522708892822,1394,6.795105457305908,1297,7.532068252563477,1268,7.90558123588562,1209,8.226310014724731,1073,9.781367540359497,1046,16.27012300491333,1046,19.398591995239258,1001,19.76750373840332,989,20.125044107437134,976,20.573482990264893,968,60.331756353378296
46,random_graphs/triangle/r1.5k24n16/graph46.lgbin,2481,53.561452865600586,871,1804,0,1675,9.900619983673096,1515,10.286317586898804,1395,11.4873685836792,1340,11.818110704421997,1213,12.960929155349731,1161,13.6905357837677,1120,16.62701940536499,1031,16.976643562316895,1031,19.274397611618042,1031,19.56708264350891,1017,20.83596134185791,981,21.173686027526855,951,21.543187618255615,941,21.908000469207764,938,22.526421546936035,925,23.158649444580078,921,23.50090193748474,921,27.804617643356323,907,28.819481134414673,907,29.104074001312256,888,29.505244255065918,888,29.77374005317688,888,31.05068850517273,888,31.398744821548462,883,31.738828897476196,883,32.01880979537964,881,32.36124539375305,881,34.12489342689514,881,34.40281653404236,880,34.7717227935791,880,35.0517520904541,877,35.45490574836731,877,36.45898127555847,877,36.751933097839355,877,37.055468797683716,874,37.404035568237305,874,39.14646601676941,873,39.41856551170349,873,39.69043517112732,873,39.947383642196655,871,40.28815579414368,871,40.588826179504395,871,40.873820543289185,871,41.60574436187744,871,43.691892862319946,871,43.98753380775452,871,44.94192457199097,871,45.230979204177856,871,47.33344292640686,871,47.60607194900513,871,47.90144443511963,871,48.18846607208252,871,50.28863716125488,871,50.60940670967102,871,50.879639863967896,871,51.15598511695862,871,51.507121086120605,871,53.62005376815796,871,53.92496037483215,871,54.19979929924011,871,54.496455669403076,871,54.80103325843811,871,56.89372730255127,871,57.66928291320801,871,57.94383454322815,871,58.23137307167053,871,58.526806592941284,871,58.85305738449097,871,60.101184368133545
47,random_graphs/triangle/r1.5k24n16/graph47.lgbin,2481,55.17233920097351,747,1679,0,1541,3.0430214405059814,1415,3.8593108654022217,1302,4.687793254852295,1229,4.995906829833984,1127,5.383025646209717,1068,6.646487474441528,960,7.57731556892395,860,7.937043190002441,783,17.554669857025146,766,17.87215757369995,765,19.893285751342773,765,20.793745517730713,750,21.142046213150024,750,24.11929965019226,750,24.39452338218689,749,24.761337995529175,749,25.066951990127563,749,25.92202877998352,749,26.216565370559692,749,26.468384265899658,748,27.15874743461609,748,27.854039430618286,748,30.44799041748047,748,33.44161248207092,748,33.74996209144592,748,34.42166042327881,748,34.71324634552002,748,34.966888189315796,748,35.218947410583496,748,38.22940993309021,748,38.50685167312622,748,41.48330116271973,748,41.73665380477905,748,42.03224968910217,748,42.71008014678955,747,43.22540545463562,747,43.48522400856018,747,46.459590673446655,747,46.76104807853699,747,47.431952238082886,747,51.212971687316895,747,51.57553243637085,747,51.875327587127686,747,52.17594075202942,747,52.430949449539185,747,52.68005895614624,747,53.36263465881348,747,56.33965992927551,747,56.95736765861511,747,57.25820779800415,747,57.583744287490845,747,58.26252555847168,747,58.51841616630554,747,60.095396280288696
48,random_graphs/triangle/r1.5k24n16/graph48.lgbin,2481,58.669816970825195,802,1752,0,1622,26.408647060394287,1526,26.93948197364807,1372,46.26243329048157,1271,48.32800269126892,1126,49.70615100860596,1074,50.06341552734375,938,54.240988969802856,903,54.97108316421509,847,55.401328325271606,845,57.89802289009094,820,59.177128076553345,812,59.594215869903564,802,59.95591759681702,802,60.10889220237732
49,random_graphs/triangle/r1.5k24n16/graph49.lgbin,2481,49.94661736488342,772,1598,0,1465,0.9295268058776855,1351,1.3836619853973389,1177,2.7150983810424805,1039,3.7808825969696045,938,4.389277219772339,888,4.764197826385498,880,5.2444167137146,878,6.393795967102051,833,6.763453960418701,833,7.092849969863892,824,7.5330493450164795,822,8.52270245552063,813,8.848889112472534,790,9.805697202682495,790,10.26351022720337,789,10.573628902435303,789,11.53650188446045,788,12.306802749633789,788,12.571618556976318,788,12.844857215881348,788,13.270700216293335,788,13.740835189819336,788,14.720665693283081,788,15.74588131904602,784,16.087891101837158,784,16.824576377868652,780,17.22109818458557,780,17.53282070159912,780,18.001598358154297,780,18.963892221450806,780,19.906595468521118,780,20.786113500595093,780,21.05990481376648,780,21.36577033996582,780,21.679572582244873,780,22.169591188430786,780,23.103485822677612,780,23.376348972320557,780,23.652809381484985,780,23.950016736984253,780,24.422916412353516,778,24.80198359489441,778,25.53444766998291,778,25.812902450561523,778,26.09006404876709,778,26.559596300125122,778,26.86485528945923,778,27.24188494682312,778,28.19913911819458,778,28.677135467529297,778,28.97609829902649,778,29.705636262893677,778,29.975637912750244,778,31.04899263381958,778,31.349092483520508,778,32.06691646575928,778,33.05554914474487,778,33.380154609680176,778,34.10496115684509,778,35.061023235321045,778,35.78150010108948,778,36.08546328544617,778,36.834224700927734,778,37.10287666320801,778,37.586533546447754,778,38.726303815841675,778,39.02618908882141,778,39.2972686290741,778,40.01499795913696,778,40.51335549354553,778,40.82092571258545,778,41.128268241882324,778,41.84731721878052,778,42.10235238075256,778,42.58766508102417,778,42.897955656051636,778,43.60033941268921,778,44.4805166721344,778,45.2418999671936,778,45.52177834510803,778,46.003254413604736,778,46.31189322471619,778,47.002251386642456,778,48.00614523887634,778,48.738173961639404,778,49.00816321372986,778,49.491350412368774,778,49.80438780784607,778,50.12484645843506,777,50.87138819694519,777,51.937744140625,777,52.26699423789978,777,52.995840072631836,777,53.27489757537842,777,53.73039197921753,777,54.431394815444946,777,54.74882245063782,777,55.499173402786255,777,55.777745723724365,777,56.23299217224121,776,56.563523054122925,776,57.29116177558899,774,57.99693274497986,774,58.30100083351135,772,58.63464975357056,772,59.3699905872345,772,59.63382291793823,772,60.10215616226196
0,random_graphs/triangle/r1.5k24n16/graph0.lgbin,2488,56.0164794921875,910,1739,0,1640,4.079575777053833,1483,4.610920667648315,1363,18.38276171684265,1260,21.151472091674805,1218,23.44878602027893,1201,24.23131251335144,1137,24.61918878555298,1029,25.00581955909729,1028,26.8120334148407,989,27.174753189086914,985,27.535101413726807,969,28.526363372802734,969,29.32350516319275,969,29.664048433303833,943,30.015247583389282,939,31.403784036636353,938,31.82267928123474,938,32.13360404968262,929,32.494099378585815,929,32.848692178726196,929,33.17587089538574,929,35.141799211502075,925,35.549341678619385,925,35.88515090942383,925,36.21758532524109,922,36.57873344421387,922,36.89155721664429,914,40.42556667327881,914,40.732935428619385,914,43.457298278808594,914,46.09239745140076,911,46.4784574508667,911,46.78012466430664,911,47.09441614151001,911,47.389742851257324,911,47.70779061317444,911,50.315807580947876,910,51.38615608215332,910,51.734295129776,910,52.04933166503906,910,60.11047720909119
1,random_graphs/triangle/r1.5k24n16/graph1.lgbin,2488,55.14238715171814,803,1622,0,1491,1.3651771545410156,1333,1.7674055099487305,1258,2.0952305793762207,1162,7.035243511199951,1126,7.490839242935181,1092,9.542241096496582,1020,9.882641077041626,1004,11.14336109161377,919,11.526033163070679,919,11.88021469116211,899,12.273399829864502,892,13.798414945602417,892,14.087924718856812,892,15.14902925491333,860,15.657747507095337,860,16.028799772262573,850,16.41282367706299,850,17.62197256088257,849,17.989033699035645,843,18.34416151046753,843,24.90924620628357,843,25.221729278564453,843,25.52171492576599,843,26.58581805229187,843,28.421140909194946,843,28.80059003829956,842,29.174052476882935,842,35.69943118095398,842,36.01628589630127,842,36.30544066429138,842,38.90779948234558,842,39.96188998222351,842,40.30729150772095,842,40.58851647377014,842,41.777100801467896,819,42.07058811187744,815,42.64314079284668,815,43.16100358963013,815,44.214866161346436,815,44.50559139251709,815,46.35364603996277,804,46.66945743560791,804,46.97673535346985,804,47.21884775161743,804,47.501965284347534,804,54.01898384094238,804,54.31034469604492,804,54.58718276023865,804,54.82679796218872,803,55.13093614578247,803,55.40844917297363,803,60.10520577430725
2,random_graphs/triangle/r1.5k24n16/graph2.lgbin,2488,58.321168422698975,871,1672,0,1535,8.79957890510559,1468,11.55755352973938,1428,14.676330804824829,1284,16.231518507003784,1184,17.674108743667603,1062,21.0095374584198,984,22.31701898574829,915,22.70293402671814,913,24.554420948028564,913,27.289979696273804,913,29.515536069869995,901,29.976258754730225,882,30.3946795463562,876,30.751038074493408,874,46.51450324058533,874,46.8439404964447,871,47.207274198532104,871,47.55796480178833,871,60.1206169128418
3,random_graphs/triangle/r1.5k24n16/graph3.lgbin,2488,54.38614749908447,800,1682,0,1549,0.5015325546264648,1479,2.4544126987457275,1382,3.6007986068725586,1291,4.857755422592163,1216,6.390540599822998,1206,9.992058992385864,1102,11.521048307418823,1038,11.868443965911865,961,12.641011238098145,913,13.161669492721558,899,14.02247405052185,888,14.344684600830078,883,14.942466497421265,880,18.330517292022705,880,18.855654001235962,874,19.200013160705566,874,19.47468400001526,874,19.855403661727905,866,21.473940134048462,853,21.864986896514893,847,22.39777708053589,847,25.8312726020813,847,26.16232991218567,847,26.661004543304443,826,27.091291904449463,810,27.45299243927002,810,27.791284561157227,810,28.130256414413452,808,28.49763774871826,808,28.85049557685852,802,29.215008020401,802,30.208293676376343,800,30.74335527420044,800,34.15956664085388,800,34.532495737075806,800,34.853445291519165,800,35.370875120162964,800,35.77771496772766,800,36.78980374336243,800,40.21158719062805,800,40.5322003364563,800,40.84526872634888,800,41.18422746658325,800,41.999420166015625,800,42.32846713066101,800,45.72925615310669,800,46.24000334739685,800,46.57670211791992,800,47.58785319328308,800,47.918588638305664,800,51.32229971885681,800,51.83285474777222,800,52.1396005153656,800,52.683773040771484,800,53.00401949882507,800,53.51087760925293,800,56.940366983413696,800,57.26501774787903,800,57.54488730430603,800,57.86963510513306,800,60.10854196548462
4,random_graphs/triangle/r1.5k24n16/graph4.lgbin,2488,59.415180683135986,949,1770,0,1680,6.835869312286377,1553,7.189675569534302,1456,7.5140368938446045,1213,7.909650564193726,1182,26.310133934020996,1097,37.60071301460266,1017,37.94058012962341,949,39.471028566360474,949,60.28834128379822
5,random_graphs/triangle/r1.5k24n16/graph5.lgbin,2488,58.39582180976868,772,1626,0,1528,0.4332113265991211,1407,3.421238422393799,1371,3.7940688133239746,1298,4.207174062728882,1194,8.750600576400757,1148,31.119648456573486,1010,32.01627206802368,852,39.49214577674866,825,39.858864068984985,803,40.183955907821655,803,46.006216287612915,789,46.324246883392334,782,46.680680990219116,782,56.50459146499634,782,56.80253291130066,782,57.10278034210205,772,58.25856804847717,772,60.108131408691406
6,random_graphs/triangle/r1.5k24n16/graph6.lgbin,2488,54.359618186950684,895,1676,0,1533,0.42575883865356445,1440,5.861269950866699,1340,7.425562620162964,1222,7.775005578994751,1149,8.65915060043335,1109,9.007439851760864,1019,10.563127040863037,1019,12.138482570648193,1003,12.478577613830566,1003,13.131527423858643,995,14.907082557678223,990,15.241600036621094,981,15.592921733856201,973,19.72780442237854,969,20.063064098358154,969,21.264164209365845,957,21.58160948753357,957,21.85413932800293,957,22.147352933883667,956,25.48505973815918,955,26.994527578353882,953,27.340519428253174,951,29.201003074645996,942,29.557066202163696,942,31.1220064163208,942,31.42049813270569,941,32.617467403411865,941,33.815871477127075,937,34.180081844329834,937,34.459816217422485,937,36.12264370918274,937,38.11001658439636,934,38.410059452056885,934,38.67202806472778,934,40.225830078125,934,40.50153470039368,927,40.842936992645264,927,41.133153200149536,924,42.01639938354492,924,42.29644322395325,924,43.94667625427246,924,45.31328845024109,924,45.59244966506958,924,45.88698434829712,923,47.68946671485901,923,49.26293158531189,921,50.36438202857971,921,51.74339294433594,921,53.0360906124115,921,53.32142186164856,921,53.60227155685425,916,53.929234981536865,904,54.6919310092926,903,54.948758363723755,900,55.29641914367676,900,56.88647437095642,900,57.20205473899841,900,58.57775044441223,896,59.690704345703125,895,60.09746479988098
7,random_graphs/triangle/r1.5k24n16/graph7.lgbin,2488,53.30587577819824,805,1628,0,1521,0.41053009033203125,1433,2.410182476043701,1351,5.210206747055054,1153,6.435417890548706,1119,7.209963321685791,995,8.06504774093628,968,8.499905347824097,886,8.951361894607544,885,10.384825468063354,883,10.759461164474487,882,11.120102882385254,878,14.353952407836914,878,14.65023946762085,876,15.03450870513916,876,16.543657541275024,863,17.3101327419281,860,17.92024540901184,860,18.232584238052368,854,21.832276344299316,851,22.17923402786255,851,22.445725917816162,851,23.532888174057007,844,24.70205855369568,840,25.05787420272827,840,25.358481884002686,838,26.12829351425171,834,26.517030715942383,834,27.35325264930725,834,27.635880947113037,833,27.996237754821777,833,30.335500240325928,833,30.827876806259155,833,31.131443977355957,832,31.70153284072876,830,32.42298126220703,826,33.0388720035553,826,33.72504925727844,826,34.12036442756653,826,34.40454649925232,826,34.65860915184021,826,35.3858540058136,826,35.69900631904602,825,36.06817626953125,825,36.47029519081116,823,36.84515714645386,823,37.564719915390015,823,37.90317368507385,823,42.327494382858276,821,42.77581429481506,818,43.06830859184265,817,43.43781352043152,816,43.86300611495972,816,44.16027641296387,816,44.49384617805481,816,45.23273849487305,816,49.64615869522095,816,50.327807664871216,816,51.75256085395813,811,52.64680218696594,811,52.98029971122742,811,53.237099409103394,811,53.564207553863525,811,53.94047832489014,809,54.243951082229614,809,54.96942710876465,809,55.27900266647339,809,55.57426428794861,806,55.92145395278931,806,56.215168952941895,805,56.634114503860474,805,60.12870526313782
8,random_graphs/triangle/r1.5k24n16/graph8.lgbin,2488,51.74939823150635,929,1761,0,1647,2.709803819656372,1570,4.681332111358643,1477,5.044714450836182,1383,5.606831789016724,1354,9.003793478012085,1194,9.439788579940796,1179,10.915653467178345,1169,11.305851697921753,1107,13.250090837478638,1106,13.595282077789307,1059,13.998807907104492,1008,14.434731721878052,1008,15.68004059791565,993,16.04035234451294,989,16.774011611938477,976,17.7970712184906,975,18.16623568534851,970,18.55664324760437,968,18.912817239761353,968,19.24159026145935,968,19.55111575126648,968,19.846638917922974,968,20.193800926208496,948,20.530617713928223,948,20.820125818252563,940,22.3866126537323,940,23.942593574523926,940,25.316713333129883,930,25.68386745452881,930,26.488276720046997,930,26.823174953460693,930,27.122560739517212,930,27.462658405303955,930,27.74176859855652,930,29.10886836051941,930,29.44682264328003,930,29.729551076889038,929,31.71227765083313,929,33.15976071357727,929,34.40105628967285,929,34.74247097969055,929,35.04101347923279,929,35.376184940338135,929,35.655813694000244,929,35.93167519569397,929,36.722453355789185,929,37.961031675338745,929,38.295286417007446,929,38.596394300460815,929,38.88240075111389,929,39.14910531044006,929,40.41399598121643,929,41.65329098701477,929,42.000911474227905,929,42.30136823654175,929,42.568161487579346,929,42.909278869628906,929,43.191627740859985,929,43.98344659805298,929,45.211122274398804,929,45.547123670578,929,45.84567928314209,929,46.12767767906189,929,46.435434341430664,929,46.772814989089966,929,47.05576515197754,929,48.507405281066895,929,49.73293995857239,929,50.03531336784363,929,50.3198606967926,929,50.604363441467285,929,51.26896786689758,929,52.506157875061035,929,52.85631442070007,929,53.14105010032654,929,53.42411255836487,929,53.73002648353577,929,54.97316837310791,929,56.39614987373352,929,57.35928535461426,929,57.64143252372742,929,57.982277631759644,929,58.746737241744995,929,59.97254967689514,929,60.103203773498535
9,random_graphs/triangle/r1.5k24n16/graph9.lgbin,2488,58.31130051612854,888,1698,0,1635,11.85431718826294,1522,20.744757175445557,1358,28.0404314994812,1224,44.819998025894165,1120,46.70974397659302,1025,47.15835952758789,983,49.20340943336487,967,50.00758504867554,949,50.91311717033386,944,52.293346881866455,944,54.47011733055115,925,54.80326795578003,923,55.69336128234863,910,56.18758463859558,910,56.57088375091553,910,56.83584451675415,903,57.77842950820923,892,59.1196665763855,888,59.520626068115234,888,60.095500230789185
10,random_graphs/triangle/r1.5k24n16/graph10.lgbin,2488,56.17667889595032,861,1955,0,1803,5.166125059127808,1635,7.105526924133301,1555,8.900170803070068,1421,11.760075569152832,1227,15.816258430480957,1113,26.33747935295105,1096,29.25382351875305,990,29.585503816604614,948,30.12973427772522,939,30.620888471603394,920,30.93413019180298,911,31.60418176651001,910,33.57517695426941,910,33.868247509002686,910,37.20914149284363,883,37.622127294540405,868,37.995208501815796,868,38.254401445388794,868,38.57854342460632,867,39.289884090423584,867,39.598392486572266,866,39.97019553184509,866,40.29297733306885,865,40.7934193611145,862,41.12376546859741,862,41.394530296325684,862,45.06459140777588,861,45.450544595718384,861,45.76223421096802,861,46.05610728263855,861,46.37334847450256,861,46.84795570373535,861,50.51615262031555,861,50.80567121505737,861,52.611494302749634,861,53.05001759529114,861,53.39029502868652,861,57.053038358688354,861,57.3374547958374,861,57.88206386566162,861,60.10024285316467
11,random_graphs/triangle/r1.5k24n16/graph11.lgbin,2488,60.212969064712524,1541,1667,0,1541,60.311999559402466
12,random_graphs/triangle/r1.5k24n16/graph12.lgbin,2488,52.21373701095581,757,1650,0,1462,4.736104249954224,1316,8.32995891571045,1212,8.799816131591797,1141,9.164396047592163,1018,9.510291337966919,972,10.457883834838867,925,10.840066194534302,878,12.180184602737427,875,13.420078754425049,872,13.806718349456787,836,14.155588865280151,813,14.519793510437012,812,15.286906719207764,798,16.547590494155884,798,17.784470796585083,792,18.141603231430054,781,19.011457681655884,778,19.315989017486572,778,20.171644687652588,777,20.52786374092102,776,21.45619034767151,776,21.75948977470398,776,22.05804133415222,774,22.75287675857544,774,23.070069789886475,774,23.352755546569824,774,24.61124086380005,772,24.953004360198975,772,25.882860898971558,772,26.74198865890503,771,27.10749340057373,768,27.460610151290894,768,28.11011791229248,768,28.417398691177368,768,28.68932342529297,764,29.04682421684265,764,29.33784556388855,764,30.569755792617798,764,30.875850677490234,762,31.199787139892578,762,31.470815658569336,762,32.19828987121582,761,33.14543032646179,761,34.083235025405884,761,35.32849860191345,758,35.67861986160278,758,35.972466230392456,758,36.93862462043762,757,37.29583954811096,757,37.58762860298157,757,38.5337290763855,757,39.771294832229614,757,40.95092844963074,757,41.27536463737488,757,41.5653760433197,757,42.22344422340393,757,43.4600989818573,757,44.23740839958191,757,45.422860622406006,757,45.72505569458008,757,46.387248039245605,757,46.67745780944824,757,47.860896587371826,757,48.66028904914856,757,48.94581604003906,757,49.22274589538574,757,49.541959047317505,757,50.3132050037384,757,51.49960446357727,757,51.80865240097046,757,52.09057569503784,757,52.38797116279602,757,53.636783599853516,757,53.93063569068909,757,54.66735506057739,757,55.86421990394592,757,57.47629523277283,757,58.13991641998291,757,58.43569040298462,757,58.739380836486816,757,59.93595314025879,757,60.10095834732056
13,random_graphs/triangle/r1.5k24n16/graph13.lgbin,2488,57.9673056602478,770,1501,0,1422,5.57289719581604,1350,12.784529685974121,1188,23.553732872009277,1104,24.46044158935547,1016,24.80810284614563,971,25.202956199645996,890,25.62051272392273,854,33.79358196258545,842,35.89501476287842,819,38.2735435962677,792,42.85036635398865,779,43.457963705062866,777,45.884594440460205,775,46.28150653839111,773,49.255983114242554,773,52.94044089317322,773,53.23388886451721,772,53.58442139625549,770,54.66193175315857,770,58.550657510757446,770,58.85676908493042,770,60.13951873779297
14,random_graphs/triangle/r1.5k24n16/graph14.lgbin,2488,55.23469805717468,797,1566,0,1416,0.45325398445129395,1309,6.938022136688232,1223,7.336821794509888,1131,7.6705029010772705,945,7.995037078857422,899,8.33852243423462,877,8.665935277938843,838,14.083259582519531,832,16.9841628074646,824,19.408419370651245,824,19.704793214797974,822,20.067216873168945,808,20.44332981109619,808,23.568695306777954,807,23.967129707336426,807,24.294158458709717,807,24.56599259376526,807,24.879001140594482,806,25.235035181045532,806,28.001083850860596,806,31.122233152389526,805,31.447240352630615,803,31.930718183517456,803,32.316977977752686,803,32.59885931015015,801,32.94082498550415,801,33.27913784980774,798,33.63304662704468,798,36.73847770690918,798,41.52123665809631,798,42.38296604156494,798,42.65137791633606,798,43.04611158370972,798,43.38249850273132,798,43.65748977661133,798,43.96148920059204,798,45.22758913040161,798,48.305920362472534,798,48.638391733169556,798,48.90654516220093,798,49.28710746765137,798,52.35202360153198,798,52.68320441246033,798,52.95396089553833,798,53.26211667060852,798,56.32966947555542,798,56.70934271812439,798,57.03547763824463,797,58.507970571517944,797,59.46310782432556,797,59.757458209991455,797,60.02300953865051
15,random_graphs/triangle/r1.5k24n16/graph15.lgbin,2488,55.21520781517029,867,1960,0,1791,0.38146209716796875,1672,10.619730472564697,1560,14.54039478302002,1333,16.300514698028564,1192,17.041226863861084,1095,17.891438722610474,1035,19.75691294670105,971,20.11323571205139,966,21.78851008415222,925,22.127239227294922,925,22.417335987091064,910,22.72392988204956,910,24.6431782245636,907,24.993075370788574,907,25.284323692321777,907,25.57174849510193,907,31.183892011642456,906,31.989967823028564,898,32.3681538105011,898,34.27164149284363,889,34.65757727622986,880,35.31248140335083,877,35.66031312942505,874,36.99830913543701,874,37.27394700050354,874,37.56226658821106,874,37.91054630279541,867,38.18633031845093,867,38.44751501083374,867,38.72138786315918,867,39.0110137462616,867,39.29071617126465,867,40.02005982398987,867,40.3652548789978,867,43.28853130340576,867,45.17391514778137,867,45.44932007789612,867,47.1344256401062,867,49.038323163986206,867,49.29899859428406,867,54.870983600616455,867,55.16191244125366,867,55.44849872589111,867,55.72232246398926,867,57.58093023300171,867,58.28427076339722,867,58.57185363769531,867,58.84985160827637,867,59.194417238235474,867,59.47194242477417,867,60.11530375480652
16,random_graphs/triangle/r1.5k24n16/graph16.lgbin,2488,56.417073488235474,837,1889,0,1739,0.9239864349365234,1612,2.499089002609253,1413,2.9466021060943604,1332,3.4861574172973633,1325,4.040452480316162,1252,4.5289928913116455,1180,5.481446981430054,1118,13.469067811965942,958,13.909943342208862,958,14.294550895690918,944,15.283972263336182,944,23.84707021713257,941,24.165903568267822,936,25.00374174118042,936,25.58135223388672,936,26.379591464996338,936,27.936116456985474,905,28.775664806365967,905,29.172387838363647,885,29.90565586090088,876,30.966209173202515,876,31.77074670791626,876,32.228280782699585,869,41.16831994056702,869,41.76627159118652,869,51.25092077255249,866,51.596723556518555,866,52.48176145553589,852,52.855767488479614,852,53.15800094604492,839,53.548816442489624,839,56.07296681404114,839,56.66018080711365,839,56.98351550102234,839,57.28447604179382,839,58.16702198982239,837,58.60893440246582,837,60.117348432540894
17,random_graphs/triangle/r1.5k24n16/graph17.lgbin,2488,59.34138822555542,1026,1711,0,1608,31.98631000518799,1467,34.4073920249939,1326,35.01811170578003,1224,36.17405915260315,1146,37.405797719955444,1067,40.886475801467896,1030,41.26010251045227,1026,60.103978633880615
18,random_graphs/triangle/r1.5k24n16/graph18.lgbin,2488,55.23517394065857,691,1595,0,1469,3.1087982654571533,1314,3.7277228832244873,1137,5.996549844741821,975,8.863056421279907,931,9.913147449493408,918,10.353145360946655,842,10.991374492645264,771,11.553851842880249,771,12.070244073867798,767,14.122688293457031,765,14.99826192855835,765,15.998831510543823,719,16.418494939804077,713,16.74924349784851,703,17.122957468032837,702,17.54041290283203,701,17.924593210220337,701,18.25804305076599,701,18.654999256134033,701,18.973255395889282,701,19.523054599761963,701,26.542964220046997,701,26.87533140182495,701,27.750397205352783,701,28.019951820373535,701,28.40690302848816,701,28.71177577972412,692,29.095674753189087,692,29.416674375534058,692,30.278853178024292,692,37.33140444755554,692,37.65960478782654,692,38.519391775131226,691,38.88482427597046,691,39.19544720649719,691,39.511513471603394,691,47.569823265075684,691,48.45589756965637,691,48.72616386413574,691,49.050708293914795,691,49.333831787109375,691,49.69775724411011,691,50.01310181617737,691,50.890055418014526,691,51.44003748893738,691,52.28183937072754,691,52.5802059173584,691,59.60196495056152,691,59.92239212989807,691,60.099268198013306
19,random_graphs/triangle/r1.5k24n16/graph19.lgbin,2488,56.7647864818573,835,1686,0,1546,1.9557011127471924,1418,7.505200386047363,1382,14.906260251998901,1347,18.738234281539917,1219,19.097090482711792,1100,19.747806787490845,1054,20.131412506103516,1012,20.44735622406006,999,23.266573190689087,953,25.09895968437195,953,25.404830932617188,937,27.617391109466553,926,27.9887592792511,909,28.387222290039062,909,32.82704544067383,884,33.168811082839966,879,36.14618253707886,879,36.44158411026001,854,37.8963508605957,850,38.30938243865967,849,38.62336754798889,849,40.31801462173462,847,40.637247800827026,847,40.96867394447327,847,41.21926498413086,845,53.16821527481079,844,53.543604612350464,840,53.919039726257324,840,54.21498775482178,840,54.529258012771606,840,54.781187295913696,835,55.144160747528076,835,56.44827580451965,835,60.103416442871094
20,random_graphs/triangle/r1.5k24n16/graph20.lgbin,2488,59.64877200126648,1125,1946,0,1820,2.296328067779541,1680,4.38920259475708,1477,4.718320369720459,1390,5.573045492172241,1241,6.9387805461883545,1142,7.37822699546814,1125,60.31232404708862
21,random_graphs/triangle/r1.5k24n16/graph21.lgbin,2488,52.9994912147522,869,1758,0,1657,4.062354803085327,1535,8.50272011756897,1361,8.846374750137329,1241,9.265752077102661,1199,9.642506837844849,1117,11.766778469085693,1083,13.441189765930176,1005,14.543579339981079,959,14.922933578491211,957,15.282281160354614,940,16.853573322296143,925,18.559133768081665,925,18.882558345794678,925,20.55940556526184,924,20.960365056991577,911,22.20975399017334,911,22.568881273269653,900,23.097427368164062,900,23.458917379379272,900,24.60665488243103,900,24.933939933776855,900,25.254155158996582,900,25.642970323562622,900,26.938995838165283,900,27.264092922210693,900,28.389573335647583,899,28.755535125732422,899,29.09583878517151,899,30.378627061843872,894,31.315202713012695,894,31.698392152786255,894,32.528364181518555,889,33.73224687576294,884,34.18339991569519,884,34.54456567764282,884,34.958176374435425,883,35.771870851516724,883,37.05396580696106,882,37.60323882102966,880,37.97623419761658,880,38.96546006202698,879,39.308505058288574,879,40.25007510185242,879,40.98803353309631,879,41.33306932449341,869,41.6796658039093,869,42.07907176017761,869,43.56761360168457,869,43.89862895011902,869,44.293596267700195,869,44.98164916038513,869,45.299930572509766,869,46.06270694732666,869,47.55154824256897,869,47.838382959365845,869,48.63665413856506,869,49.04157114028931,869,49.74231815338135,869,51.23410367965698,869,52.18826174736023,869,52.5161247253418,869,52.85811161994934,869,53.26668572425842,869,53.96360683441162,869,55.45971369743347,869,56.395719051361084,869,57.2119414806366,869,57.613871812820435,869,57.902565479278564,869,59.394630908966064,869,60.08219814300537
22,random_graphs/triangle/r1.5k24n16/graph22.lgbin,2488,56.27923917770386,829,1720,0,1586,0.7226870059967041,1465,3.5800857543945312,1394,3.968510150909424,1269,9.361119747161865,1183,11.57522201538086,1031,15.162416458129883,997,15.852248191833496,985,16.836053609848022,964,17.201327562332153,952,18.390573024749756,950,20.333033800125122,950,22.687071800231934,920,23.13267493247986,915,23.483336210250854,915,25.329771041870117,910,25.71590805053711,906,26.400275945663452,906,28.322978496551514,904,28.673672199249268,902,29.08605170249939,898,29.42360544204712,897,29.840883016586304,889,30.182896614074707,889,30.473825931549072,888,31.424567461013794,887,31.762298107147217,887,32.059545278549194,885,48.229960203170776,883,49.40005946159363,882,50.347761154174805,877,53.283828020095825,877,54.41944646835327,865,55.63872575759888,865,56.7853057384491,851,57.09043502807617,834,57.50212001800537,831,57.82222032546997,830,58.582008600234985,829,58.90988779067993,829,59.16763138771057,829,60.1025607585907
23,random_graphs/triangle/r1.5k24n16/graph23.lgbin,2488,56.23296499252319,817,1759,0,1646,4.167046546936035,1475,7.578152894973755,1292,8.00833010673523,1181,8.368338346481323,1118,8.785017251968384,980,9.16637396812439,928,16.35679602622986,912,17.877652406692505,912,18.192466259002686,908,18.500879287719727,908,19.785680294036865,903,23.340522527694702,903,23.71045160293579,877,24.063984632492065,871,24.464827299118042,871,24.795408725738525,860,25.118987798690796,854,25.84742546081543,854,26.1175217628479,851,43.95619606971741,850,44.40349555015564,850,45.79920053482056,849,47.330299854278564,848,48.799301624298096,848,50.07707905769348,840,50.85588097572327,840,51.32942008972168,834,51.725513219833374,834,52.05139398574829,834,52.318318605422974,834,53.418697118759155,832,53.767534494400024,832,54.06373596191406,832,55.33170485496521,818,56.100757360458374,818,56.881346464157104,818,57.18061804771423,817,58.435232162475586,817,58.70541715621948,817,59.514403104782104,817,60.102280378341675
24,random_graphs/triangle/r1.5k24n16/graph24.lgbin,2488,51.51457071304321,809,1773,0,1669,0.4347653388977051,1466,2.817871332168579,1333,4.193279027938843,1244,4.945610284805298,1144,5.294401168823242,1098,6.89491081237793,978,7.263198614120483,978,8.981672286987305,975,9.321208715438843,975,9.618958234786987,947,11.645350456237793,943,12.02472186088562,923,12.406076431274414,912,12.991837501525879,910,13.392055749893188,904,14.667508602142334,902,15.130541563034058,889,15.494723081588745,877,16.65834355354309,873,17.032140016555786,871,17.333074808120728,870,17.645089864730835,870,17.936715126037598,865,18.2583487033844,865,18.53769016265869,865,18.818702220916748,865,19.11888861656189,864,20.074976682662964,860,20.44304585456848,859,20.907474517822266,859,22.179853439331055,842,23.42349863052368,842,24.83701252937317,842,25.75952410697937,842,26.042768478393555,842,26.344878911972046,842,27.73471212387085,841,28.477782011032104,841,29.49194574356079,840,29.869343280792236,840,30.188167572021484,840,30.473253965377808,840,30.796454668045044,840,31.13509464263916,840,31.435856580734253,840,32.81835651397705,840,33.10411190986633,840,33.44888401031494,840,33.74582552909851,840,35.12094712257385,840,35.9546537399292,838,36.85495114326477,836,37.294933557510376,835,38.233930349349976,832,38.6176073551178,832,38.92281103134155,832,39.21260046958923,832,40.622546434402466,824,41.030455350875854,824,41.36385536193848,824,41.64964151382446,824,43.01396417617798,823,44.52989101409912,823,44.86235857009888,821,45.23974132537842,821,45.54641652107239,821,46.94311809539795,821,47.23214364051819,817,47.57062554359436,817,47.96466827392578,816,48.325019121170044,816,48.770416021347046,816,50.11706185340881,816,50.427191972732544,816,50.71085548400879,816,51.01015114784241,816,52.372798442840576,816,52.71549868583679,816,53.02367115020752,816,54.3980507850647,816,54.65945219993591,816,55.06100010871887,816,55.4044394493103,810,55.7594153881073,809,56.31294560432434,809,57.833245277404785,809,59.210981130599976,809,59.52641415596008,809,59.90990686416626,809,60.09802484512329
25,random_graphs/triangle/r1.5k24n16/graph25.lgbin,2488,54.304664850234985,852,1924,0,1812,3.52880597114563,1758,4.779904127120972,1588,6.010063409805298,1495,6.737417936325073,1347,7.6171886920928955,1231,8.057083129882812,1117,11.478709936141968,1015,11.811472654342651,1014,12.739028692245483,1014,15.91503381729126,978,16.252174615859985,941,17.771418809890747,935,18.204925537109375,929,18.51593327522278,928,18.910380601882935,928,19.178420066833496,916,19.49390196800232,911,20.060410737991333,911,20.449135541915894,910,20.769646883010864,910,21.11459517478943,902,26.946783304214478,902,28.66492009162903,893,29.00532865524292,882,29.3382248878479,882,29.59114384651184,882,31.045973777770996,882,31.34080481529236,878,31.603565454483032,878,31.864576816558838,873,32.684916734695435,869,33.10527229309082,867,33.421711444854736,867,33.70568251609802,867,33.97425818443298,867,36.783013343811035,867,37.065088987350464,867,39.860578298568726,859,40.201542377471924,859,40.49850296974182,859,40.76007843017578,858,41.42182540893555,858,41.70997643470764,858,44.50281572341919,858,44.75877332687378,858,46.924609422683716,858,47.185912132263184,858,47.532389402389526,858,48.95595908164978,856,49.264875650405884,856,49.5279815196991,856,51.708412170410156,852,52.12032866477966,852,52.419594287872314,852,52.699177503585815,852,55.49665951728821,852,55.76152801513672,852,57.922361612319946,852,58.25701022148132,852,58.52275276184082,852,60.117589235305786
26,random_graphs/triangle/r1.5k24n16/graph26.lgbin,2488,58.091063022613525,955,1896,0,1815,4.839446067810059,1702,30.277990579605103,1552,31.43446445465088,1455,32.31168723106384,1423,32.791486501693726,1290,33.21392107009888,1281,41.22007513046265,1088,41.97381258010864,1056,42.39909791946411,1056,43.07317566871643,1054,43.47301006317139,1047,45.06916666030884,1000,45.429038763046265,992,46.411354064941406,992,47.26450514793396,992,47.56286287307739,992,51.34392714500427,960,51.74512219429016,956,52.156540870666504,956,59.51618790626526,955,60.10657215118408
27,random_graphs/triangle/r1.5k24n16/graph27.lgbin,2488,59.441187381744385,942,1554,0,1436,39.558226108551025,1285,46.756685972213745,1210,47.05296230316162,1100,47.522241830825806,1020,48.80255937576294,945,51.477245569229126,942,60.09955453872681
28,random_graphs/triangle/r1.5k24n16/graph28.lgbin,2488,57.58857226371765,863,1687,0,1574,10.861297369003296,1506,12.080745458602905,1382,12.84310531616211,1338,14.386066436767578,1170,15.087900400161743,1067,17.856404781341553,1035,19.73605442047119,946,22.189627647399902,946,24.600484609603882,924,25.4013888835907,918,28.359538793563843,901,29.17196273803711,887,29.52442169189453,887,40.38193130493164,887,40.71305322647095,887,41.4439492225647,887,43.55187916755676,887,44.27242565155029,887,55.18295884132385,884,56.087080001831055,884,56.38204789161682,884,56.73807668685913,884,57.43294644355774,884,58.26798367500305,867,58.68038511276245,867,58.98158884048462,863,60.106080055236816
29,random_graphs/triangle/r1.5k24n16/graph29.lgbin,2488,52.45235204696655,815,1887,0,1744,0.9923818111419678,1639,10.494963884353638,1464,15.322103023529053,1361,17.423094749450684,1317,17.986302137374878,1184,19.174251794815063,1065,19.532515287399292,947,19.932718753814697,947,21.305721521377563,947,21.65311622619629,918,22.0620059967041,873,22.45715355873108,871,22.819984436035156,866,23.201539754867554,841,23.573344469070435,839,24.58679437637329,839,24.893232822418213,839,25.781044721603394,839,26.706044673919678,833,27.118903160095215,833,27.44873857498169,833,28.09592580795288,831,28.73426914215088,831,29.021809101104736,831,29.34620690345764,831,29.698632955551147,831,30.18365216255188,831,31.583176612854004,818,31.905384063720703,818,32.17527747154236,818,32.495352029800415,817,32.86452388763428,817,33.212226152420044,817,33.5277202129364,817,33.83017921447754,817,34.89954853057861,817,36.29679346084595,815,36.61357259750366,815,36.88152527809143,815,37.170923948287964,815,37.517781496047974,815,37.83226752281189,815,38.1568386554718,815,39.540064573287964,815,39.8087055683136,815,40.12270641326904,815,40.41293668746948,815,40.73491144180298,815,41.61086320877075,815,42.99308204650879,815,43.259828090667725,815,43.5450325012207,815,43.995972871780396,815,44.283830881118774,815,44.58790397644043,815,45.97759437561035,815,46.29560327529907,815,46.61165452003479,815,46.9257025718689,815,48.32112169265747,815,48.66268587112427,815,48.93250894546509,815,49.88793087005615,815,50.23144197463989,815,50.54750204086304,815,51.941077709198,815,52.260584354400635,815,52.53006553649902,815,52.84465432167053,815,53.187177419662476,815,53.49838995933533,815,54.55289936065674,815,55.953439235687256,815,56.29492545127869,815,56.56495380401611,815,57.94969987869263,815,58.26591157913208,815,58.57932114601135,815,58.93232727050781,815,59.81653141975403,815,60.09795355796814
30,random_graphs/triangle/r1.5k24n16/graph30.lgbin,2488,56.503913164138794,717,1679,0,1537,0.5285468101501465,1410,2.9746663570404053,1313,9.065400838851929,1210,11.037403106689453,1083,11.539374828338623,984,11.9417884349823,891,13.770184993743896,793,14.208789110183716,793,20.50288963317871,792,21.726043939590454,777,22.36807870864868,775,22.9301495552063,751,23.606887102127075,747,24.075317859649658,746,26.234105110168457,746,26.632716178894043,746,27.163747549057007,746,27.534506797790527,737,28.158204793930054,733,28.747424364089966,732,29.283108949661255,732,29.660311937332153,732,30.039621591567993,731,30.713852405548096,731,31.022759675979614,727,31.4552583694458,727,31.817830085754395,727,32.339988470077515,727,35.92278242111206,727,36.26554608345032,727,36.57533383369446,723,37.114638328552246,723,37.47761154174805,718,49.043479204177856,717,49.50427794456482,717,57.68828248977661,717,58.09568476676941,717,60.100329637527466
31,random_graphs/triangle/r1.5k24n16/graph31.lgbin,2488,57.881869316101074,900,1703,0,1550,0.47498345375061035,1407,13.07052993774414,1227,13.960638046264648,1144,14.416508436203003,1085,14.811631441116333,1009,15.894567489624023,994,17.346312761306763,985,30.963290452957153,964,31.359905004501343,958,32.033461570739746,939,32.40100383758545,925,32.755512952804565,923,33.42894887924194,914,33.78756380081177,914,35.45714735984802,914,35.76400971412659,912,36.41920328140259,911,36.75539231300354,911,37.0483558177948,911,42.45072555541992,905,42.99608564376831,902,43.70423984527588,901,44.26682662963867,900,44.98839616775513,900,60.26604127883911
32,random_graphs/triangle/r1.5k24n16/graph32.lgbin,2488,58.14748573303223,848,1696,0,1577,25.781888484954834,1466,32.610440492630005,1270,33.02346444129944,1208,33.85515999794006,1115,34.19572353363037,1075,35.59945726394653,984,36.684765100479126,897,37.12902903556824,893,41.765525579452515,891,42.140363454818726,869,45.25887131690979,855,46.66705679893494,850,47.10831832885742,850,47.720009326934814,850,48.10229706764221,850,51.6713924407959,850,52.034189224243164,848,54.859338998794556,848,57.518515825271606,848,58.6540310382843,848,60.102267265319824
33,random_graphs/triangle/r1.5k24n16/graph33.lgbin,2488,56.86974859237671,1036,1867,0,1775,1.3234241008758545,1684,3.1924712657928467,1543,17.735236406326294,1501,18.12800407409668,1380,28.798398971557617,1284,29.12442660331726,1197,29.931710481643677,1136,30.29404044151306,1121,32.87811040878296,1121,34.73605537414551,1120,37.482704162597656,1090,37.82900357246399,1090,38.094422817230225,1086,38.53203344345093,1085,38.98284888267517,1082,39.92890000343323,1075,42.028403520584106,1074,42.31330871582031,1070,43.535908937454224,1055,44.68300795555115,1055,47.64338779449463,1055,47.94428300857544,1055,48.19671106338501,1046,48.74793529510498,1043,50.06937098503113,1043,50.360552072525024,1043,51.524078369140625,1043,52.99359703063965,1043,55.961639404296875,1040,56.51839852333069,1040,56.775639295578,1040,57.230854511260986,1040,58.41471290588379,1036,59.39443802833557,1036,60.13498854637146
34,random_graphs/triangle/r1.5k24n16/graph34.lgbin,2488,55.0392119884491,989,1877,0,1725,1.774832010269165,1585,3.0428292751312256,1490,21.667887687683105,1442,25.80693531036377,1329,26.25685954093933,1227,26.724247217178345,1181,27.071183443069458,1110,27.417983055114746,1097,27.81773591041565,1095,29.32737374305725,1065,29.67787790298462,1059,36.28954219818115,1042,36.70353698730469,1037,37.11314010620117,1030,37.42702794075012,1030,39.84257626533508,1029,40.12624430656433,1029,40.444907426834106,1028,40.83122801780701,1028,41.15552854537964,1028,41.42770457267761,1019,41.87229824066162,1019,42.265347957611084,1018,43.516257762908936,1018,45.48019218444824,1014,45.7739839553833,1009,46.14940118789673,1008,46.44857048988342,1008,46.77285981178284,1008,47.17394828796387,1005,47.607521772384644,1001,48.63916563987732,1001,49.64537072181702,1001,51.336570739746094,1001,51.647661447525024,1000,51.99246025085449,999,52.61696672439575,999,52.951984882354736,994,53.35963678359985,994,53.717450857162476,994,55.36990571022034,994,55.70390224456787,994,56.08700132369995,994,56.359963178634644,994,56.683793783187866,994,57.085834980010986,994,58.74708342552185,994,59.08630847930908,991,59.446024894714355,989,59.799009799957275,989,60.10555672645569
35,random_graphs/triangle/r1.5k24n16/graph35.lgbin,2488,56.79071831703186,816,1680,0,1551,0.7994210720062256,1424,19.51450753211975,1228,20.086264848709106,1137,21.12681293487549,1059,29.67233633995056,983,31.037074327468872,956,31.994707584381104,892,36.76568913459778,892,37.31824016571045,885,39.35226321220398,869,39.71655821800232,867,40.067023515701294,865,40.47707152366638,858,42.2940936088562,847,42.68500018119812,847,44.73682141304016,842,45.09655833244324,839,45.452330589294434,839,46.61518836021423,839,46.917110204696655,838,48.16197371482849,838,49.281232833862305,838,50.984107971191406,838,52.92172694206238,838,53.26584458351135,826,55.17485332489014,821,55.648996353149414,821,56.00141882896423,821,57.792290449142456,820,58.17645454406738,820,58.47331428527832,816,59.39918828010559,816,59.878016233444214,816,60.098806381225586
36,random_graphs/triangle/r1.5k24n16/graph36.lgbin,2488,57.46005320549011,798,1564,0,1447,21.784568548202515,1361,22.242024898529053,1270,23.021230459213257,1251,24.988056421279907,1149,28.297176599502563,1058,28.66348099708557,941,31.925182580947876,888,32.308144330978394,887,45.9648973941803,880,46.864105224609375,848,47.54364728927612,847,48.4088339805603,826,48.76969122886658,813,49.15390992164612,813,50.53054165840149,811,50.876842975616455,811,51.14794659614563,809,52.4620316028595,805,52.86685609817505,805,53.684528827667236,804,55.16868305206299,804,55.480775356292725,804,55.744357109069824,804,56.00169062614441,804,57.410239934921265,798,57.73729133605957,798,58.01319479942322,798,59.45196008682251,798,60.10999035835266
37,random_graphs/triangle/r1.5k24n16/graph37.lgbin,2488,51.5667245388031,760,1726,0,1641,4.846131086349487,1474,9.077675819396973,1297,11.770581007003784,1173,12.221318244934082,1130,13.115756034851074,1057,13.495131492614746,1055,16.560300588607788,971,16.97506356239319,928,17.547836542129517,905,17.868996143341064,891,18.73092555999756,862,19.151339530944824,862,19.486613035202026,830,21.13441276550293,823,21.510255336761475,823,23.04801893234253,822,23.598904132843018,819,23.99332571029663,819,24.322152614593506,819,25.428141593933105,805,25.8264057636261,802,26.257887601852417,802,26.54740595817566,802,26.820555686950684,796,27.222341537475586,796,27.553640604019165,782,27.920053243637085,782,28.22950053215027,782,29.022754430770874,782,29.320600986480713,782,30.519575834274292,780,30.85397458076477,777,31.26350450515747,777,31.557876586914062,777,31.881221771240234,777,32.177894592285156,777,33.36756229400635,777,33.73914933204651,774,34.10242676734924,774,34.40445518493652,774,34.73298668861389,773,35.01416873931885,773,36.193594217300415,773,36.51726222038269,773,37.30083513259888,773,37.652838706970215,773,37.97624707221985,773,38.327099084854126,773,39.5133056640625,773,40.335832595825195,773,41.12184691429138,770,41.52555060386658,767,41.83804965019226,767,42.200523138046265,762,42.633901834487915,762,42.9575834274292,762,43.28199100494385,762,44.481842279434204,761,44.83396553993225,761,45.156121492385864,761,45.41650032997131,761,45.734960317611694,761,46.0628981590271,761,47.26708793640137,761,47.62074279785156,760,48.03678274154663,760,48.30205774307251,760,48.628258228302,760,49.81323313713074,760,50.14011025428772,760,50.42321157455444,760,50.69379425048828,760,51.02144813537598,760,52.228270530700684,760,52.587624073028564,760,52.950461864471436,760,53.7373788356781,760,54.920326709747314,760,55.19712281227112,760,55.52944350242615,760,55.82225751876831,760,57.028406858444214,760,57.974019050598145,760,58.325910806655884,760,58.59889578819275,760,59.79234004020691,760,60.101380348205566
38,random_graphs/triangle/r1.5k24n16/graph38.lgbin,2488,52.23794960975647,801,1548,0,1402,1.1252551078796387,1310,1.9195308685302734,1234,2.3052444458007812,1084,2.7450003623962402,1039,3.8424975872039795,1005,7.113523483276367,935,7.843021392822266,931,8.427257776260376,924,9.040619373321533,922,10.518595933914185,911,10.987583875656128,897,11.764644622802734,889,13.096728563308716,864,13.467220306396484,861,13.9474036693573,854,14.296620607376099,854,14.646223545074463,850,15.00056004524231,850,16.439429998397827,850,16.730549097061157,850,17.026539087295532,838,17.47235369682312,838,18.80657958984375,838,19.208282232284546,838,20.771013736724854,833,21.2581467628479,823,21.640990018844604,823,21.945342302322388,823,22.2415771484375,823,22.524973392486572,822,22.949100971221924,810,23.76022958755493,809,24.154524326324463,807,24.830668926239014,807,25.55649209022522,807,26.882795095443726,807,27.220635652542114,807,27.58587145805359,807,27.880890130996704,803,28.70005226135254,803,29.016395807266235,802,29.395386695861816,802,29.750245094299316,802,31.07708191871643,802,36.40862989425659,802,37.74090385437012,802,38.07523322105408,802,39.13844704627991,802,39.43890118598938,802,39.708553314208984,802,40.41341996192932,802,40.73998260498047,802,42.065539598464966,802,42.454835176467896,802,42.772469997406006,802,43.11124658584595,801,43.49415397644043,801,44.801613092422485,801,46.377216815948486,801,46.76197862625122,801,47.07007670402527,801,47.38114142417908,801,47.66367959976196,801,48.96823048591614,801,49.2674343585968,801,49.57628512382507,801,49.96606779098511,801,50.252434730529785,801,50.79761862754822,801,51.535649061203,801,52.85248279571533,801,53.17501091957092,801,53.56500864028931,801,53.867250204086304,801,55.1841025352478,801,55.730191469192505,801,56.043999671936035,801,56.43571424484253,801,56.75487804412842,801,60.10769867897034
39,random_graphs/triangle/r1.5k24n16/graph39.lgbin,2488,51.90451192855835,897,1858,0,1752,0.4431483745574951,1645,0.8817081451416016,1525,3.344989776611328,1364,5.337528228759766,1278,6.3168745040893555,1230,6.7537219524383545,1214,8.06244969367981,1174,11.167115926742554,1116,11.83435583114624,1116,12.955113172531128,1084,13.350937604904175,1084,16.958104133605957,1067,17.899624824523926,1065,18.28686833381653,1054,18.658735513687134,989,19.344939708709717,979,19.729776620864868,974,20.3891499042511,966,20.815561056137085,959,21.236046314239502,956,21.91893243789673,956,22.591119050979614,953,22.95772123336792,953,23.257359504699707,953,23.582878828048706,948,23.998042106628418,944,24.373127698898315,944,24.698540925979614,944,25.035898685455322,944,25.344952821731567,943,26.023508310317993,943,26.318446159362793,943,26.800653219223022,943,27.924866676330566,943,28.3385226726532,942,30.935407161712646,942,32.64303421974182,942,32.96186113357544,942,33.25403809547424,942,33.5675151348114,942,33.92150354385376,942,34.86440396308899,942,36.56681418418884,941,37.15655183792114,932,37.59421682357788,932,37.960450172424316,932,38.2738401889801,932,39.22075939178467,927,39.56630182266235,927,39.8996422290802,927,40.83882188796997,926,41.21846652030945,926,41.53869080543518,926,41.84611105918884,926,42.77115297317505,926,43.06545042991638,922,43.729957818984985,914,45.247798681259155,914,46.980501651763916,911,48.19287419319153,911,49.24693584442139,911,49.61297273635864,908,49.966416120529175,904,50.53112077713013,904,51.44972062110901,904,51.74152851104736,904,52.07416892051697,904,53.10896563529968,904,53.442248821258545,901,53.779839515686035,901,54.718565464019775,901,55.00719237327576,901,55.30071949958801,901,55.58218169212341,901,55.8877534866333,901,56.81931185722351,901,57.10944485664368,901,58.14789390563965,900,59.15824794769287,899,59.53038263320923,898,59.8329062461853,897,60.10639548301697
40,random_graphs/triangle/r1.5k24n16/graph40.lgbin,2488,58.77148771286011,844,1800,0,1625,7.373096227645874,1566,7.8178088665008545,1275,8.203816413879395,1219,28.147814750671387,1112,30.12203288078308,1014,30.49833106994629,959,31.014790058135986,933,48.612539768218994,868,49.65645408630371,864,54.599674701690674,853,54.950496196746826,851,55.34966063499451,844,55.680057525634766,844,56.06790256500244,844,60.14566349983215
41,random_graphs/triangle/r1.5k24n16/graph41.lgbin,2488,57.002187967300415,831,1681,0,1531,1.09031343460083,1412,8.768014192581177,1260,9.135855913162231,1249,12.98563551902771,1150,13.952481985092163,1110,14.369330644607544,1028,15.964256286621094,992,16.30854606628418,892,26.92200207710266,892,27.225816249847412,889,27.775866508483887,888,33.13625192642212,885,34.46394443511963,862,34.92083740234375,862,39.07900285720825,859,39.497674226760864,858,41.18209910392761,858,41.4626305103302,858,41.81627321243286,858,42.2180655002594,858,46.58425498008728,850,46.94816970825195,850,51.15739178657532,850,51.45424032211304,850,53.26320791244507,843,53.70089411735535,843,54.04771900177002,839,54.383764028549194,839,54.69430875778198,831,55.01896858215332,831,55.289246559143066,831,59.449493169784546,831,60.11219096183777
42,random_graphs/triangle/r1.5k24n16/graph42.lgbin,2488,57.68265962600708,868,1648,0,1490,0.44173097610473633,1363,3.099870204925537,1268,4.345569372177124,1186,6.171173810958862,1109,7.975313663482666,1044,21.43700337409973,929,21.88547158241272,926,22.92365837097168,898,23.294814348220825,898,35.82038617134094,897,37.62815308570862,897,41.622761249542236,889,42.35291028022766,883,43.06640553474426,881,43.47532367706299,881,43.802393436431885,881,44.124566316604614,874,44.48488163948059,872,45.39253211021423,872,45.70327568054199,869,47.22341275215149,869,48.38609194755554,868,50.58328461647034,868,52.31014108657837,868,60.10399293899536
43,random_graphs/triangle/r1.5k24n16/graph43.lgbin,2488,57.336264848709106,881,1725,0,1561,0.5184085369110107,1437,13.521244764328003,1323,13.877892971038818,1217,24.93618679046631,1099,25.27806568145752,1043,25.631392240524292,993,26.042492866516113,962,27.82262372970581,962,28.164562225341797,962,33.966684103012085,947,34.42054748535156,947,42.63467788696289,944,43.491174936294556,935,43.828450202941895,927,46.40824556350708,921,47.25136709213257,915,47.63657593727112,915,47.929564476013184,905,48.48495435714722,905,48.809332609176636,900,49.930769205093384,900,51.262532472610474,900,51.65916037559509,886,52.0345458984375,886,52.31478214263916,886,59.54506969451904,881,59.952786922454834,881,60.103126764297485
44,random_graphs/triangle/r1.5k24n16/graph44.lgbin,2488,56.823357343673706,728,1630,0,1515,22.366619110107422,1410,22.72291135787964,1315,24.399986028671265,1180,24.799432039260864,972,27.25935959815979,933,29.67836308479309,822,30.051490306854248,820,30.38745093345642,814,30.69686770439148,814,35.72293496131897,789,38.33662509918213,768,39.13826131820679,763,39.57470393180847,750,39.90815711021423,750,40.29281401634216,750,40.564772605895996,749,43.530534982681274,743,43.90670084953308,736,44.325573682785034,732,44.68469524383545,732,45.04429745674133,732,45.90289831161499,731,46.242241621017456,731,46.51045870780945,731,46.866130352020264,728,50.42382049560547,728,53.91742944717407,728,54.203394174575806,728,54.498640060424805,728,55.27142572402954,728,55.5399169921875,728,56.074220180511475,728,56.400612592697144,728,59.910114765167236,728,60.09677028656006
45,random_graphs/triangle/r1.5k24n16/graph45.lgbin,2488,55.701889991760254,908,1656,0,1558,0.44342684745788574,1464,1.6249382495880127,1387,5.298167705535889,1371,9.111043930053711,1329,9.48521876335144,1271,9.793734788894653,1271,11.69991135597229,1225,13.491095542907715,1096,15.28282117843628,1073,19.79874348640442,1059,20.81067657470703,1045,21.183797359466553,1024,22.221850633621216,1016,36.36209750175476,1002,36.773733377456665,997,37.116777658462524,986,37.426279067993164,968,37.791975259780884,957,38.160258293151855,957,38.485329151153564,941,41.267192125320435,932,43.76385760307312,932,46.06578302383423,930,46.369940519332886,930,46.638728618621826,926,47.003649950027466,925,47.36412286758423,925,47.67564129829407,924,47.988680601119995,924,48.246342182159424,920,48.54539752006531,919,50.53694725036621,919,51.978832960128784,916,52.342939376831055,916,52.634785175323486,915,52.941877603530884,915,53.224045753479004,915,53.52020764350891,915,55.10513663291931,915,56.52642512321472,915,56.78888440132141,908,57.1706862449646,908,57.486573219299316,908,57.757179260253906,908,58.04984951019287,908,59.62598395347595,908,60.09879207611084
46,random_graphs/triangle/r1.5k24n16/graph46.lgbin,2488,50.24842190742493,876,1804,0,1642,0.5597567558288574,1545,2.8045685291290283,1409,3.162626266479492,1274,3.7640349864959717,1155,4.277823209762573,1114,4.676347494125366,1014,5.036266088485718,1003,6.768100023269653,965,7.172448396682739,965,8.974301099777222,965,9.261619567871094,962,9.585155487060547,959,9.91776704788208,958,10.287943840026855,937,10.618587017059326,937,10.893681526184082,937,11.282822608947754,937,11.574469327926636,937,11.86058497428894,925,12.257061243057251,925,12.564352035522461,913,12.91602873802185,913,13.203160285949707,912,13.478899955749512,907,13.809068202972412,907,14.085920095443726,907,15.885644674301147,907,16.173085927963257,906,16.495914459228516,906,16.76716899871826,906,17.080623388290405,906,17.423296213150024,904,17.75253391265869,904,19.5193932056427,904,19.78153371810913,904,20.06277894973755,904,20.373361349105835,904,20.6433584690094,904,20.97614097595215,904,22.76059079170227,904,23.743045806884766,904,24.052178621292114,904,24.370514392852783,904,24.630773305892944,904,24.90300464630127,904,25.18016219139099,904,26.96617078781128,904,27.28246760368347,904,27.56452202796936,904,27.84085965156555,904,28.29041814804077,904,28.562767505645752,904,28.841273546218872,904,30.621713399887085,904,30.94199275970459,904,31.248995304107666,904,31.519925832748413,904,33.31254196166992,904,33.62986636161804,904,33.950440406799316,904,34.20988488197327,904,34.48212933540344,904,34.80076766014099,904,36.578675985336304,904,36.857107639312744,904,37.17555117607117,904,37.44938850402832,904,39.225703954696655,904,39.53787565231323,904,39.804789543151855,904,40.08076882362366,904,40.3620080947876,904,42.154667377471924,894,42.54431676864624,894,42.87138819694519,894,43.478646755218506,894,43.750529527664185,894,44.08600091934204,894,45.87717652320862,894,46.20623016357422,892,46.57926821708679,892,46.861109256744385,892,47.13258147239685,892,47.45194053649902,892,47.78601288795471,892,49.57391405105591,890,49.91531014442444,890,50.2246413230896,888,50.570632457733154,888,50.89521336555481,888,51.650390625,886,51.92174291610718,879,52.21316599845886,878,52.86789274215698,877,53.18289041519165,877,54.95216774940491,877,55.233418703079224,877,55.510149002075195,877,57.296897649765015,877,57.54405188560486,877,57.814542293548584,877,58.07240700721741,876,58.43848466873169,876,60.10756063461304
47,random_graphs/triangle/r1.5k24n16/graph47.lgbin,2488,55.84924125671387,732,1679,0,1541,3.0213003158569336,1368,3.609095335006714,1230,4.478519439697266,1172,4.855796813964844,1133,5.738044500350952,1042,8.796181917190552,966,9.117551565170288,827,10.386525630950928,817,11.911703109741211,815,20.874157428741455,815,22.20670509338379,795,22.577102661132812,790,24.610111474990845,782,24.90678334236145,782,27.66295099258423,773,28.01529049873352,759,28.32183814048767,748,28.67489719390869,748,28.967636346817017,742,29.329932928085327,742,29.578478574752808,742,33.72160506248474,742,34.568166732788086,742,35.352662801742554,742,38.081238985061646,739,38.411744356155396,739,38.66296887397766,734,39.00577974319458,734,39.289409160614014,734,39.75121307373047,734,40.57121157646179,734,43.310142517089844,734,43.623634576797485,734,43.872676610946655,734,44.150049924850464,734,50.25814127922058,734,50.656315326690674,734,51.495025634765625,734,54.25002121925354,734,54.64141392707825,734,54.9249370098114,734,55.17338681221008,734,55.639787435531616,733,56.05199933052063,732,56.85774278640747,732,59.60529947280884,732,60.093955278396606
48,random_graphs/triangle/r1.5k24n16/graph48.lgbin,2488,59.69919562339783,1206,1752,0,1610,41.332497119903564,1402,54.20724105834961,1284,54.62733602523804,1206,60.12025833129883
49,random_graphs/triangle/r1.5k24n16/graph49.lgbin,2488,49.372644662857056,729,1598,0,1501,0.8562536239624023,1400,2.863413095474243,1325,4.285212278366089,1246,4.929375410079956,1125,5.972502946853638,963,7.210460901260376,895,7.573715448379517,834,8.253865718841553,813,8.659600257873535,804,9.742209911346436,794,10.541256189346313,794,11.147467374801636,791,11.506159782409668,790,11.858618021011353,789,12.458820581436157,788,12.795676231384277,788,13.116363048553467,786,13.457863807678223,786,13.723453044891357,784,14.103985071182251,773,15.04160189628601,773,15.854686260223389,773,16.437310457229614,769,16.82037854194641,769,17.137468814849854,768,17.502531051635742,768,17.79733157157898,768,18.64018201828003,768,18.941493272781372,768,19.5288507938385,766,20.083871603012085,766,20.637849807739258,766,20.95518136024475,759,21.36393141746521,759,21.711982011795044,752,23.06975483894348,751,23.426014184951782,751,24.023858785629272,751,24.36035680770874,751,24.704248189926147,750,26.08035898208618,750,27.21157455444336,750,27.508127212524414,745,28.283777475357056,745,28.722821712493896,745,29.418609142303467,745,30.011045217514038,742,30.326510429382324,742,30.622697830200195,742,30.874903917312622,742,31.30055332183838,742,31.915532112121582,742,32.20463252067566,742,32.620323181152344,741,33.032392263412476,741,33.47203016281128,741,34.08027625083923,741,34.43000841140747,740,34.81433939933777,740,35.106043100357056,740,35.42781972885132,738,35.852540731430054,738,36.47221064567566,738,36.79782795906067,737,37.117511510849,737,37.43887972831726,737,37.86494708061218,737,38.46279263496399,737,38.71733331680298,737,39.0417582988739,737,39.46883964538574,737,39.75293850898743,737,40.355441093444824,737,41.46324396133423,737,41.81559348106384,737,42.12893319129944,737,42.45942044258118,735,43.39586615562439,735,43.702876329422,735,44.031747817993164,735,44.33935523033142,734,44.88834762573242,734,45.44576621055603,734,45.87005090713501,733,46.63996601104736,733,46.92166709899902,733,47.19306206703186,733,47.62264895439148,733,48.21033596992493,733,48.56060004234314,733,49.221596479415894,733,49.53365230560303,733,50.35929036140442,733,50.79143810272217,733,51.50378131866455,733,52.08370923995972,733,52.39245319366455,733,52.73068404197693,733,53.1602041721344,733,53.451977491378784,733,54.0328586101532,733,54.814311504364014,733,55.24094271659851,733,55.878482818603516,733,56.45880389213562,733,56.741032123565674,733,57.05313420295715,733,57.475334882736206,733,57.76919674873352,731,58.15577483177185,731,58.731640338897705,731,59.28249979019165,729,59.63972616195679,729,60.05978226661682
0,random_graphs/triangle/r1.5k24n16/graph0.lgbin,2484,57.92980599403381,951,1739,0,1650,11.301671028137207,1493,11.817501544952393,1402,13.558558464050293,1304,30.56808376312256,1240,30.965163707733154,1233,34.39369535446167,1119,34.76030778884888,1060,37.88552713394165,1060,38.21393823623657,1051,41.41779398918152,1034,42.1697256565094,991,42.52678847312927,966,42.87711501121521,963,44.533228635787964,963,46.59225845336914,956,46.950318813323975,955,52.340991258621216,952,52.65976309776306,951,52.95304083824158,951,54.55267286300659,951,54.85488700866699,951,60.117759466171265
1,random_graphs/triangle/r1.5k24n16/graph1.lgbin,2484,55.71512794494629,840,1622,0,1526,4.906259775161743,1396,10.480974197387695,1288,12.474446296691895,1272,13.665966272354126,1136,14.021583557128906,1067,14.359342813491821,1004,14.969353914260864,947,15.40144157409668,926,15.757971048355103,915,17.866699934005737,915,18.155253171920776,915,18.439741373062134,915,18.876147270202637,895,19.82231378555298,892,20.909416675567627,891,23.24917769432068,891,24.195301055908203,891,25.16621685028076,890,28.498329401016235,886,29.26533269882202,886,29.677780151367188,874,29.981498956680298,872,30.35340905189514,872,30.669251918792725,865,31.364962100982666,864,31.68218207359314,864,32.72742295265198,864,33.02621340751648,864,33.28107190132141,864,34.27024793624878,864,35.66475176811218,859,36.40712785720825,859,36.86238670349121,848,37.25123476982117,844,37.63377857208252,844,38.77074718475342,844,39.06224751472473,844,40.067870140075684,841,40.39404797554016,840,40.70468592643738,840,40.96535325050354,840,41.42026352882385,840,41.71792721748352,840,50.60309147834778,840,51.61182260513306,840,60.108258962631226
2,random_graphs/triangle/r1.5k24n16/graph2.lgbin,2484,55.32407546043396,813,1672,0,1561,3.7453012466430664,1459,6.200034856796265,1329,18.587213277816772,1262,20.554657459259033,1121,20.94701600074768,989,21.962491989135742,966,23.479674100875854,938,24.48269557952881,934,24.894481658935547,934,26.298316478729248,934,27.045207738876343,924,27.501989364624023,888,27.8539400100708,881,29.070855855941772,881,30.157886743545532,881,30.44104313850403,873,30.789657831192017,864,31.990952253341675,856,32.37955141067505,856,33.967939615249634,844,34.38968253135681,844,35.7840039730072,843,36.12390160560608,843,36.47303056716919,835,36.8273241519928,835,37.58687210083008,831,37.963287591934204,831,38.288081645965576,822,38.666115522384644,822,38.94979548454285,815,39.637765884399414,815,40.32039403915405,815,41.914583921432495,815,42.25666952133179,815,42.57830500602722,815,43.98215627670288,814,44.39070987701416,814,46.38329815864563,813,47.1382896900177,813,47.88530158996582,813,48.221853733062744,813,48.528541803359985,813,49.85074758529663,813,51.32293772697449,813,51.60098338127136,813,52.251652002334595,813,52.58623385429382,813,52.89170217514038,813,58.55529475212097,813,60.046717166900635
3,random_graphs/triangle/r1.5k24n16/graph3.lgbin,2484,52.83315920829773,763,1682,0,1542,0.5000841617584229,1434,5.312628984451294,1302,5.66110897064209,1236,6.533099174499512,1094,6.886507749557495,891,7.358704090118408,841,7.867106676101685,841,8.989164113998413,841,13.808127880096436,824,14.199166059494019,818,14.511357307434082,809,15.055484771728516,784,15.400731563568115,781,15.937926292419434,779,16.323939561843872,779,16.63010597229004,779,17.152182817459106,776,17.5077064037323,775,17.770432472229004,774,18.069345951080322,770,18.455986976623535,770,18.769396781921387,768,19.12807035446167,766,19.673521518707275,765,20.190695762634277,765,20.746151208877563,765,21.042760848999023,765,21.36335778236389,765,24.279139518737793,765,27.18767738342285,765,27.69347620010376,765,27.942428588867188,765,28.239379167556763,765,28.501356840133667,765,31.432773113250732,765,31.73482370376587,765,32.1131694316864,765,32.62292981147766,765,32.88352727890015,765,33.19004154205322,765,36.12063455581665,765,36.425031661987305,765,37.20799255371094,765,37.714396953582764,765,40.64824318885803,765,40.96319532394409,765,41.223809003829956,765,41.518598794937134,765,41.96250057220459,765,42.47001934051514,765,42.7997510433197,765,43.09540367126465,765,43.426477909088135,763,43.76336169242859,763,44.27131962776184,763,44.56839418411255,763,44.831801891326904,763,45.21721267700195,763,45.66405487060547,763,45.96524977684021,763,48.89203357696533,763,49.410738945007324,763,49.714152574539185,763,49.97537565231323,763,50.432302713394165,763,53.35841250419617,763,53.86635112762451,763,54.17159461975098,763,54.73378562927246,763,55.17991375923157,763,58.09601044654846,763,58.41271138191223,763,58.71244931221008,763,58.97449445724487,763,59.42534112930298,763,59.74270725250244,763,60.04509115219116
4,random_graphs/triangle/r1.5k24n16/graph4.lgbin,2484,59.231446504592896,985,1770,0,1668,29.45373272895813,1524,29.805445194244385,1498,30.191036462783813,1239,30.572437524795532,1229,58.778656005859375,1092,59.100250482559204,1027,59.5275502204895,987,59.827685594558716,985,60.0977566242218
5,random_graphs/triangle/r1.5k24n16/graph5.lgbin,2484,55.71989893913269,720,1626,0,1378,0.4440743923187256,1263,6.867203950881958,1148,7.319211959838867,1038,8.743874788284302,1006,9.21160888671875,940,11.193570375442505,936,14.722309350967407,880,17.974045276641846,810,18.295438766479492,793,18.632189750671387,788,19.75450611114502,757,20.054479598999023,755,20.393659830093384,747,20.794902324676514,747,23.67934012413025,741,24.08008337020874,740,29.238099098205566,740,29.496681451797485,740,29.845566272735596,740,30.17373037338257,740,35.483160734176636,740,35.78373122215271,737,36.09656524658203,737,36.35219407081604,737,38.81329870223999,724,39.13855028152466,724,39.40613341331482,724,44.72503471374512,724,45.05438494682312,724,45.30689239501953,723,45.60093307495117,723,48.102227449417114,723,48.39933514595032,723,53.71636176109314,723,54.02289605140686,723,54.27800226211548,720,54.6670343875885,720,54.939440965652466,720,55.38279628753662,720,57.869744300842285,720,58.13946223258972,720,58.40924525260925,720,58.69156265258789,720,58.99081754684448,720,59.42282247543335,720,60.10866403579712
6,random_graphs/triangle/r1.5k24n16/graph6.lgbin,2484,53.23487043380737,902,1676,0,1577,1.1449425220489502,1474,6.812758207321167,1308,7.207558870315552,1250,8.998904943466187,1183,13.759130239486694,1078,14.156059265136719,1028,15.014323949813843,1024,16.42817997932434,1021,17.489152669906616,1007,17.857537746429443,1007,19.201719522476196,995,19.71471095085144,995,20.544053077697754,953,20.92379403114319,940,21.25582981109619,931,21.630196809768677,931,21.905410289764404,931,22.806641101837158,931,23.127708435058594,921,23.481146812438965,919,23.950203895568848,916,24.30463409423828,916,25.627830743789673,905,26.547746181488037,905,26.837105989456177,905,27.852781057357788,905,28.127132892608643,905,29.646857023239136,903,29.954020023345947,903,30.28002691268921,903,31.295689821243286,903,32.15477514266968,903,33.64021706581116,903,33.91635298728943,903,34.224178075790405,903,34.51305651664734,903,34.80465888977051,903,35.67193031311035,903,36.692972898483276,903,36.98073220252991,903,37.25874948501587,903,37.54743266105652,903,39.03838038444519,903,39.96252751350403,903,40.99115014076233,903,41.32209134101868,903,41.66828680038452,903,41.94547629356384,903,42.238361835479736,903,42.52983069419861,903,43.54753351211548,902,44.94627404212952,902,45.7534282207489,902,46.09835982322693,902,47.58071494102478,902,49.0560827255249,902,49.33213782310486,902,49.624640226364136,902,50.63817524909973,902,50.989105463027954,902,51.2766432762146,902,52.09597849845886,902,53.111395597457886,902,54.60820174217224,902,54.914066791534424,902,55.20135712623596,902,56.220558881759644,902,57.70217823982239,902,58.02988290786743,902,58.320106506347656,902,59.8109335899353,902,60.099987506866455
7,random_graphs/triangle/r1.5k24n16/graph7.lgbin,2484,49.899630069732666,810,1628,0,1540,2.004868507385254,1405,2.3676133155822754,1217,2.958721399307251,1134,3.273192882537842,1032,4.108044862747192,997,4.49242901802063,965,5.544585704803467,922,5.9489665031433105,920,6.624488592147827,912,9.477221965789795,879,9.88216257095337,879,10.628541707992554,873,11.531354665756226,871,12.8331618309021,853,13.233712196350098,846,13.584514856338501,839,13.943252086639404,838,14.824702024459839,838,15.540682077407837,838,15.820083379745483,838,16.16286325454712,837,16.532325506210327,834,16.882863998413086,834,17.213688373565674,831,17.54767370223999,831,17.81604814529419,831,18.54064393043518,831,19.072895050048828,829,19.848707675933838,829,20.613710165023804,828,20.99346923828125,825,21.348111629486084,825,21.614099264144897,825,22.921873807907104,825,23.603100299835205,825,23.850586891174316,825,24.580312967300415,821,24.93675136566162,814,25.33221960067749,814,25.610721588134766,814,27.067672729492188,814,27.79593825340271,814,28.36924433708191,814,28.702239513397217,814,29.041135787963867,813,29.395034313201904,812,29.85059142112732,812,30.168730974197388,812,30.609370470046997,812,31.335339307785034,812,32.11996293067932,812,32.39419221878052,812,32.927353382110596,812,33.20673632621765,812,33.52321982383728,812,34.08320188522339,812,34.802377700805664,812,35.56878352165222,811,35.89295196533203,811,37.42377781867981,810,38.3113431930542,810,38.593796491622925,810,38.90785479545593,810,39.79115295410156,810,40.097058057785034,810,40.3968825340271,810,40.71014738082886,810,41.252204179763794,810,42.54664468765259,810,43.41105818748474,810,44.135798931121826,810,44.481608390808105,810,44.799654722213745,810,45.334599018096924,810,45.77895665168762,810,46.07167434692383,810,46.77054023742676,810,47.116811990737915,810,47.84114742279053,810,48.13756322860718,810,48.87108135223389,810,49.133453607559204,810,49.4483060836792,810,49.797547340393066,810,50.09436798095703,810,51.456631898880005,810,51.75440049171448,810,52.06896781921387,810,52.345468521118164,810,52.63848066329956,810,53.36896896362305,810,53.653857946395874,810,53.961031436920166,810,54.27862548828125,810,54.999598026275635,810,55.48327136039734,810,56.02576017379761,810,56.32997155189514,810,56.64822840690613,810,56.926809549331665,810,57.6535382270813,810,58.098105907440186,810,58.63293504714966,810,59.112794399261475,810,59.39888334274292,810,60.106390953063965
8,random_graphs/triangle/r1.5k24n16/graph8.lgbin,2484,53.20743131637573,955,1761,0,1668,0.3908381462097168,1552,0.7643566131591797,1441,3.2957346439361572,1352,7.66262149810791,1267,8.218112468719482,1222,9.611255884170532,1209,16.46216583251953,1103,17.234461307525635,1103,18.080122470855713,1067,19.389230251312256,1039,21.74420976638794,1039,22.943955898284912,1039,23.321876525878906,1009,23.667130947113037,1004,24.047422170639038,1004,24.342841148376465,1004,24.660914659500122,998,27.13390827178955,990,27.976564407348633,988,29.807807445526123,988,30.638849020004272,977,30.969175815582275,977,32.257483959198,977,33.0551495552063,977,33.33706593513489,976,33.765244007110596,972,34.12692356109619,972,34.42544436454773,971,34.854262828826904,967,35.23305344581604,967,35.51279640197754,967,36.79074740409851,961,37.24629497528076,961,37.5200469493866,961,37.865166425704956,955,38.21710538864136,955,38.56676435470581,955,39.483681201934814,955,40.74497747421265,955,41.09469437599182,955,41.36574935913086,955,41.673179626464844,955,41.96574592590332,955,42.23784804344177,955,43.33381700515747,955,44.594093561172485,955,44.94446015357971,955,45.86362957954407,955,46.16991949081421,955,46.46287250518799,955,46.81397771835327,955,48.07424306869507,955,48.87187457084656,955,49.17907643318176,955,49.472522258758545,955,49.84250545501709,955,51.11701202392578,955,51.911805391311646,955,52.60756492614746,955,52.887248516082764,955,53.21796107292175,955,53.6020941734314,955,54.87579035758972,955,55.674294233322144,955,55.95167565345764,955,57.046635389328,955,57.43820309638977,955,57.811269998550415,955,59.094895124435425,955,59.37071704864502,955,60.16745162010193
9,random_graphs/triangle/r1.5k24n16/graph9.lgbin,2484,58.09150695800781,882,1698,0,1635,11.844463348388672,1510,15.891599416732788,1343,23.270082235336304,1239,25.157045602798462,1104,36.240212202072144,1009,36.69702982902527,1007,39.86357045173645,988,43.41908812522888,974,44.23838996887207,956,45.01000714302063,939,45.47433567047119,925,45.99089527130127,925,48.803366899490356,917,52.625657081604004,917,53.68789505958557,917,54.09061360359192,914,54.4991614818573,905,55.23290276527405,905,55.562092304229736,905,58.15121054649353,901,58.50350832939148,882,59.335400104522705,882,60.14579701423645
10,random_graphs/triangle/r1.5k24n16/graph10.lgbin,2484,54.44801735877991,866,1955,0,1821,2.815437078475952,1669,7.853846073150635,1491,9.158074140548706,1394,14.555972337722778,1289,15.144585132598877,1196,16.581120491027832,1175,18.26578378677368,1060,18.60368037223816,978,19.031978130340576,962,19.43606996536255,959,21.69488000869751,954,22.0312077999115,947,22.37217688560486,947,22.649102687835693,947,22.93531847000122,947,26.83152937889099,945,28.089100122451782,936,28.536649465560913,926,28.855958461761475,905,29.222208976745605,902,29.692189693450928,902,32.169774770736694,902,32.44181704521179,895,32.77252745628357,895,33.05000853538513,895,35.746909856796265,895,36.80123233795166,893,37.18463087081909,893,38.03028702735901,887,38.606420278549194,879,38.94916653633118,879,39.32150077819824,879,39.59644293785095,872,39.95298981666565,872,40.24452829360962,872,42.924649238586426,872,43.2941107749939,870,43.61415433883667,870,46.274075508117676,870,47.91716647148132,867,48.25735664367676,867,48.53472948074341,867,48.8629674911499,867,49.1834499835968,867,49.45468783378601,866,50.009886264801025,866,52.09942436218262,866,52.36994647979736,866,52.66713881492615,866,53.76763391494751,866,54.034717321395874,866,54.32095551490784,866,54.58924579620361,866,54.941608905792236,866,57.5844841003418,866,57.85349369049072,866,58.17049479484558,866,58.45062041282654,866,58.78772449493408,866,60.101877212524414
11,random_graphs/triangle/r1.5k24n16/graph11.lgbin,2484,58.74686288833618,844,1667,0,1602,0.4256136417388916,1531,0.8113088607788086,1408,8.642765283584595,1248,9.255481004714966,1169,10.078181505203247,1083,11.80090880393982,1006,12.181920528411865,910,22.858022928237915,859,31.430617094039917,851,32.47581481933594,845,32.849905014038086,844,33.839977741241455,844,34.151285886764526,844,60.11126160621643
12,random_graphs/triangle/r1.5k24n16/graph12.lgbin,2484,51.85539531707764,753,1650,0,1466,2.7219908237457275,1326,6.510469675064087,1194,6.897216320037842,1091,8.910672664642334,988,9.28094220161438,928,10.132119178771973,858,10.476904153823853,857,12.176777362823486,854,13.0090970993042,848,13.41488242149353,822,13.78723955154419,819,14.129406929016113,819,14.630070924758911,819,14.921504259109497,810,15.714309215545654,803,16.06836771965027,799,16.43138837814331,799,17.949262619018555,794,18.31227970123291,792,19.001370906829834,786,19.37226963043213,786,19.912748336791992,786,20.547797679901123,779,20.908145666122437,779,21.197266817092896,770,21.499704122543335,762,21.788238763809204,762,23.250261783599854,759,23.617820262908936,759,24.127814292907715,759,24.85965347290039,759,25.16788911819458,758,25.524659633636475,756,26.35975933074951,756,27.806928396224976,756,28.59492325782776,756,29.12064290046692,756,29.413169860839844,756,29.69244647026062,756,29.98443293571472,756,31.46894073486328,756,31.971734523773193,756,32.24055027961731,756,32.5302414894104,756,32.829285860061646,756,34.29631304740906,756,35.018747329711914,756,35.55509662628174,756,35.844069719314575,753,36.5936758518219,753,37.232741594314575,753,38.05218696594238,753,39.51415967941284,753,39.82517719268799,753,40.13186192512512,753,40.67455840110779,753,41.401493549346924,753,41.76868414878845,753,43.230090856552124,753,43.52238893508911,753,44.03513216972351,753,44.32654595375061,753,45.05329394340515,753,46.521308183670044,753,47.05306792259216,753,47.89304161071777,753,48.184805393218994,753,48.45937919616699,753,49.11158299446106,753,50.57235360145569,753,51.07071542739868,753,51.77732610702515,753,52.05259323120117,753,52.34078812599182,753,52.85569453239441,753,53.14381647109985,753,53.860758781433105,753,54.1571683883667,753,54.66678762435913,753,54.96320176124573,753,56.57644462585449,753,58.03421092033386,753,58.32493352890015,753,58.841525077819824,753,59.66638517379761,753,60.104888677597046
13,random_graphs/triangle/r1.5k24n16/graph13.lgbin,2484,59.52473592758179,888,1501,0,1326,1.0360426902770996,1232,56.06228542327881,1149,56.85971641540527,1035,57.64552402496338,903,58.01549196243286,888,60.11707830429077
14,random_graphs/triangle/r1.5k24n16/graph14.lgbin,2484,56.78117346763611,793,1566,0,1486,3.7631497383117676,1338,4.120626449584961,1214,4.9501471519470215,1084,9.371598958969116,985,9.713486194610596,957,10.632396697998047,871,11.05855941772461,835,11.39486050605774,834,13.716534614562988,831,14.059775590896606,821,19.52974009513855,821,21.848149299621582,804,22.17012310028076,802,23.54271411895752,796,23.88514018058777,796,24.205227613449097,796,24.461860179901123,796,24.748886585235596,796,25.044111967086792,794,25.31172275543213,794,27.637394428253174,794,27.968159914016724,794,28.234299898147583,794,51.2456259727478,793,51.55971097946167,793,51.8203341960907,793,52.47721576690674,793,52.80580949783325,793,55.13186025619507,793,55.427950859069824,793,55.6973762512207,793,57.23013877868652,793,57.49893832206726,793,57.82629895210266,793,58.122827768325806,793,60.100423097610474
15,random_graphs/triangle/r1.5k24n16/graph15.lgbin,2484,58.14452910423279,870,1960,0,1778,0.39563441276550293,1570,0.7990858554840088,1434,1.179248332977295,1324,35.26820969581604,1236,46.25850224494934,1167,47.976012229919434,1113,48.337984800338745,943,48.69302725791931,926,53.26832938194275,907,53.62108397483826,895,53.96615123748779,888,54.31705355644226,887,55.987509965896606,886,56.73677849769592,877,57.060387134552,871,57.36417818069458,870,57.69549059867859,870,58.52235817909241,870,58.79648208618164,870,60.10356426239014
16,random_graphs/triangle/r1.5k24n16/graph16.lgbin,2484,56.69456458091736,823,1889,0,1797,3.1843504905700684,1616,9.104222774505615,1616,11.987740278244019,1476,16.984164476394653,1318,18.295430421829224,1201,19.330039262771606,1030,30.408153772354126,1030,31.424970388412476,1030,39.76949119567871,963,40.54435992240906,933,40.960121393203735,919,41.71844172477722,907,42.067562103271484,907,42.52664828300476,907,43.278677463531494,906,43.65504503250122,890,44.350558280944824,889,45.72178888320923,886,46.09664440155029,870,46.523844718933105,870,46.87249779701233,868,47.50687098503113,868,47.89644718170166,861,49.58660006523132,861,50.932474851608276,850,53.21983480453491,850,54.524256467819214,850,56.577383041381836,850,57.16000747680664,834,57.52583575248718,834,57.82484698295593,823,58.17984318733215,823,58.46975255012512,823,59.38092565536499,823,60.11640214920044
17,random_graphs/triangle/r1.5k24n16/graph17.lgbin,2484,59.943737268447876,1390,1711,0,1599,0.43292832374572754,1467,0.7784125804901123,1390,60.22908639907837
18,random_graphs/triangle/r1.5k24n16/graph18.lgbin,2484,55.90939450263977,692,1595,0,1469,3.0653343200683594,1299,3.5414345264434814,1197,3.947939157485962,1031,11.45478081703186,933,11.907572984695435,882,12.761019468307495,798,13.154653787612915,760,20.045280933380127,760,23.152904510498047,760,23.477821111679077,760,23.795363426208496,759,24.7454514503479,737,25.169864654541016,730,25.76101064682007,718,26.148155212402344,718,27.74043560028076,712,28.178075790405273,709,28.592230796813965,709,28.900917530059814,709,29.920339345932007,708,30.326887607574463,706,30.703096628189087,706,31.02357816696167,701,31.398483991622925,701,31.70229983329773,701,31.998160362243652,701,33.01563572883606,701,33.334471702575684,693,33.89666390419006,693,34.242023944854736,693,41.977575063705444,693,42.280354022979736,692,42.66263747215271,692,42.96238827705383,692,43.98898386955261,692,50.962260007858276,692,51.36509418487549,692,51.66174626350403,692,51.96027731895447,692,52.30182242393494,692,53.32038187980652,692,53.593905448913574,692,60.10465717315674
19,random_graphs/triangle/r1.5k24n16/graph19.lgbin,2484,56.604787826538086,838,1686,0,1556,1.2215526103973389,1466,3.0127549171447754,1399,12.830056190490723,1289,13.186865329742432,1147,15.295140981674194,1053,15.686131000518799,996,16.051533460617065,928,16.40085792541504,928,28.643209218978882,913,28.948339462280273,883,30.114104747772217,877,30.500359058380127,871,30.87381386756897,869,32.351348638534546,864,32.752941846847534,864,33.06423830986023,864,34.268635988235474,864,34.59641742706299,863,34.888837814331055,863,35.146148681640625,858,35.5031418800354,858,35.79541826248169,853,36.163795948028564,853,36.461830377578735,853,36.72197604179382,850,37.09680485725403,850,37.415682554244995,847,37.76393437385559,846,38.83873724937439,846,44.82917594909668,846,57.43117904663086,845,57.80557155609131,845,58.10747742652893,839,58.47450661659241,838,58.77254629135132,838,60.11864161491394
20,random_graphs/triangle/r1.5k24n16/graph20.lgbin,2484,51.312723875045776,989,1946,0,1811,1.3328189849853516,1608,1.6682219505310059,1459,2.0065102577209473,1357,2.7383275032043457,1269,4.321239233016968,1166,4.95847225189209,1092,5.254611968994141,1091,6.94568657875061,1091,7.21959924697876,1083,7.817754030227661,1071,8.14322018623352,1054,8.478519439697266,1051,8.782075643539429,1033,9.140568494796753,1033,10.528520584106445,1033,10.799293518066406,1033,11.098944425582886,1033,11.394750833511353,1019,11.794955730438232,1012,12.147767782211304,1012,13.52172064781189,1012,13.820260763168335,1012,14.09166145324707,1012,18.314470291137695,1012,18.58631420135498,1011,18.940267086029053,1008,19.288076400756836,1004,19.624333143234253,1004,19.91179656982422,1002,20.193423986434937,1002,20.48957133293152,1002,20.729894876480103,1002,20.983484506607056,1002,21.246344327926636,1002,21.53578209877014,1002,22.888343811035156,1002,23.145005226135254,1002,23.41005802154541,1002,23.67365527153015,1002,23.96831727027893,1001,24.329086780548096,1001,24.638567686080933,1001,24.915157794952393,1001,26.269195079803467,1001,26.533457040786743,1001,26.812514066696167,1001,28.18384313583374,1001,28.4471116065979,1001,30.044281482696533,992,30.4144504070282,992,30.719281673431396,992,32.10715341567993,991,32.362114906311035,991,32.628066301345825,991,32.884265184402466,991,37.106186628341675,991,37.42081427574158,991,37.65961718559265,991,39.02270293235779,991,39.28646802902222,991,40.87722682952881,990,41.245317459106445,990,41.54767823219299,990,41.786293029785156,990,43.17038655281067,989,43.507683992385864,989,43.769598722457886,989,44.02403473854065,989,44.32543587684631,989,44.604023456573486,989,45.97236466407776,989,46.23841071128845,989,46.54584002494812,989,46.824782848358154,989,47.063925981521606,989,51.265702962875366,989,51.529540061950684,989,51.825047731399536,989,53.13288378715515,989,53.4083571434021,989,53.6722149848938,989,53.97742176055908,989,54.22741389274597,989,55.60821223258972,989,55.85587811470032,989,56.11620831489563,989,57.56932210922241,989,57.87058901786804,989,58.16499209403992,989,59.52596473693848,989,59.768258810043335,989,60.02899169921875
21,random_graphs/triangle/r1.5k24n16/graph21.lgbin,2484,52.16101145744324,819,1758,0,1636,4.3499650955200195,1513,6.106276750564575,1457,7.23534083366394,1363,10.256095170974731,1278,10.662028551101685,1237,11.267667055130005,1084,12.098767757415771,965,13.975942850112915,965,15.420974016189575,963,16.179579257965088,936,16.522401332855225,912,17.157532215118408,888,18.439427137374878,888,18.745509386062622,885,19.56255555152893,883,20.075849771499634,869,20.42242169380188,865,20.80764365196228,865,21.088817596435547,862,21.618403434753418,860,22.213890075683594,860,22.628321886062622,853,22.939987659454346,853,23.205546617507935,835,23.674281120300293,833,25.22110915184021,832,25.61239218711853,832,25.91754126548767,831,26.529699563980103,831,26.953837156295776,828,28.03905749320984,827,28.317450523376465,827,29.463907718658447,827,30.96274471282959,827,31.36134433746338,827,31.660468578338623,827,33.247453451156616,827,34.73619246482849,826,35.25533652305603,826,35.60313272476196,825,35.89392399787903,825,36.18657565116882,824,36.47562527656555,824,37.9689884185791,823,38.40350151062012,823,39.0257465839386,823,39.32435441017151,823,40.82384490966797,823,41.22792959213257,823,41.52141332626343,823,41.913174867630005,823,42.188647985458374,823,42.48906111717224,821,43.58833885192871,821,43.98295021057129,821,45.498204708099365,821,45.76346254348755,821,46.063918352127075,821,46.622015953063965,821,48.14122653007507,821,48.52783179283142,821,48.83885097503662,821,49.11048102378845,821,49.411155700683594,821,49.70958423614502,821,50.32090663909912,821,50.709877252578735,821,51.115029096603394,821,52.61312007904053,821,52.9118218421936,821,53.210540771484375,821,53.81085205078125,821,54.22211670875549,821,55.7143931388855,821,56.01577639579773,820,57.159444093704224,820,58.38078784942627,819,58.83155679702759,819,59.20144081115723,819,60.1164927482605
22,random_graphs/triangle/r1.5k24n16/graph22.lgbin,2484,54.82252335548401,875,1720,0,1607,0.741706371307373,1529,1.1349096298217773,1403,2.409484386444092,1259,4.714821100234985,1166,10.76470136642456,1111,13.164385557174683,1044,13.678962707519531,983,16.196824073791504,958,16.554484128952026,958,18.928095817565918,924,19.827232599258423,920,20.20552396774292,901,20.53941583633423,901,22.414893627166748,901,22.740922212600708,901,23.026707887649536,901,23.35779356956482,894,23.9134681224823,892,24.535117387771606,892,27.67041301727295,892,29.753575086593628,892,30.160054445266724,892,30.841931343078613,888,31.18317937850952,883,31.54969596862793,882,31.95298147201538,882,32.237802028656006,882,33.27287459373474,882,33.55747127532959,882,35.598490715026855,882,36.27013373374939,882,36.55576419830322,882,36.8414626121521,881,38.49460053443909,881,38.776755809783936,881,40.86323618888855,876,43.41216206550598,876,45.13523769378662,876,45.424301862716675,876,45.74781346321106,875,46.16293287277222,875,46.56749701499939,875,46.833946228027344,875,47.12449073791504,875,48.83268976211548,875,50.88925814628601,875,51.226465702056885,875,51.49826097488403,875,51.847156047821045,875,52.139561891555786,875,54.19814920425415,875,55.81578278541565,875,57.51838397979736,875,57.86288046836853,875,58.13683795928955,875,58.39964270591736,875,60.118157625198364
23,random_graphs/triangle/r1.5k24n16/graph23.lgbin,2484,55.14007544517517,829,1759,0,1605,0.41939353942871094,1488,3.2617344856262207,1421,4.773219347000122,1287,5.139787912368774,1145,5.57110333442688,1019,6.7621965408325195,1002,17.862510204315186,974,18.219773054122925,974,19.664831399917603,956,20.010512351989746,934,24.005157232284546,934,25.19802498817444,925,25.591583013534546,896,26.013856172561646,879,26.387834787368774,879,26.712953805923462,877,30.01788020133972,869,30.696293592453003,867,31.107035875320435,866,31.498624086380005,866,32.89269804954529,844,33.20835089683533,844,33.48430418968201,838,33.80757999420166,838,34.0702223777771,838,35.24908089637756,837,35.61203408241272,832,35.98449420928955,832,36.31295704841614,831,36.66285943984985,831,36.92617702484131,831,37.63699698448181,831,38.796810150146484,831,39.147241830825806,831,39.480915784835815,831,40.74681758880615,831,41.01046109199524,831,41.33138823509216,831,42.48719000816345,831,42.77454137802124,829,43.11555337905884,829,43.463969469070435,829,43.813249349594116,829,44.068801403045654,829,49.89076900482178,829,50.208775997161865,829,51.36954379081726,829,51.715392112731934,829,52.058799743652344,829,52.31461310386658,829,58.13136434555054,829,59.384984493255615,829,60.15693998336792
24,random_graphs/triangle/r1.5k24n16/graph24.lgbin,2484,51.415966272354126,826,1773,0,1669,0.43611931800842285,1541,1.0927009582519531,1485,2.4363043308258057,1396,3.177177667617798,1238,4.650336980819702,1062,7.093920469284058,981,7.560788869857788,927,9.226322650909424,925,10.6468346118927,909,11.950414657592773,909,12.301928520202637,894,12.664143800735474,883,13.073781728744507,883,13.376392126083374,882,15.08432936668396,882,15.451738834381104,882,15.789942264556885,882,17.48434281349182,882,18.0495548248291,882,19.524728536605835,869,19.884330987930298,869,20.183983087539673,865,20.972489595413208,865,21.75276255607605,854,22.11973237991333,854,22.43022656440735,854,23.81621527671814,849,24.117597341537476,849,24.38532543182373,849,25.836612701416016,849,26.282378435134888,845,26.665823459625244,841,27.01420521736145,841,28.283043146133423,841,29.68236255645752,839,30.042568922042847,839,30.355175256729126,839,30.656121492385864,834,31.006987810134888,834,31.303931713104248,834,31.60924744606018,834,33.018659591674805,832,33.41540741920471,832,34.879297733306885,832,35.16494846343994,832,35.5009708404541,832,35.898950815200806,829,36.23780155181885,826,36.59025597572327,826,36.88376450538635,826,37.30547094345093,826,37.58855199813843,826,38.01301646232605,826,38.40911626815796,826,39.81757426261902,826,40.133506298065186,826,40.42741680145264,826,40.70736265182495,826,41.03460621833801,826,41.32921624183655,826,41.751760482788086,826,43.15496206283569,826,44.40570902824402,826,44.69522261619568,826,45.090699672698975,826,45.45337748527527,826,46.91539549827576,826,47.209107875823975,826,47.606364250183105,826,47.90606927871704,826,49.368184328079224,826,49.664257287979126,826,49.94578194618225,826,51.340330362319946,826,51.62638759613037,826,51.958141803741455,826,52.25185680389404,826,52.534032583236694,826,53.926478147506714,826,54.197224617004395,826,54.53575038909912,826,54.821937561035156,826,55.1137969493866,826,55.96634888648987,826,57.359867572784424,826,57.6548388004303,826,58.07968211174011,826,58.47466850280762,826,58.80846118927002,826,59.10220265388489,826,59.42757725715637,826,60.10937428474426
25,random_graphs/triangle/r1.5k24n16/graph25.lgbin,2484,55.57879042625427,880,1924,0,1777,3.3388214111328125,1620,12.008883476257324,1495,12.340060710906982,1412,15.48762559890747,1302,15.874333381652832,1271,16.285576820373535,1150,16.607696056365967,1045,16.948756217956543,1031,17.723769903182983,1021,18.115514516830444,1021,21.23415446281433,1015,21.578728914260864,1014,22.52454662322998,994,22.86716914176941,976,23.175873041152954,970,23.52526092529297,970,30.33881950378418,962,30.700318574905396,958,31.033900022506714,952,31.340067386627197,952,31.627058506011963,952,31.949979066848755,952,32.205535888671875,927,32.570255279541016,927,32.87026071548462,923,33.19361233711243,923,36.51157021522522,919,37.757349729537964,919,40.6007764339447,915,40.907939195632935,915,41.28375005722046,915,44.0655632019043,907,44.38744282722473,907,44.65789461135864,898,44.991894006729126,898,45.28677272796631,893,45.5552875995636,893,45.82611274719238,893,48.61481499671936,893,49.117469787597656,893,49.40025877952576,893,51.359254360198975,892,51.69282102584839,880,51.99356746673584,880,52.24717617034912,880,55.02845215797424,880,55.28421497344971,880,60.12115979194641
26,random_graphs/triangle/r1.5k24n16/graph26.lgbin,2484,55.83477258682251,846,1896,0,1775,11.853119373321533,1551,12.354055166244507,1488,12.72593641281128,1379,13.493359327316284,1261,15.339708089828491,1182,18.611448049545288,1151,19.695334911346436,1073,22.830402135849,1054,27.050762176513672,1015,27.44039249420166,1015,30.208364486694336,1014,30.65336298942566,991,35.61525273323059,984,36.17910051345825,929,36.57369112968445,919,39.32240629196167,919,42.58948230743408,917,42.946505308151245,917,43.27623772621155,917,43.62368178367615,917,43.90958857536316,916,45.27552151679993,910,45.60502862930298,910,45.91903209686279,888,46.466137409210205,888,46.85157585144043,888,49.81647086143494,867,50.22757148742676,867,50.49609327316284,867,50.841683864593506,867,52.415172815322876,858,52.796663999557495,850,53.4289767742157,850,53.729697942733765,850,54.352033853530884,850,54.59681010246277,848,54.92407298088074,848,55.52042055130005,848,58.474799156188965,846,58.8000967502594,846,59.10541343688965,846,59.71068263053894,846,59.957539081573486,846,60.09907793998718
27,random_graphs/triangle/r1.5k24n16/graph27.lgbin,2484,60.21166014671326,1258,1554,0,1436,0.7202870845794678,1258,60.40224528312683
28,random_graphs/triangle/r1.5k24n16/graph28.lgbin,2484,57.13218927383423,844,1687,0,1607,0.8456799983978271,1499,3.1238489151000977,1331,3.7976481914520264,1253,4.189899444580078,1232,14.339642524719238,1115,16.338215351104736,1047,17.5431809425354,904,17.986276149749756,876,20.015681982040405,873,20.688857078552246,866,21.005951642990112,866,30.18201780319214,866,30.718122720718384,866,30.975501537322998,862,31.576233625411987,862,32.097878217697144,862,33.99734687805176,859,34.86804151535034,850,35.25510573387146,850,44.78828954696655,848,45.219640493392944,848,45.51372742652893,848,45.87743425369263,844,46.52250862121582,844,47.1608943939209,844,48.19025754928589,844,48.56226420402527,844,49.161612033843994,844,49.456117153167725,844,50.214874267578125,844,53.840617656707764,844,60.10346794128418
29,random_graphs/triangle/r1.5k24n16/graph29.lgbin,2484,52.26419639587402,848,1887,0,1705,4.696340084075928,1550,6.143471002578735,1386,6.891090393066406,1281,14.965274572372437,1178,17.06101083755493,1004,17.570042371749878,953,18.23206877708435,914,18.648468255996704,906,19.383360862731934,895,20.149309635162354,888,20.528745889663696,878,20.90624737739563,878,22.477647304534912,863,22.829044580459595,863,23.146687269210815,863,23.46962285041809,863,23.785707712173462,860,24.229313373565674,860,24.57119059562683,859,25.092870712280273,859,26.63343095779419,859,26.95929193496704,854,27.275130033493042,851,27.76279902458191,851,28.08525037765503,851,28.420148372650146,851,28.79550051689148,851,29.058658838272095,850,29.378451824188232,850,30.915711879730225,850,31.222776889801025,850,31.53848648071289,850,31.8691885471344,850,32.19695448875427,850,32.50613570213318,850,34.04042863845825,849,34.345876693725586,849,34.66144323348999,849,34.99623227119446,849,35.3264684677124,849,35.65596079826355,848,35.983962535858154,848,36.28432893753052,848,37.50943303108215,848,39.04828906059265,848,39.785338401794434,848,40.105345726013184,848,40.41312885284424,848,40.799633502960205,848,41.126529693603516,848,41.408737897872925,848,42.9338960647583,848,43.786585330963135,848,44.103968381881714,848,44.44046974182129,848,44.723039627075195,848,45.049020767211914,848,45.541584968566895,848,47.08924055099487,848,47.41368341445923,848,47.726075887680054,848,48.78688979148865,848,50.33971095085144,848,50.666295766830444,848,50.98794674873352,848,51.30321550369263,848,52.22402095794678,848,53.7768349647522,848,54.077489137649536,848,54.39547896385193,848,54.70062279701233,848,55.092440366744995,848,55.413320779800415,848,56.14846920967102,848,56.43752694129944,848,56.76348304748535,848,57.10335063934326,848,57.432745695114136,848,57.79655647277832,848,58.10763216018677,848,58.42968678474426,848,59.97145056724548,848,60.09827923774719
30,random_graphs/triangle/r1.5k24n16/graph30.lgbin,2484,55.19381928443909,724,1679,0,1542,4.236328840255737,1360,4.69044303894043,1229,8.643074750900269,1079,12.105823755264282,1021,12.796984195709229,936,13.17112684249878,873,16.266244411468506,791,16.95909810066223,775,18.666106939315796,769,21.457953929901123,759,22.137444019317627,759,23.793208837509155,756,24.126065969467163,754,24.511507987976074,754,26.14025378227234,749,26.838067531585693,749,29.699461936950684,744,30.31949281692505,743,30.715083360671997,732,31.076637744903564,732,31.37596035003662,731,32.01634860038757,731,32.5030357837677,729,33.32351517677307,729,35.890724420547485,725,36.45209503173828,725,39.896074533462524,725,41.55662512779236,725,42.14109468460083,725,42.41758680343628,724,42.78575038909912,724,44.855628490448,724,45.235230445861816,724,46.90054202079773,724,50.319390058517456,724,50.61933374404907,724,51.04889154434204,724,51.354928493499756,724,52.166325092315674,724,53.832332134246826,724,54.204553842544556,724,54.495285749435425,724,55.01475143432617,724,55.32119345664978,724,55.61113905906677,724,57.27062439918518,724,57.85096979141235,724,58.152730226516724,724,58.67628359794617,724,59.69118094444275,724,59.981889963150024,724,60.098649978637695
31,random_graphs/triangle/r1.5k24n16/graph31.lgbin,2484,58.669350147247314,961,1703,0,1578,0.4051532745361328,1456,3.25968599319458,1370,5.93652606010437,1268,6.2486207485198975,1221,7.039194107055664,1124,38.29189157485962,1050,38.65517830848694,1008,39.92046356201172,978,40.595892906188965,966,43.1486918926239,966,56.89205360412598,961,58.23589611053467,961,58.63088822364807,961,59.892395973205566,961,60.09757137298584
32,random_graphs/triangle/r1.5k24n16/graph32.lgbin,2484,56.537606954574585,826,1696,0,1591,1.4423599243164062,1527,2.783470869064331,1365,5.4762279987335205,1256,11.58016061782837,1143,12.021674871444702,1096,16.67269992828369,947,17.022123336791992,909,17.37862515449524,909,17.729580640792847,909,29.83164882659912,901,30.202289581298828,876,31.47438645362854,857,33.0593581199646,845,33.40402793884277,845,33.699082136154175,845,34.951274156570435,841,35.78783679008484,837,36.107078552246094,837,36.97468304634094,837,41.07261872291565,837,42.31983518600464,836,42.64581656455994,836,43.667967796325684,832,43.94302725791931,832,44.21137475967407,832,44.525798082351685,829,44.8979914188385,829,45.24731659889221,829,49.36761522293091,827,50.58284950256348,827,51.76997470855713,827,52.04595923423767,827,53.301087617874146,827,54.719053983688354,826,55.14952516555786,826,55.49391031265259,826,59.60945200920105,826,60.09873366355896
33,random_graphs/triangle/r1.5k24n16/graph33.lgbin,2484,54.16358423233032,970,1867,0,1770,0.8538050651550293,1678,2.152662515640259,1549,9.273368120193481,1449,9.739106893539429,1340,10.017536401748657,1338,13.253269910812378,1223,14.043643951416016,1127,14.447131156921387,1127,15.196454048156738,1127,15.492394208908081,1127,15.957099676132202,1127,18.82363724708557,1110,19.74769949913025,1103,20.051957607269287,1072,20.816166400909424,1072,21.295820951461792,1072,21.809301614761353,1072,22.05855679512024,1054,22.48166036605835,1054,25.342477321624756,1054,25.730708360671997,1046,26.055187225341797,1046,26.536314725875854,1046,26.790611505508423,1046,27.840561389923096,1046,28.713621377944946,1021,29.110146522521973,1021,29.39696741104126,1020,30.124107837677002,993,30.9105167388916,993,31.69383931159973,993,34.60295033454895,972,34.985267877578735,972,35.3270320892334,972,35.58426570892334,970,35.94004154205322,970,36.23748421669006,970,38.114821910858154,970,38.87236547470093,970,41.7792181968689,970,42.03438949584961,970,42.751792669296265,970,43.09357404708862,970,44.00165033340454,970,44.281578063964844,970,45.02531838417053,970,45.36653447151184,970,46.72871804237366,970,47.01263356208801,970,47.786516189575195,970,48.040507555007935,970,48.38348865509033,970,50.01978945732117,970,52.923917293548584,970,53.26842737197876,970,54.025394678115845,970,54.742284059524536,970,54.996490240097046,970,55.664750814437866,970,58.55787181854248,970,58.84106183052063,970,59.18737030029297,970,59.93254995346069,970,60.09583783149719
34,random_graphs/triangle/r1.5k24n16/graph34.lgbin,2484,54.360955476760864,923,1877,0,1794,3.1646859645843506,1717,8.144286155700684,1601,8.549683332443237,1488,9.008885860443115,1347,9.884560108184814,1204,10.27362871170044,1122,10.735265254974365,1122,13.89004921913147,1121,14.263240098953247,1085,14.65846061706543,1083,15.343308210372925,1083,15.680158853530884,1076,16.03758716583252,1055,16.424275636672974,1052,16.82942771911621,1049,17.207517862319946,1049,17.521207332611084,1047,17.91304898262024,1035,18.302377462387085,1032,18.751592874526978,1031,21.31400728225708,1023,21.664648056030273,1015,22.057405710220337,1004,22.441389322280884,1004,22.7602276802063,1004,23.099669933319092,1004,23.39586567878723,1003,26.118932247161865,985,26.516112565994263,965,26.95874786376953,965,27.271307468414307,965,38.94294309616089,965,41.38333487510681,965,41.70704793930054,961,42.0891227722168,961,42.395548582077026,955,43.42659616470337,950,43.83297896385193,950,44.18097114562988,937,44.54807949066162,932,44.96066236495972,932,47.36907434463501,929,47.74639272689819,929,48.05536198616028,928,48.4122269153595,928,48.826778173446655,928,51.2361536026001,927,51.649800062179565,927,53.91319680213928,926,54.28679966926575,926,54.59931969642639,925,54.93046450614929,925,55.35013222694397,925,57.7614312171936,925,58.0466513633728,923,58.42031383514404,923,58.7126042842865,923,60.10535740852356
35,random_graphs/triangle/r1.5k24n16/graph35.lgbin,2484,54.47668433189392,792,1680,0,1531,6.0400776863098145,1407,6.68886137008667,1211,7.229757308959961,1170,7.79282546043396,1094,10.3662748336792,1031,11.459028482437134,968,13.420196533203125,923,22.376750707626343,866,23.402788877487183,857,24.005110502243042,843,24.35238790512085,843,26.511913299560547,842,26.947150707244873,828,27.30852484703064,828,27.60177779197693,825,29.32170844078064,825,29.635205507278442,825,30.5533766746521,823,30.91184401512146,817,31.497506856918335,816,33.31398820877075,816,34.01420974731445,816,34.40749144554138,810,34.762662172317505,810,35.050909757614136,809,35.474480390548706,807,36.126960039138794,807,37.65550231933594,807,39.53062605857849,807,40.22823214530945,807,40.55634665489197,807,40.96896696090698,807,41.26480841636658,803,41.67491841316223,803,42.032596588134766,803,42.379268646240234,803,42.995134115219116,803,43.30393123626709,803,45.17655682563782,803,45.5334415435791,802,45.8506076335907,802,46.154478549957275,802,46.50377535820007,802,48.37360739707947,802,52.036216497421265,802,52.34335446357727,801,52.70717120170593,801,52.99617075920105,801,53.35074019432068,801,54.04863357543945,801,55.92023301124573,801,56.53645324707031,801,56.829012393951416,801,57.31502389907837,801,59.18526744842529,796,59.510634899139404,792,59.8516526222229,792,60.098363399505615
36,random_graphs/triangle/r1.5k24n16/graph36.lgbin,2484,60.1985650062561,1451,1564,0,1451,60.2935791015625
37,random_graphs/triangle/r1.5k24n16/graph37.lgbin,2484,51.532114028930664,773,1726,0,1531,1.2131431102752686,1428,10.144610166549683,1298,10.997308492660522,1190,12.587698936462402,1151,14.282199144363403,1022,14.936506032943726,946,15.358911037445068,883,16.20588231086731,883,16.541802883148193,869,16.911637783050537,869,18.277267932891846,866,18.65811061859131,834,19.079105615615845,829,20.016798496246338,820,20.77755069732666,819,22.794336080551147,819,23.153104543685913,819,23.591041564941406,817,24.160139083862305,817,24.53278374671936,815,25.12620997428894,815,25.719265699386597,815,26.903615713119507,815,27.260742664337158,815,27.70378303527832,804,28.464069604873657,802,28.819222450256348,802,29.172269344329834,802,30.357824325561523,801,30.730060338974,795,31.093957662582397,795,31.400224924087524,795,31.705060720443726,793,32.25748252868652,788,33.531333923339844,787,33.86927032470703,787,34.14826583862305,787,35.27605700492859,777,35.70931553840637,777,36.03288817405701,777,36.34593749046326,777,36.62321376800537,777,36.885592222213745,777,37.20935249328613,777,38.335267066955566,777,38.643810987472534,777,39.001551389694214,775,39.34935784339905,775,40.07643938064575,775,41.25805687904358,775,42.38259148597717,775,42.73526883125305,774,43.05177402496338,774,43.40066361427307,773,43.764652490615845,773,44.49384021759033,773,45.61681008338928,773,45.94294714927673,773,46.26694130897522,773,46.62322807312012,773,47.42859435081482,773,47.74240469932556,773,48.07713961601257,773,49.19588780403137,773,49.470940351486206,773,50.21094751358032,773,50.51844549179077,773,50.85004806518555,773,52.18378782272339,773,52.491875648498535,773,52.81220841407776,773,53.16515302658081,773,53.43842029571533,773,53.713215827941895,773,54.849579095840454,773,55.206430435180664,773,55.5146803855896,773,56.628604888916016,773,56.898316860198975,773,57.21990776062012,773,57.52264976501465,773,57.85975122451782,773,58.97733497619629,773,59.299108028411865,773,59.61972737312317,773,59.93683385848999,773,60.10253643989563
38,random_graphs/triangle/r1.5k24n16/graph38.lgbin,2484,54.22551083564758,812,1548,0,1482,2.5105440616607666,1436,5.098870038986206,1353,5.5608837604522705,1262,12.486255884170532,1108,13.429162740707397,1064,13.83672308921814,975,21.10167145729065,952,21.796082973480225,951,22.89323115348816,951,23.24743914604187,941,24.74481463432312,938,29.038732528686523,915,29.466763973236084,911,30.240431308746338,911,31.423556089401245,895,31.87119960784912,880,33.23652362823486,880,33.56965923309326,880,33.942272663116455,880,35.310956954956055,873,36.00117492675781,873,37.338085412979126,870,38.83074879646301,869,39.1722457408905,869,39.46030592918396,866,39.87487244606018,864,40.256680488586426,860,41.55138564109802,860,42.84786033630371,858,43.26901125907898,845,43.65411186218262,845,43.97722601890564,844,44.569698333740234,844,45.689470291137695,844,46.008692026138306,844,46.913307428359985,844,47.32666015625,840,47.74816107749939,840,48.09983420372009,840,48.41182851791382,840,49.5070116519928,838,49.87832307815552,825,50.86698842048645,825,51.632819414138794,824,51.988736391067505,824,52.29301953315735,824,52.606122732162476,823,53.04773163795471,823,54.14954733848572,823,54.44412064552307,823,54.76750612258911,822,55.297791957855225,819,55.657212257385254,819,55.96359038352966,818,56.74980711936951,818,57.10798978805542,813,58.5269033908844,813,59.61444902420044,812,59.98052620887756,812,60.10863018035889
39,random_graphs/triangle/r1.5k24n16/graph39.lgbin,2484,50.51982021331787,899,1858,0,1731,2.252185821533203,1630,2.7160305976867676,1530,3.3790972232818604,1415,4.8943092823028564,1265,5.893662691116333,1209,6.487279176712036,1061,7.219336986541748,1037,7.6146240234375,1017,8.013188600540161,971,8.469073295593262,964,8.983690977096558,957,9.883097410202026,956,10.972357511520386,952,11.394046068191528,948,12.03835153579712,929,12.401212215423584,929,12.987918853759766,928,13.891960620880127,928,14.251191854476929,927,15.937608003616333,924,16.94275140762329,924,17.870676279067993,921,18.216451406478882,915,18.586387157440186,910,18.96298885345459,910,19.273244619369507,910,19.570547103881836,910,19.885722875595093,910,20.83091163635254,909,21.179402112960815,909,21.447463750839233,909,21.814579725265503,909,22.10831093788147,909,22.424633979797363,909,23.369306564331055,909,24.87279772758484,909,25.234796285629272,909,25.865657567977905,909,26.167665481567383,909,26.471530437469482,909,26.78478741645813,909,27.751872062683105,909,28.095673322677612,909,29.107991456985474,909,29.50053358078003,909,29.819171905517578,909,30.12926697731018,909,30.446661949157715,909,31.409148931503296,909,31.757954359054565,909,32.38303017616272,909,32.70358419418335,909,33.01054382324219,909,33.33211946487427,909,34.37999701499939,909,37.164530992507935,909,38.11228394508362,909,38.456300020217896,909,38.85572957992554,909,39.1675865650177,909,39.48720145225525,906,40.841492652893066,906,41.7805655002594,906,42.122114181518555,903,42.68051552772522,903,42.98206186294556,903,43.926507234573364,903,44.21611738204956,903,44.50820589065552,901,45.57679009437561,901,46.31246256828308,901,47.247143507003784,901,47.554521322250366,901,47.84657621383667,901,48.828362464904785,901,49.74381685256958,901,50.04485082626343,901,50.33749198913574,901,50.69364881515503,900,51.266255378723145,900,52.31216883659363,900,52.613351583480835,900,53.5530161857605,899,53.86295461654663,899,54.154338121414185,899,54.44914722442627,899,54.790183782577515,899,55.09164476394653,899,55.472315311431885,899,57.20916199684143,899,58.12907528877258,899,58.391165018081665,899,58.68254733085632,899,59.024001359939575,899,59.327255964279175,899,60.10759687423706
40,random_graphs/triangle/r1.5k24n16/graph40.lgbin,2484,58.166218280792236,850,1800,0,1633,2.029742956161499,1342,2.4134087562561035,1202,12.460428714752197,1104,12.81466555595398,1006,13.114694595336914,957,16.292646884918213,905,35.59254336357117,901,41.8043167591095,868,42.24531102180481,868,42.604336977005005,868,42.91194415092468,864,43.29625368118286,861,43.616668462753296,859,43.925464391708374,859,50.45977306365967,852,51.92391276359558,852,52.20043587684631,852,52.53034734725952,851,53.47789406776428,850,59.63602304458618,850,60.10317611694336
41,random_graphs/triangle/r1.5k24n16/graph41.lgbin,2484,57.84132122993469,834,1681,0,1570,14.12246584892273,1437,15.117849588394165,1316,16.095135927200317,1305,20.27348804473877,1267,21.402009963989258,1108,33.13936424255371,953,33.463314056396484,916,33.84803748130798,896,34.33002233505249,896,34.66751050949097,888,40.09966564178467,868,40.5419602394104,858,40.88524675369263,854,45.32120490074158,853,50.72368812561035,853,54.77661895751953,851,55.149399518966675,851,55.43372631072998,844,55.781533002853394,843,56.188299894332886,843,56.489694595336914,834,56.85794711112976,834,57.171964168548584,834,60.100651025772095
42,random_graphs/triangle/r1.5k24n16/graph42.lgbin,2484,60.18893027305603,1519,1648,0,1519,60.28875398635864
43,random_graphs/triangle/r1.5k24n16/graph43.lgbin,2484,56.56230807304382,841,1725,0,1606,0.3807196617126465,1502,9.463425874710083,1339,10.286151647567749,1290,10.684029340744019,1143,20.589871883392334,1086,22.981589794158936,979,23.326205730438232,978,32.344237327575684,954,32.742156982421875,951,36.851174116134644,951,46.10029149055481,951,46.413347482681274,920,46.79719400405884,907,47.188815116882324,866,47.52241253852844,866,47.81308150291443,866,48.14580726623535,862,48.51562762260437,862,48.81092691421509,862,49.119664430618286,856,49.445348262786865,856,49.723177433013916,844,53.621938943862915,844,53.90729284286499,844,54.180500984191895,844,54.46461510658264,844,54.74201226234436,844,57.64728856086731,844,57.94415092468262,844,58.21220064163208,843,58.52286434173584,843,58.83825135231018,841,59.320231199264526,841,59.70471215248108,841,59.984193325042725,841,60.10258746147156
44,random_graphs/triangle/r1.5k24n16/graph44.lgbin,2484,56.629406213760376,722,1630,0,1456,3.2162561416625977,1350,5.139477014541626,1275,5.592660427093506,1160,7.456315755844116,1057,16.78492832183838,935,17.15843653678894,917,17.49405002593994,825,17.825900316238403,825,24.69184184074402,825,24.966137647628784,813,25.499300003051758,785,25.8925838470459,777,27.063447952270508,777,27.44484233856201,777,27.777114391326904,777,28.92798638343811,777,29.217063665390015,774,33.53578209877014,756,33.91073799133301,756,34.190690755844116,756,38.325522661209106,751,38.669830560684204,751,38.99198865890503,747,39.32945656776428,747,39.60569882392883,747,44.03625202178955,747,48.92073893547058,738,49.257014751434326,738,49.52755570411682,731,49.91188454627991,731,51.86671257019043,729,53.97383117675781,729,54.29753637313843,723,54.64820432662964,723,54.91950583457947,722,55.24341940879822,722,60.09802722930908
45,random_graphs/triangle/r1.5k24n16/graph45.lgbin,2484,59.1845908164978,1042,1656,0,1532,0.532667875289917,1442,1.2922492027282715,1303,48.74989700317383,1236,49.752434492111206,1183,50.06027317047119,1107,52.44116926193237,1064,52.80286884307861,1064,54.997377157211304,1045,55.29014801979065,1042,60.11446738243103
46,random_graphs/triangle/r1.5k24n16/graph46.lgbin,2484,52.7434778213501,865,1804,0,1677,0.647960901260376,1575,1.0068466663360596,1462,1.4223442077636719,1326,4.977343559265137,1223,9.293307781219482,1196,9.623081922531128,1109,9.953553915023804,1050,10.278316259384155,991,10.620888233184814,991,13.022291421890259,947,13.436868906021118,944,13.758886098861694,935,14.108223676681519,935,15.208645343780518,929,15.5530846118927,925,15.90872049331665,925,16.177619218826294,925,16.521877765655518,918,16.875147581100464,918,17.174222230911255,901,17.488754987716675,897,17.840277910232544,897,18.166472911834717,894,18.788081884384155,893,19.166761875152588,893,19.940988063812256,890,20.265970468521118,890,20.56222915649414,885,20.87284278869629,885,21.148019552230835,885,21.44212508201599,885,24.03726887702942,885,24.315880298614502,885,24.607347011566162,885,25.481258869171143,885,25.80686116218567,885,28.370807647705078,883,28.668562650680542,883,28.935254335403442,881,29.28756356239319,880,29.638615608215332,880,32.223793029785156,872,32.497642278671265,872,32.753666400909424,872,33.02559041976929,872,33.27754473686218,872,35.86498999595642,872,36.13757872581482,872,36.46186923980713,871,37.58918642997742,869,38.45902442932129,867,38.81940937042236,867,39.13653564453125,866,41.83916115760803,866,42.109822034835815,866,43.547263860702515,866,43.83430194854736,865,44.1428062915802,865,45.157530546188354,865,47.86500787734985,865,48.139299631118774,865,48.4291832447052,865,48.744088888168335,865,49.04510545730591,865,49.316763401031494,865,52.03091049194336,865,52.29151940345764,865,52.607949018478394,865,52.88213276863098,865,53.16477012634277,865,53.465760469436646,865,56.17011380195618,865,56.42833423614502,865,59.142223834991455,865,59.420185804367065,865,59.70723080635071,865,60.002352237701416
47,random_graphs/triangle/r1.5k24n16/graph47.lgbin,2484,57.92732262611389,765,1679,0,1541,0.9000637531280518,1413,7.4434731006622314,1288,7.854479789733887,1262,9.05131196975708,1204,9.436739683151245,1083,22.644641637802124,1026,39.15203309059143,1016,43.73749828338623,925,44.49929332733154,806,45.14021039009094,806,45.93106269836426,795,47.08470845222473,795,47.33125352859497,795,51.26039242744446,782,51.61381506919861,782,51.912548542022705,774,52.21186852455139,766,52.56119132041931,766,56.42593026161194,765,56.878201961517334,765,57.16994571685791,765,57.89601969718933,765,58.17692494392395,765,60.10092115402222
48,random_graphs/triangle/r1.5k24n16/graph48.lgbin,2484,59.76836156845093,1283,1752,0,1612,1.429328203201294,1470,41.965646505355835,1413,42.3352313041687,1283,60.18011498451233
49,random_graphs/triangle/r1.5k24n16/graph49.lgbin,2484,49.31491684913635,778,1598,0,1461,0.39880871772766113,1324,1.0913376808166504,1218,2.7426319122314453,1044,3.982797622680664,1003,4.313368558883667,950,5.053640604019165,895,5.572389841079712,841,5.959844350814819,829,6.371794700622559,829,6.687170028686523,829,7.207376003265381,819,7.628667831420898,818,8.524087190628052,814,9.520092487335205,801,9.881860733032227,801,10.20984411239624,794,10.519635200500488,794,11.420094013214111,794,12.251429080963135,790,12.587697744369507,790,13.048350095748901,789,13.784465551376343,789,14.053775787353516,789,14.748083353042603,789,15.65136170387268,789,16.122719526290894,789,16.54787802696228,789,16.815320014953613,787,17.14765954017639,786,17.456394910812378,786,17.766738414764404,786,18.601770162582397,786,19.350502490997314,786,19.769047498703003,786,20.25471568107605,786,21.18086528778076,786,21.43900156021118,784,21.86150074005127,784,22.201648473739624,783,22.542886972427368,783,23.02550721168518,783,23.313235759735107,782,23.62747097015381,782,24.39835238456726,780,24.73940944671631,780,25.018582820892334,780,25.3428738117218,780,26.035548448562622,780,26.51487398147583,780,26.82610249519348,780,27.60772705078125,780,27.935245037078857,780,28.702214241027832,780,29.18944549560547,780,30.029390573501587,780,30.835565328598022,780,31.09131932258606,780,31.36435294151306,780,31.847070693969727,780,32.15228056907654,780,32.926854610443115,780,33.23058319091797,780,33.54495573043823,780,34.03482961654663,780,35.01263904571533,780,35.80459475517273,780,36.10738253593445,780,36.59463286399841,780,37.58048748970032,780,38.35566830635071,780,38.61822462081909,780,39.452576875686646,780,39.76458287239075,778,40.16663098335266,778,40.47425174713135,778,40.96427798271179,778,41.74168610572815,778,42.02064085006714,778,42.33158540725708,778,42.67118954658508,778,43.15327739715576,778,43.44091844558716,778,44.2043890953064,778,44.925023794174194,778,45.22835350036621,778,45.71494722366333,778,45.979756593704224,778,46.31870770454407,778,47.10764408111572,778,47.381704807281494,778,47.68602895736694,778,48.178919553756714,778,48.485924243927,778,49.284595251083374,778,49.595120668411255,778,49.85751223564148,778,50.339826583862305,778,51.185457706451416,778,51.9875168800354,778,52.25371193885803,778,52.55994510650635,778,52.830665588378906,778,53.30851125717163,778,53.614301681518555,778,54.3960485458374,778,54.87634539604187,778,55.80308723449707,778,56.586119413375854,778,56.85721206665039,778,57.197683572769165,778,57.68353796005249,778,58.52228784561157,778,59.32520270347595,778,59.59882688522339,778,60.07740068435669
0,random_graphs/triangle/r1.5k24n16/graph0.lgbin,2486,57.932687282562256,924,1739,0,1634,12.579111337661743,1592,14.223060846328735,1465,18.28446888923645,1384,25.97121810913086,1269,27.77468752861023,1214,28.760520935058594,1095,29.67748713493347,1072,30.0402512550354,1041,33.215097188949585,1041,34.95364236831665,987,35.351903200149536,961,36.27097797393799,957,36.63818836212158,955,37.341758728027344,940,37.70219588279724,935,38.13675570487976,933,38.50068259239197,925,38.86884880065918,925,39.16695308685303,925,40.64826703071594,924,57.980061054229736,924,60.10701370239258
1,random_graphs/triangle/r1.5k24n16/graph1.lgbin,2486,53.50017952919006,776,1622,0,1550,0.9313771724700928,1452,1.3138530254364014,1356,6.186408996582031,1274,6.750263214111328,1204,9.907152652740479,1122,10.32806396484375,1097,12.231085300445557,1023,12.599456071853638,926,13.654553413391113,897,14.052626609802246,880,14.365449666976929,872,14.78763723373413,852,15.129894495010376,852,16.67566967010498,852,17.75876760482788,851,18.15691328048706,851,18.43810200691223,851,18.772813320159912,851,19.06435990333557,846,19.415229320526123,830,19.73629355430603,824,20.283782482147217,815,20.64911913871765,810,21.014421939849854,810,21.325560092926025,810,21.633123636245728,810,23.170244693756104,804,23.465442895889282,803,23.755080223083496,803,24.058908462524414,803,24.37873411178589,803,24.665600776672363,803,27.78146719932556,801,28.783467292785645,801,29.775960445404053,801,30.02315378189087,800,36.00533843040466,800,36.32942271232605,798,36.67156267166138,798,36.92408871650696,798,37.223759174346924,798,38.16013956069946,798,39.17285394668579,798,39.49857187271118,798,40.197622776031494,798,40.497763872146606,798,40.74486780166626,798,41.67850208282471,798,41.94861149787903,798,42.20370697975159,798,43.139543533325195,798,43.42805528640747,792,43.791786432266235,790,44.33221387863159,790,44.62760901451111,790,49.54535245895386,790,52.3346152305603,790,53.28174614906311,789,53.61460852622986,789,53.924097299575806,789,54.938939809799194,787,55.29283142089844,786,55.58219790458679,786,56.53305745124817,786,57.646183252334595,786,57.95173692703247,786,58.38938117027283,783,58.710540771484375,776,59.01235008239746,776,60.098371267318726
2,random_graphs/triangle/r1.5k24n16/graph2.lgbin,2486,58.32679343223572,864,1672,0,1553,2.5946762561798096,1479,26.441153526306152,1433,29.48132634162903,1324,30.503670930862427,1192,32.00963997840881,1084,32.3609185218811,1042,33.665334701538086,963,36.74221444129944,963,40.16584825515747,942,40.48638844490051,942,42.63703680038452,879,44.90609693527222,866,45.79262375831604,866,46.09825658798218,864,48.94001054763794,864,50.80213403701782,864,51.69762182235718,864,51.9486448764801,864,60.11746025085449
3,random_graphs/triangle/r1.5k24n16/graph3.lgbin,2486,54.21705079078674,753,1682,0,1559,4.302493095397949,1432,4.806582450866699,1282,5.877679347991943,1132,6.235469102859497,1028,6.764021158218384,912,7.111276149749756,855,7.907355546951294,850,19.036282539367676,830,19.31654644012451,827,19.669615030288696,822,20.39183497428894,819,20.7960422039032,807,21.33592963218689,799,21.887025833129883,771,22.2348051071167,771,22.530370950698853,771,23.038021087646484,769,23.370015859603882,766,23.70649266242981,765,23.961121082305908,758,24.348271131515503,758,24.6490159034729,758,27.526052713394165,758,30.41154408454895,758,30.919736623764038,757,31.277021169662476,757,31.62705421447754,757,31.923482656478882,756,32.28178834915161,756,32.577205657958984,754,32.9587767124176,754,33.26443839073181,754,36.166404008865356,754,36.47921919822693,754,36.98447561264038,754,37.5364875793457,754,37.83686447143555,754,40.74498677253723,754,40.99473786354065,754,41.5050151348114,754,42.02658295631409,754,42.34700918197632,754,42.894739627838135,754,45.80355191230774,754,46.04713177680969,753,46.386706829071045,753,46.67186999320984,753,47.20709228515625,753,47.72667336463928,753,48.038798332214355,753,48.408820390701294,753,51.32534146308899,753,51.61255383491516,753,52.661609411239624,753,53.17887806892395,753,53.490840435028076,753,56.4328875541687,753,56.72367262840271,753,56.969953536987305,753,57.25461196899414,753,57.50589418411255,753,58.01014447212219,753,60.10619592666626
4,random_graphs/triangle/r1.5k24n16/graph4.lgbin,2486,56.46351504325867,843,1770,0,1511,0.4026613235473633,1427,0.7697925567626953,1301,1.0860633850097656,1188,8.09507131576538,1080,21.132309198379517,1023,21.58945369720459,958,22.037149906158447,922,22.514718294143677,909,22.822242736816406,901,23.633967638015747,900,24.484495878219604,900,31.586582899093628,895,31.942235469818115,888,32.279608726501465,887,42.046194314956665,887,42.90862059593201,884,43.63244843482971,880,43.97902274131775,880,44.26128530502319,879,44.622408628463745,875,44.99624967575073,875,45.31355309486389,863,45.65795564651489,859,45.964333057403564,858,46.29970693588257,858,46.57794809341431,858,56.30282139778137,858,56.634636640548706,852,57.05052375793457,852,57.39916133880615,852,57.685885429382324,849,57.97067308425903,848,58.279930114746094,848,58.56912159919739,843,59.45148301124573,843,59.708308935165405,843,60.04308462142944
5,random_graphs/triangle/r1.5k24n16/graph5.lgbin,2486,58.18700838088989,752,1626,0,1528,0.4323456287384033,1444,1.0715367794036865,1255,26.987117052078247,1100,37.23320722579956,1023,44.973124742507935,975,45.338064432144165,864,45.6789813041687,811,46.27073264122009,811,52.13243818283081,774,53.04902195930481,764,53.46479296684265,761,55.76173114776611,761,56.096314430236816,757,56.47518873214722,753,56.97436261177063,753,59.025373220443726,753,59.31827092170715,753,59.62631583213806,752,59.96367812156677,752,60.09815788269043
6,random_graphs/triangle/r1.5k24n16/graph6.lgbin,2486,56.55858135223389,925,1676,0,1532,0.39414095878601074,1433,1.4745852947235107,1333,2.724151134490967,1285,3.1173202991485596,1204,10.932855606079102,1202,12.752947807312012,1181,22.12473177909851,1140,23.181028604507446,1014,23.511535167694092,989,23.859188079833984,989,24.70844268798828,975,25.167120218276978,970,30.447144508361816,970,32.84092664718628,970,33.12681722640991,969,38.66599106788635,965,38.98483633995056,955,42.846163272857666,955,43.11271858215332,955,46.01878762245178,953,46.350449562072754,948,46.68153119087219,948,46.957496881484985,948,47.2298686504364,948,48.08912706375122,947,48.437684774398804,947,50.384445905685425,947,50.66760873794556,931,51.91302800178528,931,52.97691035270691,931,53.25351071357727,925,53.54512548446655,925,53.82184457778931,925,56.063210010528564,925,57.96475553512573,925,58.96229004859924,925,60.10855960845947
7,random_graphs/triangle/r1.5k24n16/graph7.lgbin,2486,50.48270297050476,808,1628,0,1493,0.3891463279724121,1336,0.8082747459411621,1260,2.008979320526123,1179,2.9735493659973145,1126,3.6634325981140137,1057,6.041320562362671,996,7.8871588706970215,954,8.27419662475586,953,8.604097843170166,953,10.561757326126099,929,10.922456741333008,925,11.287261486053467,897,11.945060729980469,884,14.250295877456665,883,15.582092046737671,883,15.949523448944092,883,16.256616353988647,845,17.154303789138794,845,17.498228311538696,845,18.359028339385986,837,19.156927824020386,837,20.029072284698486,831,20.406853914260864,829,20.7376127243042,829,21.017889976501465,826,21.35271382331848,826,21.685548305511475,826,23.42064666748047,826,23.67077326774597,825,24.165191888809204,825,24.499794483184814,825,24.79011845588684,823,25.568670988082886,823,26.31534481048584,820,26.81256127357483,820,27.20728850364685,820,27.541674613952637,820,28.340329885482788,820,29.092235565185547,820,29.37562322616577,817,30.332661867141724,813,31.168806791305542,813,31.543915271759033,813,31.89311194419861,813,32.18944787979126,813,33.87498331069946,810,34.23789715766907,810,34.991151571273804,810,35.52775526046753,810,36.33428692817688,810,36.75345206260681,810,37.10631585121155,810,37.40015363693237,810,37.816081047058105,810,38.55885672569275,810,38.849722146987915,810,39.51097846031189,808,39.92739462852478,808,40.251007080078125,808,40.612931966781616,808,41.31638813018799,808,42.06781315803528,808,42.32017803192139,808,42.69897532463074,808,43.01565980911255,808,43.343785762786865,808,44.09373164176941,808,44.49666905403137,808,45.879817724227905,808,46.17097449302673,808,46.49917483329773,808,47.24976420402527,808,48.04157638549805,808,48.33388900756836,808,49.09902906417847,808,49.38490629196167,808,49.71198344230652,808,50.457515478134155,808,50.712677001953125,808,50.98890495300293,808,51.312763929367065,808,51.65149760246277,808,52.45650553703308,808,52.75297832489014,808,53.046051263809204,808,53.45441818237305,808,54.24651265144348,808,54.58382058143616,808,55.422547817230225,808,55.7317430973053,808,56.114301443099976,808,56.390023708343506,808,57.12005114555359,808,57.36977982521057,808,57.66451835632324,808,57.98761296272278,808,58.2647008895874,808,58.629985094070435,808,59.371352434158325,808,60.11531186103821
8,random_graphs/triangle/r1.5k24n16/graph8.lgbin,2486,54.2613582611084,895,1761,0,1666,1.376241683959961,1586,18.63396120071411,1435,19.059582471847534,1343,19.430052280426025,1257,19.774935007095337,1184,20.973820686340332,1118,22.407474517822266,1101,22.799065828323364,1042,24.702743768692017,1042,26.0243878364563,1036,27.241612672805786,1032,29.29308843612671,1006,29.648396253585815,993,29.982365131378174,992,30.374865531921387,991,32.87425994873047,987,33.23190784454346,987,34.558074712753296,987,36.25416612625122,980,36.59088611602783,979,36.93947625160217,971,37.29835033416748,971,37.58623480796814,966,37.91583585739136,966,38.196539878845215,966,39.31222224235535,966,39.677958965301514,961,40.28358006477356,948,41.100090980529785,948,41.38096332550049,924,42.93291187286377,924,44.34130144119263,924,44.62438988685608,919,44.98159837722778,919,46.08670902252197,902,46.44062352180481,899,46.75024700164795,898,47.09989333152771,897,47.54122018814087,897,47.81594276428223,897,48.71394228935242,897,49.81647324562073,897,50.19310402870178,897,50.4789674282074,897,50.79830455780029,895,51.81286025047302,895,52.9487578868866,895,53.197983264923096,895,53.51470065116882,895,53.93670630455017,895,55.16022515296936,895,55.44504928588867,895,56.574801445007324,895,56.856290340423584,895,57.16811752319336,895,58.3174684047699,895,58.56575584411621,895,58.83608841896057,895,60.06801795959473
9,random_graphs/triangle/r1.5k24n16/graph9.lgbin,2486,57.95181155204773,877,1698,0,1635,11.531544923782349,1509,14.524725198745728,1393,16.717529773712158,1226,24.589609384536743,1084,31.142386436462402,1035,32.941439151763916,1029,35.15701460838318,996,35.49974513053894,971,35.84942936897278,968,39.25279474258423,956,40.92355465888977,953,43.811256647109985,945,49.30053424835205,909,49.70408368110657,906,51.95209836959839,906,52.28266739845276,896,53.322165966033936,896,54.534743309020996,896,55.666646003723145,891,56.09441089630127,883,58.01798105239868,883,59.502880334854126,877,59.81592154502869,877,60.073243379592896
10,random_graphs/triangle/r1.5k24n16/graph10.lgbin,2486,55.36220860481262,810,1955,0,1777,1.3174476623535156,1643,4.1412999629974365,1495,7.117428779602051,1476,11.281431674957275,1347,11.932557106018066,1282,17.38761568069458,1152,17.875561237335205,1152,21.702526092529297,1013,22.137256145477295,984,22.45710563659668,970,23.749382257461548,959,25.54304838180542,934,25.977686643600464,925,26.298967361450195,904,26.675142526626587,901,27.88408064842224,899,28.20892572402954,893,28.87011170387268,889,36.012722969055176,889,36.687243938446045,873,37.04778981208801,873,37.94773268699646,873,38.23472452163696,873,38.53262495994568,868,38.88696479797363,867,39.20443654060364,867,42.978801012039185,857,45.39990592002869,857,45.69303274154663,857,46.0539927482605,856,46.39358353614807,852,46.775206565856934,848,47.12934112548828,848,47.4181866645813,848,51.16457462310791,847,51.682222843170166,847,51.94707465171814,845,52.282167196273804,827,52.59247303009033,827,52.85826778411865,827,53.14552164077759,823,53.478580474853516,821,53.84864687919617,814,54.438679933547974,814,55.03603434562683,814,55.30301761627197,811,55.67137360572815,811,55.992175579071045,810,56.57925868034363,810,60.10014367103577
11,random_graphs/triangle/r1.5k24n16/graph11.lgbin,2486,59.9821412563324,1287,1667,0,1536,1.4048316478729248,1408,11.507514953613281,1287,60.27690148353577
12,random_graphs/triangle/r1.5k24n16/graph12.lgbin,2486,50.80680537223816,765,1650,0,1541,0.39574384689331055,1357,3.117459535598755,1247,4.959069013595581,1129,5.2902069091796875,996,5.639275789260864,902,7.195508003234863,844,7.641632556915283,844,8.684970378875732,840,10.281850099563599,805,10.608217716217041,789,10.961749076843262,789,12.557746171951294,789,12.936129808425903,780,13.314125061035156,780,14.038522243499756,780,14.338467121124268,773,15.023406505584717,773,15.31823205947876,773,15.648419857025146,773,17.256741762161255,770,17.63027024269104,766,17.991312742233276,765,18.325782775878906,765,18.59793734550476,765,18.90456986427307,765,19.670379400253296,765,20.042725086212158,765,20.31402277946472,765,21.90356159210205,765,22.209038019180298,765,22.513900995254517,765,23.324058055877686,765,23.593374729156494,765,23.961292266845703,765,25.54161286354065,765,25.83220362663269,765,26.593941926956177,765,26.968196868896484,765,27.296478033065796,765,28.860395908355713,765,29.157374143600464,765,29.987786054611206,765,30.288063049316406,765,31.127036571502686,765,31.48943281173706,765,31.75535225868225,765,33.33126783370972,765,33.62871837615967,765,33.91925621032715,765,34.28476142883301,765,34.54940176010132,765,36.16658878326416,765,36.97619915008545,765,37.27345418930054,765,37.538952589035034,765,37.831870317459106,765,38.1342408657074,765,38.50008177757263,765,40.073710680007935,765,40.8861870765686,765,41.19268727302551,765,41.45972919464111,765,41.75957226753235,765,42.12741732597351,765,42.426154136657715,765,44.0162467956543,765,44.83070111274719,765,45.10650873184204,765,45.40669250488281,765,45.77705430984497,765,46.08324956893921,765,47.657848596572876,765,48.404133319854736,765,48.67358136177063,765,48.97123050689697,765,49.336328744888306,765,49.63476490974426,765,51.214147329330444,765,51.871015787124634,765,52.1390495300293,765,52.43814730644226,765,52.80578923225403,765,53.10417985916138,765,53.79572796821594,765,54.06437873840332,765,54.43111181259155,765,54.736748695373535,765,55.50323677062988,765,55.82856631278992,765,56.19936180114746,765,56.49216890335083,765,56.797247648239136,765,57.56168293952942,765,59.15355038642883,765,59.42228579521179,765,59.79115128517151,765,60.08164167404175
13,random_graphs/triangle/r1.5k24n16/graph13.lgbin,2486,57.839768171310425,761,1501,0,1429,4.715774059295654,1315,5.493380069732666,1207,5.893535852432251,1155,6.265348434448242,1071,18.112311124801636,1029,22.18692374229431,888,23.901914834976196,887,24.98773765563965,835,28.497166395187378,829,29.12706995010376,795,34.93681740760803,793,35.27236557006836,793,38.55826497077942,784,38.95932674407959,781,40.75923180580139,774,48.82241225242615,774,49.11535143852234,764,49.55256772041321,764,56.96598958969116,764,57.28323149681091,761,58.716092109680176,761,59.735809087753296,761,60.10013008117676
14,random_graphs/triangle/r1.5k24n16/graph14.lgbin,2486,56.34640979766846,801,1566,0,1491,5.634950876235962,1368,11.95973825454712,1250,12.80884838104248,1122,13.616065740585327,1017,13.99921727180481,906,14.678789854049683,861,16.144267797470093,822,16.484931707382202,822,17.94268012046814,819,18.23324704170227,819,18.526440143585205,816,18.91035294532776,816,26.385109901428223,809,28.47207808494568,806,29.25946855545044,802,29.982203006744385,802,33.23673129081726,802,33.50060248374939,801,36.56538534164429,801,36.84380030632019,801,37.30320692062378,801,37.59630584716797,801,40.845837116241455,801,41.30126595497131,801,41.58472728729248,801,41.8533833026886,801,42.12026882171631,801,42.41023325920105,801,45.66754221916199,801,46.13396167755127,801,46.411298751831055,801,48.23379135131836,801,48.52347660064697,801,51.77360820770264,801,52.500399589538574,801,52.77502799034119,801,53.043285846710205,801,53.344645261764526,801,54.379937171936035,801,54.668596029281616,801,56.98557901382446,801,60.17994976043701
15,random_graphs/triangle/r1.5k24n16/graph15.lgbin,2486,58.06952166557312,890,1960,0,1778,0.4001009464263916,1662,16.579008102416992,1565,16.912869691848755,1514,19.367210149765015,1341,25.53948473930359,1177,27.524657487869263,1058,27.882962465286255,1054,32.364500522613525,1027,32.74459934234619,1024,33.422430992126465,1004,43.285359382629395,993,46.42398428916931,933,46.79739189147949,929,47.12364101409912,928,49.843623876571655,920,51.92332935333252,920,58.1867036819458,904,59.081000089645386,899,59.413124561309814,890,59.752997398376465,890,60.11199426651001
16,random_graphs/triangle/r1.5k24n16/graph16.lgbin,2486,57.16416335105896,893,1889,0,1690,0.48225927352905273,1509,6.436300039291382,1436,6.927057981491089,1273,7.409090518951416,1180,12.292924880981445,1086,14.213279008865356,1024,22.218647956848145,1000,24.36694073677063,994,25.495503425598145,993,26.41362977027893,981,27.431834936141968,977,28.03749656677246,969,34.13617134094238,969,42.726011991500854,963,43.13485360145569,963,43.723989486694336,958,44.64910626411438,958,44.97723412513733,947,47.15238428115845,931,47.60065793991089,929,55.04026794433594,926,55.4701189994812,926,55.828824281692505,922,56.41892123222351,907,56.76187348365784,900,57.86188888549805,900,58.43065929412842,900,59.44240379333496,894,59.823142290115356,893,60.09960627555847
17,random_graphs/triangle/r1.5k24n16/graph17.lgbin,2486,58.29829788208008,907,1711,0,1547,1.1622025966644287,1435,1.5591022968292236,1320,4.040462970733643,1280,28.204448223114014,1176,28.63357377052307,1101,28.98345136642456,1019,29.4914710521698,981,29.83470892906189,931,30.7054181098938,931,31.15347719192505,931,31.439483880996704,931,52.66458320617676,931,53.263978481292725,909,53.64418816566467,909,54.49134135246277,907,54.845730781555176,907,55.156968116760254,907,55.431092500686646,907,60.1073100566864
18,random_graphs/triangle/r1.5k24n16/graph18.lgbin,2486,57.410024881362915,693,1595,0,1445,7.6383795738220215,1275,8.132424592971802,1216,10.183292150497437,1118,10.625945568084717,999,21.310023307800293,903,21.738203525543213,851,24.919022798538208,767,25.307042598724365,749,26.136372804641724,749,27.878856658935547,749,30.255144596099854,728,30.678953886032104,716,31.051756858825684,710,31.41610884666443,707,31.778855800628662,707,32.08226799964905,707,32.38678765296936,707,32.690629720687866,707,33.013588666915894,703,33.3460259437561,703,39.53976488113403,703,41.99928307533264,703,42.2751190662384,694,42.63647437095642,694,42.94393992424011,693,43.356823444366455,693,45.954461336135864,693,60.14845371246338
19,random_graphs/triangle/r1.5k24n16/graph19.lgbin,2486,57.99007725715637,849,1686,0,1546,1.9751267433166504,1392,29.413732051849365,1280,29.803945302963257,1225,30.49942684173584,1171,30.856306552886963,1113,39.60232734680176,967,39.968722105026245,933,40.32327079772949,918,40.676634311676025,918,40.97484803199768,918,51.419827938079834,877,51.79909610748291,864,52.11406636238098,862,52.485896825790405,859,53.69365096092224,851,55.534584283828735,850,57.31591987609863,850,57.62313389778137,849,58.28973960876465,849,59.80431914329529,849,60.080143213272095
20,random_graphs/triangle/r1.5k24n16/graph20.lgbin,2486,53.52013540267944,991,1946,0,1807,12.92410135269165,1650,13.400799036026001,1522,14.423776626586914,1395,14.772192001342773,1310,15.462857007980347,1206,15.816412448883057,1142,16.13683247566223,1103,16.480129718780518,1080,16.932029962539673,1073,18.57860255241394,1064,18.961084604263306,1048,19.46930241584778,1032,19.841548919677734,1031,20.162318468093872,1031,21.075611114501953,1026,21.400291204452515,1026,21.66391158103943,1023,21.95874261856079,1017,22.284725189208984,1017,22.568436861038208,1016,22.898449659347534,1007,31.620635509490967,1007,32.84950399398804,1007,34.40114617347717,1007,34.66513442993164,1007,34.95907378196716,1007,36.20408821105957,1007,36.462583780288696,1007,36.74489212036133,1007,38.3118212223053,997,38.60054874420166,997,38.843817472457886,997,39.13712167739868,997,39.40196490287781,997,40.59046530723572,995,40.874223470687866,992,41.20423936843872,992,42.83894610404968,991,43.21822690963745,991,43.48949480056763,991,43.788416385650635,991,44.06332850456238,991,44.33190965652466,991,45.97080636024475,991,46.2378568649292,991,46.52099013328552,991,46.77573084831238,991,47.01521944999695,991,47.30302143096924,991,48.95922255516052,991,49.22981262207031,991,49.5373272895813,991,49.820958375930786,991,50.06220579147339,991,50.35052824020386,991,52.01631450653076,991,52.28611159324646,991,52.56045413017273,991,52.86413264274597,991,53.17444849014282,991,53.41334939002991,991,54.927578926086426,991,56.557770013809204,991,56.827282667160034,991,57.12451481819153,991,57.36409616470337,991,59.0170316696167,991,59.32743573188782,991,59.598740100860596,991,60.12242555618286
21,random_graphs/triangle/r1.5k24n16/graph21.lgbin,2486,50.980467319488525,825,1758,0,1615,2.83459734916687,1444,3.735924243927002,1407,4.913830280303955,1334,5.5944743156433105,1185,6.832988023757935,1058,8.490005016326904,1029,8.828046083450317,1013,10.53983759880066,1011,10.843247413635254,993,11.423046588897705,980,13.734490394592285,934,14.153786897659302,922,15.066113948822021,922,16.387062072753906,917,16.99465847015381,917,17.398147106170654,894,18.098028659820557,879,18.463023900985718,868,18.853565454483032,866,19.780974626541138,866,20.25497794151306,864,21.013330698013306,864,21.392447471618652,861,22.18379044532776,861,23.027290105819702,860,23.321131467819214,860,24.629815340042114,857,24.982884168624878,851,25.396918296813965,851,25.683215141296387,851,26.08014750480652,849,26.47746443748474,849,26.81248140335083,849,27.092347383499146,849,27.50768280029297,849,28.792837619781494,849,29.079837799072266,849,29.773582458496094,849,30.050415992736816,849,30.610490083694458,845,30.93759512901306,845,31.212770700454712,845,32.49882960319519,845,33.00199484825134,845,33.386000871658325,845,33.67041087150574,845,34.97905468940735,845,35.258278369903564,842,36.081058502197266,842,36.8443648815155,842,37.22941255569458,842,37.533822774887085,842,37.831239223480225,842,39.139918088912964,839,39.81072664260864,837,40.16968083381653,837,40.45972728729248,837,40.76901364326477,837,41.06769943237305,837,42.42129874229431,837,42.70389533042908,837,42.99676179885864,837,43.28675365447998,836,43.67002630233765,836,43.98360800743103,836,44.26584506034851,836,45.61648678779602,836,46.0033278465271,832,46.34641194343567,830,47.40756916999817,829,48.22335648536682,829,48.514198541641235,829,49.755635023117065,829,50.0911865234375,829,50.37073254585266,828,50.67294502258301,828,50.97246074676514,828,51.25520634651184,827,51.577702045440674,827,52.78775954246521,827,53.071221590042114,827,53.543819427490234,827,53.832820653915405,827,55.04777240753174,827,55.97460150718689,827,56.53083562850952,827,56.793517112731934,827,57.07504081726074,827,57.34871864318848,827,58.573501110076904,827,58.9087598323822,827,59.300143003463745,825,60.11057639122009
22,random_graphs/triangle/r1.5k24n16/graph22.lgbin,2486,54.10760283470154,869,1720,0,1580,6.280064582824707,1401,6.698554039001465,1276,12.12019157409668,1163,14.109236240386963,1073,14.800037145614624,1068,16.431936740875244,988,16.809894323349,981,17.151468992233276,966,19.07792639732361,920,19.754819631576538,907,20.32171654701233,906,20.718955516815186,901,21.4010066986084,901,23.04358220100403,899,23.384939908981323,899,23.761112689971924,899,24.440104246139526,899,24.703258514404297,883,25.078555822372437,871,25.44898223876953,871,27.088332176208496,870,28.844568967819214,870,29.14039421081543,870,29.979297876358032,870,30.30707097053528,870,30.600969314575195,870,30.89120626449585,869,31.237170934677124,869,33.59797811508179,869,35.09361672401428,869,35.39129877090454,869,37.042630195617676,869,37.35758113861084,869,37.676241397857666,869,39.16834330558777,869,40.81204676628113,869,41.1146285533905,869,41.41786241531372,869,41.736183881759644,869,43.24594521522522,869,43.55110192298889,869,44.39947199821472,869,44.68485140800476,869,44.94980788230896,869,45.265249490737915,869,46.77224946022034,869,47.6277916431427,869,47.912224531173706,869,49.543665170669556,869,49.85885524749756,869,50.12569880485535,869,51.61439299583435,869,53.27135443687439,869,53.58590745925903,869,53.85284972190857,869,54.14794111251831,869,55.65433692932129,869,55.965208768844604,869,57.62637662887573,869,57.930744647979736,869,58.24445843696594,869,58.60795783996582,869,58.87116622924805,869,60.1208291053772
23,random_graphs/triangle/r1.5k24n16/graph23.lgbin,2486,53.142579793930054,849,1759,0,1590,3.8688061237335205,1406,4.2416157722473145,1332,4.655426740646362,1215,6.316457509994507,1162,6.769328594207764,1071,7.487161159515381,966,9.548700094223022,961,10.92850399017334,952,11.325914144515991,952,12.751415491104126,952,14.240975856781006,952,14.643625497817993,930,14.97405743598938,921,15.29813289642334,912,15.70929503440857,912,15.984968900680542,911,16.40517783164978,906,16.69397282600403,906,16.97436833381653,906,17.306320190429688,897,17.62647271156311,877,18.015228986740112,877,18.35536503791809,877,18.71118688583374,877,20.196439504623413,868,20.528871774673462,865,21.607250690460205,859,21.92470407485962,857,22.333816051483154,857,22.66257882118225,855,22.97337794303894,855,32.40402102470398,855,33.886269092559814,850,34.2920823097229,850,34.65357542037964,850,35.65987181663513,850,36.350062131881714,850,36.611377477645874,849,37.00697302818298,849,37.2931387424469,849,38.78160262107849,849,39.15551257133484,849,40.438660860061646,849,41.92450928688049,849,42.18399477005005,849,42.478185415267944,849,43.97029423713684,849,44.35229992866516,849,44.68692588806152,849,45.37291741371155,849,45.63526916503906,849,45.94292402267456,849,46.31728529930115,849,47.791773319244385,849,48.074954986572266,849,49.55334806442261,849,50.55816316604614,849,50.88501572608948,849,51.180941104888916,849,52.68664836883545,849,53.010786294937134,849,53.26801943778992,849,53.643359899520874,849,55.1133713722229,849,55.440789461135864,849,55.76211977005005,849,56.04499387741089,849,57.530714988708496,849,57.787166595458984,849,58.16025352478027,849,58.48802423477173,849,58.8446319103241,849,59.13809537887573,849,60.10028910636902
24,random_graphs/triangle/r1.5k24n16/graph24.lgbin,2486,53.270639419555664,850,1773,0,1639,0.6659278869628906,1560,2.4494519233703613,1417,8.281362295150757,1329,8.972841024398804,1177,10.79323410987854,1151,11.742865800857544,1082,12.44253134727478,1024,12.843835353851318,1023,16.39929723739624,1010,16.84245777130127,996,17.65150237083435,987,20.059869050979614,972,20.431001901626587,965,21.199812173843384,965,21.666757106781006,958,22.05995512008667,958,22.53685164451599,945,24.609200716018677,944,24.971235513687134,944,26.45889449119568,917,26.884981155395508,916,28.219425678253174,916,29.323307037353516,903,29.69406294822693,885,30.089632272720337,861,30.430597066879272,860,30.80659580230713,859,31.66399884223938,859,32.54758334159851,859,33.00217270851135,852,33.38070368766785,852,33.68786382675171,851,35.464860916137695,851,36.90918779373169,851,38.2213659286499,851,39.40769362449646,851,39.717660665512085,851,40.07445764541626,851,40.38849067687988,851,40.8506121635437,851,41.16409254074097,851,42.32552361488342,851,42.6418182849884,851,43.10808849334717,851,44.26771950721741,851,44.57926893234253,851,44.90576362609863,851,45.197662591934204,851,45.54980945587158,851,46.009634256362915,851,47.180944204330444,851,47.49138832092285,851,47.81890392303467,851,48.133156538009644,851,49.28426146507263,851,49.593042612075806,851,49.867013454437256,851,50.326213359832764,851,50.68649649620056,851,50.9648802280426,851,51.27349281311035,851,52.443899154663086,851,52.72762107849121,851,53.03901290893555,851,54.47246694564819,851,54.82609272003174,851,55.504603147506714,851,56.95568060874939,851,58.144545555114746,851,58.60344982147217,850,58.96338677406311,850,60.10491061210632
25,random_graphs/triangle/r1.5k24n16/graph25.lgbin,2486,55.74081563949585,879,1924,0,1767,8.713987588882446,1686,9.065724611282349,1516,11.75283670425415,1434,15.325763702392578,1336,15.903664350509644,1199,17.126037120819092,1138,17.521945238113403,1098,17.8968563079834,1097,22.038076162338257,982,22.650246143341064,982,25.832260131835938,956,26.152935028076172,947,26.488902807235718,943,27.156627416610718,933,27.515873193740845,933,31.67337155342102,932,32.623581409454346,932,32.895055055618286,932,33.16098403930664,932,33.49270844459534,932,34.29892134666443,922,34.629990577697754,913,34.966280937194824,911,35.37168049812317,911,35.665268659591675,910,35.982574462890625,910,36.2457709312439,910,39.18962478637695,900,39.52726173400879,897,43.45922875404358,896,43.767929553985596,896,44.048810958862305,894,46.38809537887573,893,46.711833000183105,889,48.26374053955078,887,50.01962900161743,883,50.35843300819397,881,53.549094915390015,881,56.74231839179993,881,57.02889609336853,881,57.28436088562012,881,57.610244274139404,881,58.540714263916016,881,58.850772857666016,879,59.20856332778931,879,60.10832667350769
26,random_graphs/triangle/r1.5k24n16/graph26.lgbin,2486,56.85583782196045,855,1896,0,1771,13.292309522628784,1648,14.32344937324524,1476,15.803138494491577,1242,16.172893524169922,1135,16.591022968292236,1080,17.448523998260498,1035,25.165627002716064,1028,31.302263021469116,1022,31.681238651275635,1009,32.20721936225891,993,32.73462629318237,965,33.106279134750366,965,33.51628232002258,924,33.907042264938354,922,42.273839235305786,922,42.58429980278015,906,42.95476698875427,906,43.359838247299194,906,43.72084403038025,906,44.019266843795776,888,47.01225423812866,885,47.37691378593445,884,48.93595576286316,867,49.46996283531189,867,49.81497287750244,867,57.70078754425049,864,58.09332466125488,864,58.40851974487305,858,58.803640604019165,858,59.12325358390808,855,59.481812953948975,855,59.7792432308197,855,60.068804025650024
27,random_graphs/triangle/r1.5k24n16/graph27.lgbin,2486,58.130388021469116,843,1554,0,1479,0.3126254081726074,1361,1.0076475143432617,1248,25.253334999084473,1120,34.1851270198822,1019,34.57008218765259,918,36.24484205245972,903,36.59265613555908,884,40.40240144729614,878,40.76598620414734,874,42.040141344070435,860,43.044907093048096,858,50.32560753822327,857,50.707435607910156,854,51.393858194351196,854,57.06979465484619,854,57.348148345947266,851,57.70462608337402,850,58.01831912994385,849,58.76877570152283,849,59.215715169906616,843,60.10045266151428
28,random_graphs/triangle/r1.5k24n16/graph28.lgbin,2486,56.735727071762085,840,1687,0,1621,1.1920230388641357,1508,11.857223510742188,1421,12.238747358322144,1250,12.71378469467163,1204,13.508487939834595,1046,13.8872230052948,984,14.299909114837646,937,15.314761400222778,909,15.826003789901733,906,26.06209135055542,906,26.43802309036255,882,26.794790983200073,881,27.167468309402466,881,28.060877561569214,878,28.423839330673218,873,28.79403853416443,873,29.076046466827393,873,29.393611431121826,868,30.1871600151062,866,31.4098699092865,856,32.39381527900696,854,33.04322934150696,854,37.25173473358154,854,37.87581944465637,854,40.67849779129028,850,41.421499490737915,850,43.01570773124695,849,44.170206785202026,849,44.45843172073364,849,55.019672870635986,849,55.657514333724976,849,56.820770025253296,844,57.95675039291382,841,58.873867988586426,840,59.89152979850769,840,60.098424196243286
29,random_graphs/triangle/r1.5k24n16/graph29.lgbin,2486,50.488887310028076,811,1887,0,1762,1.5253589153289795,1681,3.6910359859466553,1519,4.413128137588501,1364,5.873502731323242,1234,7.029224157333374,1007,7.442704200744629,973,7.824847221374512,917,8.824617147445679,917,9.648637056350708,917,10.003366708755493,917,11.54696798324585,896,11.87943410873413,882,12.23116397857666,855,12.607930660247803,840,13.403765201568604,840,13.698359489440918,840,14.409685611724854,840,14.741835594177246,832,15.068440914154053,832,15.350025653839111,829,15.840133666992188,829,16.20270299911499,829,17.5200092792511,829,17.85659623146057,825,18.21351671218872,824,18.5399272441864,823,18.80984377861023,823,19.103187561035156,823,19.461434841156006,823,20.760292053222656,823,22.09820532798767,821,22.5601909160614,816,22.96013832092285,816,23.280154705047607,816,23.5760977268219,815,23.887751579284668,815,24.154301166534424,815,24.44471788406372,815,25.771472454071045,815,26.141639471054077,814,27.178871870040894,811,27.51762557029724,811,27.823067665100098,811,29.23172640800476,811,29.552505016326904,811,29.877989530563354,811,30.20483922958374,811,30.512256383895874,811,30.786866426467896,811,32.179622411727905,811,33.10670042037964,811,33.41834807395935,811,33.73996639251709,811,34.03262782096863,811,34.31084442138672,811,34.57172513008118,811,34.85110855102539,811,36.25971984863281,811,36.55096387863159,811,36.91202473640442,811,37.18197298049927,811,37.47294068336487,811,38.86917567253113,811,39.87961745262146,811,40.22490882873535,811,40.51752758026123,811,40.806559562683105,811,42.20743370056152,811,42.71197009086609,811,43.070035457611084,811,43.33540487289429,811,43.65673828125,811,43.970810413360596,811,45.383026361465454,811,46.30631375312805,811,46.57578682899475,811,46.87735295295715,811,47.22642660140991,811,48.620853662490845,811,48.93011808395386,811,49.85134696960449,811,50.11504101753235,811,50.41741108894348,811,50.75958228111267,811,51.71503043174744,811,53.12715816497803,811,53.417654275894165,811,53.72831106185913,811,54.09084749221802,811,54.413363218307495,811,54.734172344207764,811,55.650749921798706,811,55.93200182914734,811,56.25641989707947,811,56.61215257644653,811,57.55009460449219,811,57.90349364280701,811,58.16834282875061,811,58.48668146133423,811,59.48268747329712,811,59.76745629310608,811,60.056396484375
30,random_graphs/triangle/r1.5k24n16/graph30.lgbin,2486,55.10907316207886,710,1679,0,1487,1.4670302867889404,1362,12.959784269332886,1205,13.879498958587646,1178,15.800601243972778,1076,16.66701316833496,985,17.040586709976196,884,17.450928926467896,861,18.121581315994263,828,18.527267694473267,828,20.114240646362305,819,20.928657054901123,794,22.834933280944824,791,23.815184831619263,788,24.91137170791626,773,25.684740781784058,762,26.084011554718018,761,28.072160243988037,750,29.456037044525146,733,29.8444185256958,733,30.16040849685669,732,30.440816640853882,730,32.08411145210266,723,32.71210074424744,722,33.072092056274414,719,33.61951231956482,718,34.06684160232544,717,34.455307722091675,717,34.74586033821106,717,35.04702281951904,713,37.340797901153564,712,37.776984453201294,712,40.14964723587036,712,41.11047291755676,712,41.39458131790161,712,41.70370531082153,712,43.0163209438324,711,43.408090591430664,710,44.03224205970764,710,45.55255913734436,710,47.67465567588806,710,47.98909854888916,710,49.54933261871338,710,49.82327485084534,710,50.106109380722046,710,50.406185150146484,710,53.75681209564209,710,54.067262172698975,710,55.62039375305176,710,55.903247594833374,710,56.214012145996094,710,58.75608587265015,710,59.37838816642761,710,60.14926624298096
31,random_graphs/triangle/r1.5k24n16/graph31.lgbin,2486,57.90658903121948,893,1703,0,1578,0.4045987129211426,1548,1.0980699062347412,1423,2.655364751815796,1280,15.129176139831543,1240,16.70111584663391,1175,17.071604251861572,1058,18.06081533432007,1012,19.24405288696289,958,19.9825701713562,958,20.677485704421997,948,33.62795448303223,945,35.16373133659363,934,35.461958169937134,930,35.81150412559509,909,36.17332148551941,904,36.53712224960327,904,58.196147203445435,904,58.5072078704834,904,58.791247606277466,901,59.13588094711304,901,59.41974759101868,893,59.80948090553284,893,60.08509659767151
32,random_graphs/triangle/r1.5k24n16/graph32.lgbin,2486,56.724111795425415,852,1696,0,1562,3.8797695636749268,1409,4.2899651527404785,1280,6.137213230133057,1164,12.020973205566406,1073,12.490207433700562,957,13.761189222335815,948,14.104377031326294,945,17.449284076690674,940,19.167842626571655,931,19.911191701889038,931,20.199759244918823,888,20.591448545455933,888,24.99253749847412,881,25.62284755706787,876,26.07032561302185,870,28.87729573249817,870,29.1980140209198,868,29.579477787017822,868,32.41249990463257,868,32.75592637062073,868,33.08434510231018,866,33.42645335197449,866,33.767329692840576,866,38.17765665054321,866,38.46586537361145,860,38.88672399520874,860,41.01476049423218,860,41.313761472702026,854,42.36271810531616,854,54.67257118225098,854,55.9009964466095,854,56.93430542945862,854,57.2395224571228,854,59.36870574951172,852,59.72571635246277,852,60.136064291000366
33,random_graphs/triangle/r1.5k24n16/graph33.lgbin,2486,55.7536084651947,925,1867,0,1740,5.186406373977661,1740,9.468568086624146,1635,24.075658082962036,1546,24.87064266204834,1460,27.39503574371338,1358,27.790072917938232,1287,28.113613605499268,1225,28.46942925453186,1125,28.773348808288574,1103,29.121893882751465,1103,29.892755270004272,1097,31.25749969482422,1069,32.511420011520386,1069,32.76190781593323,1067,33.14952111244202,1044,34.78519248962402,1025,35.15108585357666,1025,35.46762156486511,1024,37.624547243118286,1017,39.0513961315155,1017,41.89942145347595,1006,42.2414813041687,990,42.60283923149109,985,42.929936170578,985,43.21857261657715,985,44.9057297706604,979,45.206361055374146,954,45.531270265579224,954,45.83371186256409,947,46.145516872406006,947,49.11225080490112,941,49.455501079559326,941,49.709821701049805,931,50.29870820045471,931,51.284109354019165,930,51.62105107307434,928,51.93997645378113,928,52.20181107521057,928,55.15738582611084,925,55.46774435043335,925,55.73377823829651,925,55.995487213134766,925,56.35478091239929,925,56.648160457611084,925,59.626253604888916,925,59.932363748550415,925,60.09375238418579
34,random_graphs/triangle/r1.5k24n16/graph34.lgbin,2486,55.6509325504303,944,1877,0,1711,1.1493079662322998,1628,4.254403591156006,1563,4.682376146316528,1467,5.312971353530884,1313,5.999958753585815,1243,6.350778102874756,1222,6.745141267776489,1162,7.759430646896362,1162,11.341889142990112,1131,12.129545211791992,1116,12.532910823822021,1106,12.937705039978027,1094,14.748672485351562,1093,20.327091932296753,1073,20.78206181526184,1073,23.079407691955566,1066,24.42326331138611,1066,24.753308296203613,1064,25.08196496963501,1064,25.422296285629272,1058,25.861384391784668,1058,26.192033767700195,1058,28.50533390045166,1047,29.014110326766968,1031,29.416935682296753,1031,29.75344443321228,1025,30.214648008346558,1025,30.61309003829956,1022,30.9372079372406,1022,31.235161542892456,991,31.639696836471558,986,31.986510753631592,977,32.352012634277344,970,38.547114610672,963,39.411710262298584,961,39.79791283607483,959,51.56208109855652,958,51.96635365486145,958,52.26225733757019,956,52.50362992286682,955,56.174538135528564,955,58.88485836982727,945,59.26525092124939,945,59.58631467819214,944,60.11144542694092
35,random_graphs/triangle/r1.5k24n16/graph35.lgbin,2486,56.62292671203613,808,1680,0,1575,1.5463244915008545,1510,3.267054319381714,1322,3.6567845344543457,1164,5.628985643386841,1071,18.4151349067688,1061,28.69377589225769,960,29.086703062057495,907,29.890032291412354,901,30.32336449623108,901,30.66997790336609,896,31.541544198989868,896,37.54622721672058,883,37.951812505722046,840,38.38969135284424,837,38.69088673591614,835,39.115946531295776,835,39.480077266693115,832,39.82089614868164,832,40.118321895599365,832,40.41390872001648,832,41.34349298477173,832,47.34178185462952,832,47.713284492492676,832,48.03532695770264,832,48.36615467071533,832,48.659788608551025,818,49.030192375183105,818,49.35047197341919,818,49.66269898414612,818,55.669511795043945,816,56.02611947059631,816,56.37706446647644,816,56.669745683670044,812,56.99616456031799,808,57.35232424736023,808,60.11634945869446
36,random_graphs/triangle/r1.5k24n16/graph36.lgbin,2486,55.89723467826843,774,1564,0,1464,0.4021453857421875,1363,4.892930030822754,1245,16.30507183074951,1167,17.02636194229126,1125,17.40289306640625,1063,18.181098699569702,972,18.530559062957764,923,18.910006761550903,916,21.16951560974121,868,21.499680519104004,850,22.565509796142578,850,22.88202404975891,828,23.229812622070312,826,26.671666383743286,826,27.920487642288208,826,28.910414934158325,826,29.198925018310547,817,30.16062331199646,817,31.06762933731079,817,37.549753189086914,817,38.402180194854736,817,41.80806875228882,798,42.182485818862915,798,42.49523210525513,796,43.22354459762573,794,43.562448263168335,794,43.846266746520996,791,44.90721559524536,791,48.316710472106934,791,48.62008357048035,791,49.357441902160645,788,49.61506152153015,788,50.56948137283325,786,51.381479024887085,786,52.12350368499756,786,52.39411497116089,786,52.6450879573822,784,53.30529165267944,784,53.9564425945282,784,57.348968267440796,782,57.744004011154175,782,58.05379056930542,777,58.410884380340576,774,59.08577370643616,774,59.398937702178955,774,60.10154485702515
37,random_graphs/triangle/r1.5k24n16/graph37.lgbin,2486,53.84901285171509,806,1726,0,1640,4.688917636871338,1555,9.242496967315674,1323,9.646315574645996,1267,10.6870596408844,1136,18.90675449371338,1044,20.375102758407593,968,21.570103645324707,907,21.97585105895996,906,23.010711431503296,894,24.167162656784058,848,24.55672812461853,842,24.954290628433228,837,26.9466872215271,835,27.36896514892578,816,27.75853180885315,816,28.07453942298889,816,28.391080617904663,816,29.54569411277771,814,30.229278326034546,812,30.559435844421387,812,31.838221073150635,812,32.134193420410156,812,33.447622776031494,812,33.76139688491821,812,34.075315713882446,808,34.99903082847595,807,35.36795520782471,807,36.66864800453186,807,36.968530893325806,807,37.29617500305176,807,38.18542504310608,807,38.82311940193176,807,39.1396849155426,807,39.460060834884644,806,40.46232771873474,806,41.78768730163574,806,42.10445713996887,806,42.42509579658508,806,42.740877628326416,806,43.60871601104736,806,44.3700909614563,806,45.67566442489624,806,46.00626182556152,806,46.329838275909424,806,46.680760622024536,806,47.683993339538574,806,49.020551919937134,806,49.337263107299805,806,49.656973123550415,806,50.00899314880371,806,50.90757942199707,806,51.91073536872864,806,52.964738607406616,806,54.41222095489502,806,54.729830503463745,806,55.049861669540405,806,55.37219834327698,806,56.258153676986694,806,57.25932836532593,806,57.587188720703125,806,58.91488313674927,806,59.23436880111694,806,59.55507755279541,806,60.10516166687012
38,random_graphs/triangle/r1.5k24n16/graph38.lgbin,2486,52.81990027427673,812,1548,0,1407,9.779505491256714,1329,10.137436628341675,1230,11.093715906143188,1175,14.184570074081421,1060,15.53861117362976,1031,16.015172243118286,989,18.03490138053894,940,18.451918840408325,940,21.30940556526184,908,21.698126792907715,892,22.152233600616455,878,22.765516757965088,873,23.774773120880127,860,24.152029037475586,860,24.478971481323242,859,24.813381910324097,859,25.405107259750366,857,25.85133719444275,857,26.173593044281006,857,26.552586317062378,853,26.89537739753723,853,27.203492164611816,853,27.545486450195312,841,27.900612831115723,819,28.746447563171387,819,29.528624296188354,817,29.90866994857788,817,30.218843698501587,817,31.235026597976685,816,31.703686714172363,816,31.999972343444824,816,33.51938724517822,816,34.44960403442383,813,34.80941128730774,813,35.1224102973938,813,35.427409648895264,813,36.944462060928345,813,37.7036247253418,813,38.00114846229553,813,39.57408666610718,812,40.01027870178223,812,40.31906700134277,812,40.60055661201477,812,40.91134977340698,812,43.283432960510254,812,43.58056306838989,812,43.9461555480957,812,44.27670097351074,812,44.628145694732666,812,44.933783531188965,812,46.451316595077515,812,46.7492733001709,812,47.0636990070343,812,47.390700817108154,812,47.76585030555725,812,48.07690930366516,812,48.360491037368774,812,49.896228551864624,812,50.21560835838318,812,50.97527003288269,812,52.54044151306152,812,52.91969347000122,812,53.23047924041748,812,54.76859140396118,812,55.06767153739929,812,55.38325476646423,812,55.65613055229187,812,55.96630525588989,812,57.49616622924805,812,57.78260564804077,812,58.54365873336792,812,58.91182327270508,812,59.22293758392334,812,60.10681462287903
39,random_graphs/triangle/r1.5k24n16/graph39.lgbin,2486,53.80244183540344,845,1858,0,1757,0.4707162380218506,1596,2.4188358783721924,1459,5.510320663452148,1290,6.701260566711426,1238,7.086644411087036,1187,7.418149948120117,1179,8.066001892089844,1058,9.834970235824585,1058,11.637508153915405,1049,16.904667139053345,1029,17.783447980880737,1021,18.17215919494629,1001,18.803877353668213,950,19.200681686401367,926,19.581761598587036,915,20.35085678100586,911,20.671082735061646,910,21.630542993545532,893,22.227524280548096,882,22.780973196029663,882,23.373236656188965,868,23.737117528915405,868,24.043482780456543,868,24.337448596954346,863,24.773056745529175,855,25.143000841140747,855,25.450265645980835,855,25.80739402770996,851,26.15206742286682,850,30.548789024353027,849,35.88226509094238,849,36.18422484397888,849,37.4091796875,849,37.748499155044556,845,38.03945231437683,845,38.33077526092529,845,38.646923303604126,845,40.478041887283325,845,42.108771085739136,845,42.389129638671875,845,42.73123526573181,845,43.02500343322754,845,43.37033033370972,845,43.67995619773865,845,43.98863172531128,845,45.62104058265686,845,45.98393702507019,845,46.27588605880737,845,46.60169267654419,845,46.920217752456665,845,47.225894927978516,845,48.84822344779968,845,54.005637884140015,845,54.375256299972534,845,54.72304391860962,845,55.109617948532104,845,56.74483132362366,845,57.0703809261322,845,57.36113429069519,845,58.99365735054016,845,59.35943126678467,845,59.7285692691803,845,60.130138874053955
40,random_graphs/triangle/r1.5k24n16/graph40.lgbin,2486,57.987643241882324,834,1800,0,1617,1.197204828262329,1552,1.6210551261901855,1429,4.503402948379517,1259,13.134049654006958,1092,13.511034727096558,1032,15.34796953201294,1028,22.653127908706665,937,23.008249044418335,933,23.988195419311523,894,25.942147493362427,894,32.96732568740845,883,33.8330180644989,871,34.14589500427246,853,38.709166049957275,853,39.01095962524414,848,39.39936399459839,847,39.69604277610779,846,49.00717830657959,846,49.33521819114685,846,52.448113441467285,835,53.55343008041382,834,53.83813214302063,834,60.1103835105896
41,random_graphs/triangle/r1.5k24n16/graph41.lgbin,2486,57.56666874885559,839,1681,0,1571,3.333693027496338,1421,4.528658151626587,1300,5.478622913360596,1178,23.216985940933228,1141,23.60571002960205,983,23.95032048225403,902,24.38214921951294,902,24.757423877716064,901,28.23382019996643,901,28.56662106513977,887,33.88036513328552,872,34.25666069984436,870,34.69060444831848,868,35.05879545211792,857,35.46114182472229,857,40.04097890853882,857,44.24653935432434,857,44.622859477996826,857,44.97576189041138,857,50.639792680740356,840,50.988216400146484,840,51.26334476470947,840,51.568857192993164,840,55.75820016860962,839,56.12156295776367,839,56.389928579330444,839,60.10986113548279
42,random_graphs/triangle/r1.5k24n16/graph42.lgbin,2486,57.76069235801697,903,1648,0,1538,3.1118812561035156,1455,14.535652875900269,1348,14.96899962425232,1277,24.612996339797974,1179,28.33538269996643,1149,30.419926643371582,1083,31.497754335403442,938,32.56598496437073,938,43.79413843154907,938,44.40898537635803,921,44.84411573410034,919,47.06408882141113,919,47.4677414894104,918,48.556479930877686,913,48.94641876220703,912,49.92782735824585,912,50.9780011177063,912,51.29569482803345,912,52.97806000709534,910,54.143473386764526,907,54.468690633773804,903,57.30952072143555,903,59.83191132545471,903,60.099175453186035
43,random_graphs/triangle/r1.5k24n16/graph43.lgbin,2486,58.02106761932373,884,1725,0,1600,17.465845823287964,1476,17.85949683189392,1455,24.52850031852722,1327,25.105887413024902,1191,25.583738803863525,1083,25.944685220718384,976,35.91818070411682,976,43.05772519111633,976,43.36728024482727,965,48.97499465942383,958,49.600919008255005,942,49.99906325340271,900,50.38251614570618,895,50.7227578163147,891,51.06288194656372,891,51.617772817611694,891,51.91355347633362,891,58.998761892318726,884,59.621281147003174,884,59.923675537109375,884,60.1051881313324
44,random_graphs/triangle/r1.5k24n16/graph44.lgbin,2486,58.78339385986328,795,1630,0,1469,0.44640326499938965,1314,3.1883792877197266,1197,3.5365729331970215,1068,5.801520347595215,1056,7.828240871429443,1008,28.77912712097168,925,31.553163766860962,883,31.910857915878296,839,32.26157021522522,835,32.596840381622314,823,32.92233109474182,799,45.97343683242798,795,56.707006216049194,795,60.10264801979065
45,random_graphs/triangle/r1.5k24n16/graph45.lgbin,2486,54.187888860702515,864,1656,0,1558,0.43361568450927734,1495,1.6825590133666992,1449,2.045124053955078,1376,6.677264451980591,1282,7.991127252578735,1253,8.915733575820923,1242,11.003822088241577,1180,11.296089887619019,1046,12.738094806671143,1024,16.423791885375977,1020,20.966835260391235,1012,21.31450319290161,972,22.25880193710327,972,23.74439263343811,959,24.10268759727478,950,24.49182152748108,928,30.04369592666626,921,30.392009973526,919,30.68116331100464,914,31.466920375823975,914,31.74661159515381,907,32.141072034835815,907,32.441038608551025,907,32.68784308433533,901,33.086541414260864,901,33.818631410598755,885,34.13285851478577,885,34.38639426231384,878,34.75473976135254,878,35.08053755760193,878,36.89373016357422,878,37.19483280181885,873,37.54012727737427,873,37.82724213600159,873,38.98637795448303,873,39.31764602661133,865,39.60629916191101,865,39.84688663482666,865,41.63004755973816,864,41.9365508556366,864,43.09265422821045,864,43.42961239814758,864,43.68610715866089,864,45.468321084976196,864,45.761000871658325,864,46.00996279716492,864,46.88538575172424,864,47.20368933677673,864,48.984455823898315,864,49.43778610229492,864,49.72084403038025,864,49.961392402648926,864,50.26623845100403,864,50.5702965259552,864,52.32798671722412,864,54.71355152130127,864,55.001392126083374,864,55.27448630332947,864,56.15952515602112,864,56.45963525772095,864,58.214234828948975,864,59.371928215026855,864,59.65368723869324,864,60.11421728134155
46,random_graphs/triangle/r1.5k24n16/graph46.lgbin,2486,52.81898331642151,907,1804,0,1675,9.661824941635132,1559,10.863577127456665,1516,13.61709713935852,1397,14.128286838531494,1288,14.490122079849243,1136,15.137797594070435,1029,15.520334243774414,1023,15.931701183319092,1017,16.291555643081665,988,16.643162488937378,985,17.148969888687134,985,20.03053092956543,966,20.375901699066162,966,20.698703289031982,966,22.669577836990356,964,22.992985725402832,964,23.27191710472107,964,23.545437574386597,955,24.316781044006348,935,24.682596445083618,935,25.009584188461304,930,25.758172035217285,929,26.138626098632812,916,26.47413682937622,916,27.260929107666016,912,27.621997117996216,912,29.88688588142395,911,30.166373014450073,908,30.53805446624756,908,30.828458786010742,908,31.105097770690918,908,33.34466767311096,908,34.105467796325684,907,34.42992162704468,907,34.70353555679321,907,35.036113023757935,907,35.33231544494629,907,35.60457968711853,907,35.919946908950806,907,36.23013973236084,907,36.54429268836975,907,38.79609489440918,907,39.068153381347656,907,39.38644742965698,907,39.68712663650513,907,39.972286224365234,907,40.24426221847534,907,41.01369047164917,907,41.302138566970825,907,41.57693791389465,907,43.81753182411194,907,44.14276909828186,907,44.43536686897278,907,44.70992088317871,907,46.95324492454529,907,47.226839542388916,907,47.51184940338135,907,47.822060346603394,907,48.139070987701416,907,48.444825649261475,907,50.702855348587036,907,50.973548412323,907,51.26977729797363,907,51.59981346130371,907,51.94056153297424,907,52.26486611366272,907,52.55418682098389,907,52.82908582687378,907,53.482304096221924,907,55.73717904090881,907,56.070396423339844,907,56.341835021972656,907,56.63982033729553,907,57.30115365982056,907,59.56770849227905,907,59.84116792678833,907,60.09947967529297
47,random_graphs/triangle/r1.5k24n16/graph47.lgbin,2486,56.625280141830444,733,1679,0,1577,0.6515684127807617,1438,2.196821689605713,1325,3.02073073387146,1174,29.243860244750977,1020,30.902299642562866,899,33.99212050437927,822,34.37307643890381,803,34.62710881233215,803,36.28130316734314,803,37.40737009048462,803,37.69542336463928,782,38.05989956855774,782,40.8029580116272,778,41.279666900634766,778,41.52342653274536,778,41.81860327720642,778,47.5223388671875,778,50.295239210128784,756,51.01860690116882,756,51.26159596443176,756,51.511091470718384,752,51.862555265426636,751,52.17990684509277,749,52.51139998435974,749,52.78261065483093,741,53.11751365661621,740,53.8513240814209,740,54.58999443054199,739,54.90654897689819,739,55.176750898361206,739,55.46914458274841,735,55.809351444244385,735,58.57510757446289,734,58.92057132720947,734,59.17687487602234,734,59.43804669380188,733,59.78306555747986,733,60.05911707878113
48,random_graphs/triangle/r1.5k24n16/graph48.lgbin,2486,59.63100624084473,950,1752,0,1646,3.02642560005188,1510,12.601728439331055,1370,14.02854585647583,1237,14.40413784980774,1052,17.279350996017456,950,60.24903631210327
49,random_graphs/triangle/r1.5k24n16/graph49.lgbin,2486,48.96769881248474,742,1598,0,1464,0.3543250560760498,1351,1.005384922027588,1193,1.595940351486206,1066,2.3733837604522705,990,3.063065767288208,928,3.46490740776062,859,4.607747554779053,828,5.7560131549835205,826,6.356245994567871,814,7.390567064285278,811,7.722380876541138,811,8.19805383682251,808,8.885239362716675,808,9.234055519104004,782,9.622301816940308,782,9.936174869537354,782,10.674471378326416,780,11.285967111587524,775,11.671111822128296,775,12.140909910202026,775,13.150427103042603,775,13.812530755996704,775,14.139204740524292,773,14.452545404434204,773,14.784918546676636,770,15.17754316329956,770,15.493302583694458,770,16.14732313156128,763,16.5402512550354,763,17.00057601928711,763,17.329979419708252,761,17.69946837425232,761,18.018123626708984,761,18.388354063034058,761,19.104692459106445,761,19.364330291748047,757,19.740097761154175,757,20.0681312084198,757,20.5379638671875,757,20.86048650741577,757,22.02898359298706,757,22.735213041305542,757,23.638466358184814,756,24.036929845809937,756,24.492080450057983,756,24.81280255317688,756,25.125590562820435,756,26.145444869995117,755,26.482925176620483,750,26.81450581550598,750,27.09217667579651,750,27.562145709991455,749,27.929261684417725,747,28.36047673225403,747,29.04270100593567,747,29.847514867782593,747,30.113203525543213,747,30.578630208969116,747,31.000027894973755,747,31.316439867019653,747,31.98931908607483,747,32.27948021888733,747,32.574740171432495,747,33.06236791610718,747,33.490559816360474,747,34.65380382537842,747,34.93842148780823,747,36.262250661849976,747,36.558382987976074,747,37.03411388397217,747,37.71255707740784,747,38.00444197654724,747,38.562644481658936,747,38.85536503791809,747,39.3265905380249,747,39.624412298202515,747,40.29464149475098,747,40.72995042800903,747,41.18948745727539,747,41.49846863746643,747,42.65384268760681,747,43.36574697494507,745,43.73979997634888,745,44.22019600868225,745,44.604368925094604,745,44.966683864593506,745,45.26717138290405,745,45.7368803024292,745,45.99720501899719,745,46.70197677612305,745,46.97195243835449,745,47.430745363235474,745,47.73999333381653,743,48.5033540725708,743,48.946905851364136,743,49.751779556274414,742,50.49374437332153,742,51.649513483047485,742,52.121439695358276,742,52.403844356536865,742,52.69982409477234,742,53.060099840164185,742,53.33573007583618,742,53.812659740448,742,54.11943054199219,742,54.56199312210083,742,55.03380298614502,742,55.471410274505615,742,55.73396301269531,742,56.17103862762451,742,56.46995520591736,742,56.78654074668884,742,57.25041055679321,742,57.72209286689758,742,58.51376986503601,742,58.958805084228516,742,59.38266634941101,742,59.696324586868286,742,60.10016465187073
0,random_graphs/triangle/r1.5k24n16/graph0.lgbin,2487,55.1916024684906,913,1739,0,1582,0.5284719467163086,1466,0.9091577529907227,1367,4.889811277389526,1279,8.108988761901855,1182,8.56931734085083,1093,9.50922441482544,1032,9.895885229110718,1029,28.042216300964355,989,28.3925678730011,988,28.758291006088257,976,30.422460556030273,976,36.34463810920715,976,36.66843891143799,951,37.022207736968994,945,37.43585014343262,945,39.03392577171326,945,39.335734128952026,943,39.74482607841492,938,40.092408180236816,936,41.54741334915161,936,41.907514572143555,936,43.36512541770935,936,43.76587128639221,929,44.12068200111389,929,44.410141468048096,929,46.281771183013916,923,46.654863357543945,923,46.96870732307434,920,47.31822490692139,920,47.61652660369873,920,47.9250271320343,920,49.37136268615723,920,49.73286485671997,920,51.59443998336792,920,51.903725147247314,920,52.20118236541748,920,52.52685499191284,920,52.81720232963562,920,53.126765727996826,920,54.99431395530701,920,55.2920024394989,920,55.64181971549988,916,55.96801567077637,914,56.322185754776,914,56.592358112335205,914,56.900548696517944,914,58.7668194770813,914,59.07412934303284,913,59.78356218338013,913,60.10195469856262
1,random_graphs/triangle/r1.5k24n16/graph1.lgbin,2487,54.144296646118164,843,1622,0,1491,1.3605632781982422,1395,6.167454719543457,1361,8.124058485031128,1253,10.082408666610718,1201,10.417328596115112,1185,11.65855860710144,1116,12.469381332397461,982,13.089487314224243,964,13.447890758514404,902,13.820940256118774,898,14.468659162521362,898,16.143919706344604,892,16.495147943496704,892,17.526358366012573,890,17.926955699920654,885,19.114380359649658,885,19.410725355148315,883,19.80630588531494,882,20.155280590057373,882,22.21632218360901,873,22.765833854675293,871,23.135064363479614,867,23.86684775352478,865,24.22041082382202,862,24.486423015594482,854,24.774824380874634,853,25.016536712646484,853,25.27598237991333,853,26.290159225463867,849,26.821918964385986,849,27.125239372253418,846,27.449949741363525,845,27.811025381088257,845,28.115944385528564,843,28.36563515663147,843,28.68760323524475,843,29.721494913101196,843,30.024090051651,843,30.307300567626953,843,30.61454439163208,843,32.56836652755737,843,33.59979724884033,843,33.89670705795288,843,34.144399881362915,843,41.76194787025452,843,42.79313111305237,843,43.09401226043701,843,44.36738634109497,843,44.66583847999573,843,44.974541425704956,843,45.218116998672485,843,51.09887719154358,843,52.136720418930054,843,52.39047050476074,843,53.66218662261963,843,53.94661521911621,843,54.23661160469055,843,57.16932129859924,843,58.20038294792175,843,59.04002141952515,843,59.32516288757324,843,59.62601613998413,843,60.14255380630493
2,random_graphs/triangle/r1.5k24n16/graph2.lgbin,2487,59.268468618392944,895,1672,0,1540,21.238046884536743,1396,22.78273606300354,1278,25.278356790542603,1156,28.52634024620056,1129,45.672240018844604,1048,46.62984752655029,966,47.79310154914856,895,48.14608192443848,895,60.1188759803772
3,random_graphs/triangle/r1.5k24n16/graph3.lgbin,2487,55.252070903778076,768,1682,0,1562,2.5916786193847656,1450,3.1249196529388428,1318,4.204697847366333,1176,4.547746896743774,1155,8.91721796989441,1058,9.304868936538696,1008,9.843756914138794,994,11.539936065673828,884,12.559151411056519,862,13.065808296203613,862,13.584563255310059,849,14.18284296989441,843,15.178082942962646,825,15.551877975463867,822,20.48187279701233,822,20.800042629241943,822,25.71117353439331,822,26.05279803276062,822,26.514914751052856,797,26.81584882736206,792,27.594724416732788,792,28.36895203590393,790,28.885196924209595,790,29.12989115715027,790,29.660836696624756,787,30.043488264083862,787,34.9459707736969,787,35.24879026412964,787,35.5795578956604,778,35.920767068862915,778,36.218323707580566,778,36.98483085632324,777,37.51235747337341,777,42.46875858306885,777,42.789836406707764,777,44.13798189163208,777,44.429243087768555,777,44.723241567611694,776,45.217576026916504,776,45.74532604217529,776,50.7396023273468,769,51.851248025894165,769,52.17300462722778,769,52.778446197509766,768,53.120952129364014,768,53.41138219833374,768,53.72505593299866,768,58.66432738304138,768,59.17427635192871,768,59.509416341781616,768,59.80153274536133,768,60.094990968704224
4,random_graphs/triangle/r1.5k24n16/graph4.lgbin,2487,57.688223361968994,848,1770,0,1680,6.685267925262451,1553,7.081486940383911,1352,7.748842239379883,1211,8.078319549560547,1084,8.463735580444336,1045,22.332056283950806,988,22.684235334396362,937,23.02606225013733,936,24.542928457260132,925,24.887394666671753,920,25.225417375564575,920,40.294837951660156,890,40.9760308265686,879,41.81214094161987,872,42.19167470932007,872,42.52184319496155,866,42.802961587905884,853,43.14502716064453,853,43.42454743385315,852,43.777517795562744,852,58.81372094154358,848,59.22705960273743,848,59.53066062927246,848,59.8534939289093,848,60.09809994697571
5,random_graphs/triangle/r1.5k24n16/graph5.lgbin,2487,56.71140813827515,741,1626,0,1389,0.36721181869506836,1270,10.903428316116333,1144,11.86073350906372,1106,12.239972829818726,1008,12.64441442489624,907,14.41782522201538,867,14.790662050247192,820,15.109805583953857,815,19.997456073760986,787,20.352235317230225,786,20.956352710723877,777,21.251867055892944,769,21.602115631103516,768,21.96784234046936,755,22.273070812225342,755,22.527897119522095,755,22.819612503051758,755,23.083673238754272,755,23.377652645111084,753,23.724079370498657,753,27.445006847381592,747,27.75842833518982,747,33.731122732162476,747,34.00111174583435,747,34.28552269935608,747,34.58898043632507,747,34.84890532493591,747,40.808757066726685,745,41.17608666419983,745,41.45820450782776,745,41.70655274391174,741,48.81621313095093,741,56.17915153503418,741,56.48408818244934,741,56.74281573295593,741,60.09902858734131
6,random_graphs/triangle/r1.5k24n16/graph6.lgbin,2487,54.96687889099121,949,1676,0,1593,0.575751543045044,1463,0.9043662548065186,1435,1.596435785293579,1334,2.972689390182495,1193,3.312037944793701,1113,5.220397710800171,1082,6.34456205368042,1030,7.486407518386841,1026,9.07030963897705,1026,10.622774362564087,1012,13.224600553512573,1010,13.977528095245361,969,14.325282335281372,968,15.20774793624878,962,16.140105962753296,962,16.438570976257324,960,19.5621178150177,960,19.848599910736084,956,21.872052907943726,956,23.83960771560669,956,25.23594570159912,956,25.523531436920166,954,25.874270915985107,954,26.83284044265747,954,27.125244617462158,954,28.508840084075928,954,29.81872248649597,953,30.164916276931763,953,31.724369049072266,953,32.03735613822937,952,33.02506232261658,950,34.26762509346008,950,34.54779291152954,950,36.16206073760986,949,37.778589725494385,949,39.33978033065796,949,40.341978549957275,949,40.648048877716064,949,42.31512403488159,949,42.59502077102661,949,45.395153760910034,949,46.70903730392456,949,48.29539775848389,949,49.30856990814209,949,49.60072875022888,949,51.18401741981506,949,52.20758628845215,949,53.28665232658386,949,53.582701683044434,949,56.16075301170349,949,57.46062397956848,949,59.04795241355896,949,59.33484959602356,949,60.11332702636719
7,random_graphs/triangle/r1.5k24n16/graph7.lgbin,2487,51.61423659324646,815,1628,0,1443,0.6323399543762207,1367,2.3116564750671387,1263,3.160439968109131,1171,4.140695810317993,1060,4.854908227920532,1013,5.223011016845703,952,7.018012046813965,952,8.674068927764893,940,9.034229040145874,931,10.26826810836792,922,10.587277889251709,918,11.005526781082153,873,11.694580793380737,870,12.4241042137146,860,16.274152755737305,859,16.998884439468384,857,18.608667373657227,857,18.86179804801941,854,19.578675985336304,854,20.08430027961731,853,20.745704412460327,848,21.076981782913208,848,21.415029525756836,848,21.690178155899048,839,22.30217719078064,836,22.707036018371582,834,23.580575227737427,834,23.934645175933838,834,25.689127445220947,830,26.586557388305664,830,27.36659598350525,830,27.64746332168579,828,28.188037872314453,828,28.5609872341156,827,28.90245246887207,827,30.219187259674072,827,30.980513334274292,824,31.30451464653015,824,31.610801219940186,824,32.14116930961609,824,32.89463925361633,824,33.17458367347717,824,33.775373220443726,824,34.022225856781006,817,34.35222315788269,817,35.2755811214447,817,35.97144842147827,817,36.2771258354187,817,36.86351299285889,817,37.141724586486816,817,37.3888955116272,816,37.745092153549194,816,38.513643980026245,815,38.90479397773743,815,39.23818349838257,815,39.50857663154602,815,40.368364334106445,815,40.686177492141724,815,41.46416711807251,815,42.22195076942444,815,42.55353617668152,815,42.90494680404663,815,43.83613848686218,815,44.18985199928284,815,44.95100688934326,815,45.29710102081299,815,46.64343857765198,815,47.570656538009644,815,47.932830572128296,815,48.68860149383545,815,49.03624725341797,815,49.36550426483154,815,50.659621238708496,815,50.95482659339905,815,51.64459538459778,815,51.92336630821228,815,52.255249977111816,815,53.59832978248596,815,53.885321378707886,815,54.64276719093323,815,54.99022030830383,815,55.32015419006348,815,56.228652477264404,815,56.820778131484985,815,57.10712933540344,815,58.383036375045776,815,59.237565755844116,815,59.56546592712402,815,60.10356259346008
8,random_graphs/triangle/r1.5k24n16/graph8.lgbin,2487,52.32906913757324,951,1761,0,1640,1.6503875255584717,1527,5.389403820037842,1411,6.8208701610565186,1319,7.214797496795654,1319,8.921013355255127,1207,17.053800106048584,1102,17.40614104270935,1043,17.988771200180054,1027,20.37768816947937,1027,20.7095787525177,1027,20.99826431274414,1021,21.848082542419434,993,22.230051040649414,979,22.598568439483643,979,23.041703939437866,979,23.700485944747925,979,24.006056547164917,976,25.925668239593506,976,26.215555906295776,976,27.46622347831726,957,27.80834674835205,957,28.093128442764282,957,28.83165955543518,957,29.464677095413208,952,29.828649044036865,952,30.129108905792236,952,31.152374505996704,952,31.468862056732178,951,31.809900522232056,951,33.04289245605469,951,33.32640504837036,951,34.07087826728821,951,34.699185371398926,951,34.99483013153076,951,35.28080987930298,951,35.59673857688904,951,36.83394455909729,951,37.110705852508545,951,37.405014514923096,951,37.825461626052856,951,38.144837617874146,951,38.42553091049194,951,39.653897285461426,951,40.08369207382202,951,40.72273826599121,951,41.02117419242859,951,42.26492714881897,951,42.58155155181885,951,43.684322118759155,951,43.96704387664795,951,45.2164089679718,951,45.85205292701721,951,46.60986685752869,951,46.92928671836853,951,48.163193464279175,951,48.447494983673096,951,48.747249126434326,951,49.496660470962524,951,49.79973578453064,951,50.71061897277832,951,51.01980376243591,951,51.30493140220642,951,51.591591358184814,951,51.89547395706177,951,52.68341279029846,951,52.983041286468506,951,53.26680850982666,951,53.56749439239502,951,53.88214182853699,951,54.965800046920776,951,55.26573467254639,951,56.515252113342285,951,56.8014612197876,951,57.22798013687134,951,57.53805208206177,951,57.83422136306763,951,59.07215189933777,951,59.35222673416138,951,60.083131313323975
9,random_graphs/triangle/r1.5k24n16/graph9.lgbin,2487,57.53462886810303,876,1698,0,1571,3.4144301414489746,1467,5.242736101150513,1298,10.335275650024414,1235,22.082833766937256,1107,22.9550940990448,1012,23.4091534614563,976,26.50199055671692,958,29.457005977630615,942,29.796722173690796,939,32.43726873397827,922,32.974650621414185,908,33.39918875694275,894,37.828054666519165,888,38.59088397026062,888,38.95977330207825,888,39.22992253303528,887,39.61739253997803,887,47.24379110336304,882,48.4931480884552,882,49.45177412033081,882,49.740437269210815,881,51.88088655471802,881,58.01344895362854,881,58.373029470443726,877,58.84455633163452,877,59.112125873565674,876,59.59284520149231,876,59.936169147491455,876,60.091211795806885
10,random_graphs/triangle/r1.5k24n16/graph10.lgbin,2487,56.669718980789185,872,1955,0,1765,1.501007318496704,1658,1.9759712219238281,1480,3.279597759246826,1344,10.053086519241333,1179,11.064823627471924,1081,12.028457164764404,1074,26.859301328659058,1047,27.403676986694336,1024,27.85317873954773,1011,29.18865394592285,1001,34.347639322280884,987,35.75976252555847,986,36.11830282211304,952,36.43704128265381,947,43.50039315223694,933,43.848904848098755,933,44.14966320991516,932,44.524282693862915,931,44.843987703323364,931,45.119349002838135,901,45.48749279975891,890,45.89983367919922,888,46.35605263710022,884,46.67592668533325,884,50.555044412612915,883,50.928483963012695,883,53.965280532836914,883,54.26603174209595,879,54.62819170951843,877,55.10073947906494,874,55.495234966278076,874,55.81387782096863,874,56.14055800437927,872,56.519383668899536,872,59.969923973083496,872,60.10249400138855
11,random_graphs/triangle/r1.5k24n16/graph11.lgbin,2487,59.12382173538208,863,1667,0,1602,1.2892680168151855,1463,3.4516220092773438,1336,9.528879642486572,1247,10.790709257125854,1128,44.14182448387146,1050,44.96640706062317,959,45.369412899017334,882,45.76388740539551,865,46.726869344711304,863,60.107301473617554
12,random_graphs/triangle/r1.5k24n16/graph12.lgbin,2487,51.28974914550781,763,1650,0,1527,0.38330793380737305,1407,1.0051319599151611,1267,3.7558865547180176,1083,6.269320011138916,967,6.6676390171051025,926,7.041578531265259,869,9.15068244934082,835,9.511899471282959,823,10.312744855880737,801,10.663265705108643,801,12.237765550613403,801,13.617029905319214,801,13.890623569488525,775,14.244895458221436,775,15.534897327423096,775,15.823813438415527,775,16.509566068649292,773,17.582070350646973,772,17.87507128715515,772,18.929407119750977,772,20.233935356140137,771,20.5767924785614,771,21.42555260658264,767,21.781367301940918,767,22.07408857345581,767,22.367451429367065,767,23.649430751800537,767,23.936810731887817,767,24.759943962097168,767,25.052290678024292,767,25.452208757400513,767,25.750148057937622,767,26.02784276008606,767,27.31382727622986,767,27.721978425979614,767,28.01733374595642,767,28.31460666656494,767,29.591918468475342,767,29.87241244316101,767,30.280587673187256,767,30.976102113723755,767,31.265859842300415,767,31.55540680885315,767,31.85813546180725,767,33.145408153533936,767,34.06647777557373,767,34.47578763961792,767,34.77053356170654,767,35.42832088470459,767,36.70976376533508,767,36.98763132095337,767,37.82915639877319,767,38.22967052459717,767,38.51499843597412,767,38.79175901412964,767,39.52995586395264,767,40.80674982070923,767,41.21333432197571,767,41.86477589607239,767,42.159693002700806,764,42.49718499183655,763,42.84303689002991,763,43.131646394729614,763,43.969642639160156,763,45.253883600234985,763,45.805153608322144,763,46.09935712814331,763,46.39074516296387,763,47.10316801071167,763,48.39012789726257,763,48.944092988967896,763,49.60566735267639,763,49.93703031539917,763,50.75922870635986,763,51.05588436126709,763,51.61270999908447,763,52.90576124191284,763,53.197373151779175,763,54.0597026348114,763,54.349364042282104,763,54.910643339157104,763,55.203877449035645,763,55.49028730392456,763,56.220813035964966,763,56.77501630783081,763,57.06683659553528,763,57.343690156936646,763,57.629517555236816,763,58.17601752281189,763,58.72997450828552,763,59.0212082862854,763,60.13970875740051
13,random_graphs/triangle/r1.5k24n16/graph13.lgbin,2487,56.8935763835907,758,1501,0,1422,5.524291276931763,1322,8.435642957687378,1147,9.4566330909729,1146,10.991276741027832,1074,12.072683572769165,959,12.44281005859375,916,14.568961143493652,835,14.91196322441101,802,15.705124378204346,802,16.41754674911499,785,16.813024520874023,782,19.4712975025177,771,19.851106882095337,766,20.848199367523193,765,22.287681818008423,765,23.16631031036377,762,23.555321216583252,762,25.244553804397583,762,25.557159185409546,762,25.83322811126709,758,27.656228065490723,758,29.434152841567993,758,32.98392701148987,758,34.670769691467285,758,35.390748262405396,758,35.671801805496216,758,37.32817101478577,758,40.86441779136658,758,54.77331590652466,758,56.504798412323,758,58.368950843811035,758,59.634007930755615,758,60.117791175842285
14,random_graphs/triangle/r1.5k24n16/graph14.lgbin,2487,54.18314480781555,797,1566,0,1491,3.9848835468292236,1354,8.210138320922852,1204,8.651468515396118,1027,8.99177074432373,941,9.40279746055603,939,12.447236776351929,869,12.77739143371582,863,13.155552864074707,861,16.472946643829346,861,16.779300689697266,833,17.169777154922485,830,17.500131368637085,804,22.257309913635254,804,22.580774068832397,804,24.38513159751892,804,24.660330295562744,804,24.958756685256958,804,25.277591466903687,800,25.624233961105347,800,27.367785930633545,799,27.70314073562622,798,28.057750463485718,798,30.196051120758057,798,30.519181966781616,797,30.848405599594116,797,31.21808409690857,797,31.4693820476532,797,33.206703424453735,797,33.524672985076904,797,34.67575001716614,797,34.968602657318115,797,35.233134031295776,797,35.61162328720093,797,35.88928556442261,797,36.20567464828491,797,37.3333694934845,797,37.59382605552673,797,37.96531581878662,797,38.25297498703003,797,38.51818919181824,797,40.24783372879028,797,42.56689500808716,797,42.884596824645996,797,43.15056896209717,797,43.516544342041016,797,43.7683207988739,797,45.509018659591675,797,45.828306436538696,797,46.94932413101196,797,47.22152400016785,797,47.598965644836426,797,49.33232879638672,797,52.61244869232178,797,52.984668254852295,797,53.25438737869263,797,54.9937379360199,797,56.14891290664673,797,56.4266836643219,797,56.80590057373047,797,57.05749011039734,797,57.379637479782104,797,59.119749784469604,797,59.38409185409546,797,60.10775375366211
15,random_graphs/triangle/r1.5k24n16/graph15.lgbin,2487,54.935343742370605,868,1960,0,1774,4.580430507659912,1651,8.712730407714844,1477,9.142775297164917,1336,9.876387119293213,1123,10.80795955657959,1063,12.812904119491577,1014,13.26810336112976,986,22.460181951522827,976,22.801743745803833,976,25.819599866867065,951,26.151819229125977,939,26.63162064552307,939,28.21188974380493,925,28.558026790618896,903,32.84650492668152,893,36.26921510696411,888,36.67383885383606,884,36.997148275375366,884,37.27578258514404,878,37.62825608253479,878,39.141202211380005,878,39.41968560218811,878,39.759798526763916,878,40.02497696876526,874,40.35547113418579,874,40.63394546508789,874,42.06597423553467,873,42.40936279296875,873,42.712727069854736,873,43.05081820487976,873,43.33208346366882,873,43.60518503189087,873,43.87529230117798,873,45.29307270050049,873,45.687458992004395,873,45.98964834213257,873,46.26040840148926,873,47.7647442817688,873,49.20298385620117,871,49.586533069610596,871,49.87757992744446,871,50.15531873703003,871,50.432939291000366,871,50.717442750930786,871,51.060307025909424,871,52.51690220832825,871,52.91708278656006,871,53.196885108947754,871,53.538432121276855,871,53.838364124298096,870,54.1596953868866,868,54.65831637382507,868,56.10224008560181,868,60.108452558517456
16,random_graphs/triangle/r1.5k24n16/graph16.lgbin,2487,56.70882439613342,830,1889,0,1691,3.285491704940796,1533,5.739858150482178,1349,6.431440114974976,1197,10.941705465316772,1133,11.540761709213257,1061,17.355911016464233,951,19.94609832763672,951,21.760343551635742,919,22.53779149055481,919,23.095789432525635,874,23.5295467376709,858,24.47358727455139,857,31.63582444190979,845,31.963813543319702,845,32.67705774307251,843,33.040061950683594,838,33.43091344833374,838,34.24018573760986,836,34.64485144615173,836,34.98340725898743,833,35.32544732093811,833,35.60727548599243,833,42.69407415390015,833,43.590675354003906,830,43.91586661338806,830,44.751038551330566,830,45.045995473861694,830,45.57455539703369,830,46.117116928100586,830,46.422229051589966,830,53.60189867019653,830,53.90493869781494,830,54.45305418968201,830,54.731130599975586,830,60.12486028671265
17,random_graphs/triangle/r1.5k24n16/graph17.lgbin,2487,58.302443981170654,907,1711,0,1576,18.780648469924927,1553,36.709370136260986,1457,38.199260234832764,1346,41.26851272583008,1235,41.649803161621094,1192,41.99687170982361,1073,42.646403074264526,958,43.01568341255188,937,43.42608451843262,921,43.79578399658203,921,55.86534333229065,921,56.917134284973145,910,57.37280321121216,907,57.73273062705994,907,58.05209469795227,907,58.36129593849182,907,59.59181094169617,907,59.880518674850464,907,60.09632182121277
18,random_graphs/triangle/r1.5k24n16/graph18.lgbin,2487,60.02404808998108,1232,1595,0,1446,0.44065213203430176,1359,4.714033126831055,1232,60.316540479660034
19,random_graphs/triangle/r1.5k24n16/graph19.lgbin,2487,53.46064519882202,784,1686,0,1565,0.6699512004852295,1433,1.0407884120941162,1351,1.482375144958496,1306,1.7853660583496094,1160,9.709843873977661,1046,10.94631552696228,993,14.325294494628906,965,18.09717583656311,960,19.75314998626709,960,20.42656946182251,960,23.89289617538452,918,24.385831594467163,910,24.700884103775024,885,25.051885843276978,867,25.373600244522095,834,25.70412039756775,834,25.99752116203308,828,26.287110328674316,819,26.631064891815186,810,26.99352788925171,809,28.205681324005127,809,28.512991666793823,809,28.78755521774292,809,29.026779413223267,807,30.243205070495605,806,33.38416028022766,806,35.3019585609436,806,35.59308314323425,806,35.83205842971802,806,36.128071308135986,806,36.38962435722351,799,36.72780156135559,792,37.14194846153259,792,37.50222110748291,792,38.45816946029663,790,38.87016272544861,790,41.08637094497681,790,41.378037452697754,790,41.67273783683777,790,41.96369695663452,789,42.320287466049194,789,44.527934551239014,789,44.81764364242554,789,45.20763969421387,789,45.505123138427734,789,45.80410170555115,789,48.01932740211487,789,48.30765199661255,789,48.700703859329224,789,48.9640257358551,785,49.3002188205719,784,49.6937358379364,784,50.02667284011841,784,50.31650757789612,784,50.59485483169556,784,50.888917207717896,784,51.84469723701477,784,52.12273097038269,784,52.40984773635864,784,52.7071807384491,784,55.15308141708374,784,57.36287713050842,784,57.66061019897461,784,57.92340874671936,784,59.15655541419983,784,59.4187445640564,784,59.70482277870178,784,60.10191202163696
20,random_graphs/triangle/r1.5k24n16/graph20.lgbin,2487,53.208462715148926,976,1946,0,1779,0.4825894832611084,1610,1.6779987812042236,1471,5.321037292480469,1342,6.331134080886841,1342,8.526216506958008,1254,8.882308721542358,1160,9.175302505493164,1094,9.494834899902344,1060,9.882840633392334,1032,20.507875204086304,1032,20.809142112731934,1026,21.1406147480011,1001,21.462398052215576,997,21.80658745765686,994,22.16351628303528,989,22.477601051330566,989,22.743141651153564,989,27.585253715515137,988,27.964203596115112,984,28.3037211894989,984,30.05733847618103,978,30.405904293060303,976,30.701703786849976,976,30.983362913131714,976,31.269299268722534,976,31.530848026275635,976,31.806203842163086,976,32.051979064941406,976,33.82216119766235,976,34.093634605407715,976,34.38036108016968,976,34.65023922920227,976,39.476069688797,976,41.23571038246155,976,41.52527570724487,976,41.79829788208008,976,42.07056951522827,976,42.32868027687073,976,44.083845138549805,976,44.3303165435791,976,44.600828647613525,976,44.87274122238159,976,45.16868758201599,976,45.40806794166565,976,45.676318883895874,976,45.962615728378296,976,46.2335262298584,976,46.47913312911987,976,48.24064636230469,976,48.52758598327637,976,48.7824981212616,976,49.05458736419678,976,49.295629262924194,976,50.49270939826965,976,50.78345251083374,976,51.040653228759766,976,51.34309124946594,976,51.61358952522278,976,51.899078607559204,976,52.17320680618286,976,53.93690466880798,976,54.22731566429138,976,54.484813928604126,976,54.759750843048096,976,55.03298783302307,976,55.27340388298035,976,57.04371237754822,976,57.33618187904358,976,57.62097430229187,976,57.894845724105835,976,59.667269229888916,976,59.954503297805786,976,60.09614086151123
21,random_graphs/triangle/r1.5k24n16/graph21.lgbin,2487,50.227723598480225,803,1758,0,1609,1.3094947338104248,1486,3.088926076889038,1418,3.5047953128814697,1314,4.040240049362183,1220,7.110777139663696,1077,9.212122201919556,1037,9.58091950416565,979,10.33482027053833,965,10.681321859359741,961,12.368730306625366,961,12.68264389038086,917,13.659873485565186,887,14.150106430053711,873,14.575214147567749,873,14.942735195159912,843,15.257055759429932,843,15.52488899230957,842,15.889598369598389,842,16.214967489242554,842,18.524731636047363,842,20.07822895050049,842,20.886593341827393,828,21.374226093292236,821,21.823846101760864,821,22.197701692581177,816,22.62368106842041,813,22.983623266220093,813,23.292678117752075,813,23.58275580406189,813,25.042142629623413,813,25.372655868530273,812,25.982007026672363,812,26.46765923500061,811,26.77034592628479,809,27.082952737808228,809,27.349973440170288,809,27.656875133514404,809,28.162965297698975,809,28.50942897796631,809,28.811063766479492,809,29.403550148010254,806,29.722460508346558,806,29.994911670684814,806,30.299628257751465,806,31.774924278259277,806,32.304542779922485,806,32.61168956756592,806,32.92655849456787,806,34.39757251739502,806,34.723121643066406,806,35.036285638809204,806,35.30660581588745,806,35.79551696777344,806,37.24870586395264,806,37.57504105567932,806,37.84431838989258,806,38.3390691280365,806,38.637362480163574,806,38.92658710479736,806,40.371273040771484,806,40.65916895866394,806,40.95824909210205,806,41.228233337402344,806,41.52759838104248,806,42.053383350372314,806,42.367767572402954,806,42.688472270965576,806,42.988271951675415,806,43.90845203399658,806,44.424118518829346,806,44.748536586761475,806,45.04296612739563,806,46.50771403312683,806,46.998534202575684,806,47.32127618789673,806,47.584354400634766,806,47.880104303359985,806,48.17290687561035,806,50.34690976142883,806,50.87557673454285,806,51.164292097091675,806,52.613064765930176,806,52.90839409828186,806,53.177051305770874,806,53.47264003753662,806,53.79635167121887,806,54.07929444313049,806,54.377386808395386,806,54.69201135635376,806,56.044201374053955,806,56.32843089103699,803,56.706706523895264,803,57.004257917404175,803,57.31610083580017,803,57.61230254173279,803,59.0714385509491,803,59.60096073150635,803,59.90266442298889,803,60.103357791900635
22,random_graphs/triangle/r1.5k24n16/graph22.lgbin,2487,55.320982694625854,865,1720,0,1595,5.341179847717285,1474,8.168535947799683,1330,12.74569320678711,1216,13.646116733551025,1122,14.329560041427612,1062,14.680917024612427,958,15.72787594795227,947,21.94588017463684,940,22.33928608894348,934,22.88269567489624,927,25.15890336036682,921,25.502637147903442,910,25.873631715774536,895,27.850094318389893,891,28.196857690811157,885,28.558411359786987,885,30.348507165908813,877,30.700849056243896,877,31.477988958358765,869,31.7973952293396,868,33.51782417297363,867,33.854652643203735,867,34.1383171081543,867,34.40352201461792,866,34.691317081451416,865,35.09462761878967,865,37.241403341293335,865,37.52527213096619,865,39.05162739753723,865,39.79903697967529,865,40.11298155784607,865,42.28397464752197,865,42.56819128990173,865,44.09196066856384,865,44.39632058143616,865,44.664140701293945,865,44.9492392539978,865,47.113327503204346,865,47.45832586288452,865,47.7335569858551,865,49.28343915939331,865,49.55152702331543,865,49.81111741065979,865,50.14432907104492,865,52.30231738090515,865,53.85887169837952,865,54.66020441055298,865,55.405466079711914,865,55.71802282333374,865,57.89023280143738,865,59.44432497024536,865,60.140615463256836
23,random_graphs/triangle/r1.5k24n16/graph23.lgbin,2487,53.39476919174194,844,1759,0,1639,2.7911698818206787,1532,4.03258752822876,1336,7.048085927963257,1231,7.391101121902466,1167,8.980647325515747,1100,10.482726573944092,1005,10.835914850234985,1003,12.369995594024658,947,12.802256345748901,947,13.222263097763062,924,13.565315008163452,886,13.914596796035767,885,14.334122657775879,878,15.092681646347046,878,16.277868509292603,874,16.648128271102905,874,17.41827154159546,874,17.774077653884888,870,19.17766833305359,870,19.454943895339966,861,19.781434535980225,861,20.03722596168518,860,21.258125066757202,860,22.527549266815186,860,23.659707069396973,860,24.4345440864563,856,24.861881256103516,856,25.187328338623047,854,25.493677377700806,854,25.75009512901306,854,26.87030005455017,854,27.200262308120728,854,28.321316719055176,847,29.14128804206848,847,29.87563419342041,847,30.16607117652893,847,31.436219930648804,847,32.569584131240845,847,33.29331159591675,845,33.68238711357117,845,34.66925549507141,845,34.99493074417114,845,43.61542248725891,845,43.87861752510071,845,44.168487548828125,845,44.49042844772339,845,44.82096028327942,845,46.09340715408325,845,46.35340118408203,845,46.644418478012085,845,47.768863916397095,844,48.60941553115845,844,49.3176748752594,844,50.151118516922,844,50.41136360168457,844,50.69909429550171,844,51.81342315673828,844,52.14311981201172,844,53.40699601173401,844,53.664522886276245,844,53.9516122341156,844,55.096630573272705,844,55.394105672836304,844,55.73185920715332,844,56.47058725357056,844,57.33550214767456,844,57.5952730178833,844,58.7122106552124,844,59.00008940696716,844,60.00149917602539
24,random_graphs/triangle/r1.5k24n16/graph24.lgbin,2487,52.232155323028564,793,1773,0,1620,2.6809027194976807,1530,3.0768699645996094,1383,5.0606303215026855,1240,10.880900144577026,1182,11.269854068756104,1129,11.637968301773071,1022,12.019632339477539,983,12.914142608642578,968,14.326880931854248,919,16.62477445602417,913,16.977576971054077,910,17.29159688949585,870,17.722511053085327,870,18.048280239105225,864,18.449889183044434,864,18.796464681625366,864,19.06102418899536,864,19.346622467041016,864,20.171799182891846,845,20.492868423461914,845,21.98587679862976,845,22.28471302986145,844,22.594441652297974,844,22.902852535247803,844,23.283726930618286,844,24.25084090232849,844,24.547438859939575,844,24.851353883743286,844,25.278998851776123,844,25.593442678451538,844,27.080355167388916,838,27.420130729675293,829,27.785009622573853,829,28.09386157989502,799,28.39472508430481,799,28.680646657943726,799,28.98944091796875,799,30.483734369277954,799,30.84001064300537,794,31.136805772781372,793,31.434154510498047,793,31.735852003097534,793,31.995155096054077,793,33.48526859283447,793,33.91851496696472,793,34.29986047744751,793,34.59429121017456,793,35.720651149749756,793,37.209569454193115,793,37.49828362464905,793,37.77699899673462,793,38.74187898635864,793,39.068281173706055,793,40.20444679260254,793,41.68588638305664,793,43.03690695762634,793,43.31495237350464,793,43.6085729598999,793,43.915141582489014,793,45.392897605895996,793,45.838459730148315,793,46.157114028930664,793,46.448976278305054,793,47.71686029434204,793,48.09946656227112,793,49.62240481376648,793,51.100467920303345,793,51.39267683029175,793,52.35666060447693,793,52.64941048622131,793,52.931028842926025,793,54.19807529449463,793,54.57489514350891,793,56.048410177230835,793,56.3083233833313,793,56.59408140182495,793,56.87315273284912,793,58.34265756607056,793,58.63499450683594,793,59.43630886077881,793,59.71978688240051,793,60.009705781936646
25,random_graphs/triangle/r1.5k24n16/graph25.lgbin,2487,56.6854784488678,930,1924,0,1867,0.4527254104614258,1747,0.8242306709289551,1586,2.3932759761810303,1456,18.964009761810303,1375,19.81667685508728,1210,22.40682578086853,1165,23.44088912010193,1115,31.60872745513916,1115,32.02701163291931,1073,32.36463141441345,1071,34.76909875869751,1046,35.87776303291321,1046,39.665170431137085,1008,40.54377746582031,971,40.95416736602783,969,42.03988313674927,954,42.35492277145386,953,42.74559164047241,947,43.05157661437988,947,43.32560968399048,945,47.16268610954285,942,47.52086114883423,942,47.953768730163574,942,48.24316096305847,938,48.61810517311096,934,49.93903064727783,934,50.20743012428284,934,53.63633179664612,934,57.050373554229736,933,57.37413477897644,933,57.64765477180481,933,57.956740856170654,933,58.25603246688843,930,59.101940393447876,930,59.84220218658447,930,60.09752655029297
26,random_graphs/triangle/r1.5k24n16/graph26.lgbin,2487,57.79815149307251,940,1896,0,1783,26.47460961341858,1702,31.33128833770752,1593,32.11049199104309,1461,33.595903635025024,1403,33.989501953125,1178,34.44987440109253,1063,35.9573175907135,1028,40.560707807540894,1024,43.02261757850647,1013,44.15247392654419,1013,45.29787516593933,1012,45.67345666885376,994,46.04455065727234,962,46.39794850349426,958,46.78590440750122,950,49.030128717422485,950,53.62041425704956,950,53.882428884506226,950,54.20501351356506,945,54.54867506027222,944,54.89142847061157,944,56.81637096405029,940,57.59328269958496,940,60.110265016555786
27,random_graphs/triangle/r1.5k24n16/graph27.lgbin,2487,59.62977862358093,945,1554,0,1389,27.183933973312378,1261,28.72699999809265,1151,30.013718128204346,1066,30.367594957351685,945,60.10210347175598
28,random_graphs/triangle/r1.5k24n16/graph28.lgbin,2487,57.04380536079407,842,1687,0,1550,4.560503244400024,1379,5.05113673210144,1353,7.968975067138672,1224,11.809514999389648,1198,12.265949487686157,1100,12.660300493240356,998,13.938031196594238,964,14.643740892410278,964,23.516565084457397,964,24.32994270324707,964,25.01849389076233,940,25.373429775238037,932,29.27327585220337,915,30.444655418395996,915,39.207916498184204,903,39.94155287742615,903,40.947341203689575,886,41.33266019821167,870,42.02898359298706,867,42.798521280288696,867,43.11603832244873,867,43.776686906814575,866,44.731329917907715,866,45.67220091819763,853,46.923264503479004,847,47.33051681518555,847,47.65472435951233,847,56.467182874679565,847,56.83423137664795,842,57.198423624038696,842,57.4988751411438,842,58.3333044052124,842,60.09941005706787
29,random_graphs/triangle/r1.5k24n16/graph29.lgbin,2487,51.79605197906494,838,1887,0,1744,1.5279126167297363,1569,6.345166921615601,1531,7.633998870849609,1506,9.515822172164917,1315,11.261511087417603,1160,12.717920303344727,1071,13.147259712219238,959,13.527436256408691,919,13.835635900497437,908,14.559913158416748,897,14.927014112472534,874,15.328350305557251,855,15.698081731796265,854,16.053475618362427,854,17.612807273864746,851,17.93695831298828,845,18.287015676498413,845,18.59474205970764,842,18.96160888671875,842,19.28177833557129,842,19.603845357894897,842,19.890027284622192,842,20.202677249908447,842,21.73990511894226,840,22.15467858314514,838,22.51965570449829,838,22.81744360923767,838,23.128506660461426,838,23.444743871688843,838,23.758501768112183,838,24.070979833602905,838,25.607107162475586,838,25.963886737823486,838,26.276625871658325,838,26.588942289352417,838,27.3898708820343,838,28.929913759231567,838,29.280521631240845,838,29.587392330169678,838,29.89219832420349,838,30.203745126724243,838,30.51776695251465,838,31.23622179031372,838,32.7726526260376,838,33.07845330238342,838,33.38801693916321,838,34.07517147064209,838,34.376797914505005,838,35.184242725372314,838,36.72597312927246,838,37.07900404930115,838,37.764363050460815,838,38.063281774520874,838,39.60493230819702,838,39.91588521003723,838,40.26513981819153,838,40.952759742736816,838,42.49874925613403,838,42.7923641204834,838,43.12068462371826,838,43.42674994468689,838,44.486042976379395,838,45.18648624420166,838,46.72403836250305,838,47.0480854511261,838,47.34122133255005,838,48.139607191085815,838,48.45142126083374,838,48.742454528808594,838,49.03184223175049,838,50.57003855705261,838,50.878546476364136,838,51.23085331916809,838,51.54325008392334,838,52.038835287094116,838,52.327290058135986,838,53.86153697967529,838,54.151564598083496,838,54.45398497581482,838,54.7667453289032,838,55.82119011878967,838,56.11148643493652,838,57.68419623374939,838,57.977492570877075,838,58.28973412513733,838,59.258679151535034,838,59.55078148841858,838,60.11005687713623
30,random_graphs/triangle/r1.5k24n16/graph30.lgbin,2487,54.99286770820618,727,1679,0,1580,0.5256102085113525,1405,2.3369507789611816,1281,3.842529058456421,1174,5.498183727264404,1096,13.134196758270264,981,15.607952356338501,981,18.876696348190308,928,19.343058347702026,836,19.743189573287964,829,22.753904104232788,829,23.09103536605835,822,23.468427181243896,822,24.324318170547485,819,25.133230447769165,803,25.53891110420227,803,25.88361883163452,803,26.619174242019653,801,26.94705820083618,801,27.278871536254883,747,27.93638300895691,747,29.883970499038696,747,32.69929599761963,743,33.12900996208191,743,33.47925853729248,739,33.834850549697876,738,34.44671869277954,738,34.871360063552856,738,36.81016159057617,738,37.11824607849121,728,37.500088691711426,728,37.818238496780396,728,38.108826875686646,728,38.7165904045105,728,38.997058629989624,727,39.60051155090332,727,40.23195266723633,727,42.1640625,727,42.49463629722595,727,46.278541564941406,727,46.594375133514404,727,46.8841233253479,727,47.93141579627991,727,49.87663769721985,727,50.20064449310303,727,50.51112151145935,727,50.78027105331421,727,51.833619594573975,727,53.780598878860474,727,54.478397607803345,727,54.803203105926514,727,55.12475776672363,727,55.74703621864319,727,58.5758113861084,727,60.09924578666687
31,random_graphs/triangle/r1.5k24n16/graph31.lgbin,2487,58.40757513046265,883,1703,0,1563,22.314504384994507,1557,33.778433322906494,1432,35.332024574279785,1332,36.14682745933533,1215,36.58600330352783,1195,37.538397550582886,1084,38.76460862159729,1036,39.06365513801575,968,40.19597673416138,951,40.55175232887268,931,40.89260411262512,919,41.68401479721069,907,42.052709341049194,907,42.50139832496643,906,54.236761808395386,892,55.024383306503296,883,55.35970735549927,883,60.10738563537598
32,random_graphs/triangle/r1.5k24n16/graph32.lgbin,2487,58.99203562736511,867,1696,0,1587,33.74126052856445,1480,35.52604579925537,1369,42.21297550201416,1253,43.59637951850891,1213,49.27132797241211,1190,54.230302572250366,1045,55.60635423660278,961,56.420581102371216,942,57.830185890197754,932,58.52836227416992,883,58.925208568573,867,60.114184617996216
33,random_graphs/triangle/r1.5k24n16/graph33.lgbin,2487,54.693421363830566,917,1867,0,1757,0.6683342456817627,1595,1.6894476413726807,1505,5.534696102142334,1388,5.979939699172974,1259,6.289618968963623,1174,7.638553619384766,1088,10.888607501983643,1067,11.203314542770386,1066,13.612036228179932,1066,16.814416646957397,1066,17.226656198501587,1056,17.691434621810913,1042,17.992596864700317,1025,18.324913263320923,1025,18.671486854553223,1025,18.92700433731079,1025,19.244961500167847,1025,21.928175687789917,1025,22.722216844558716,1023,23.01748251914978,1004,23.48638105392456,1004,23.865565299987793,1004,24.157635927200317,993,24.45881724357605,993,24.707671642303467,985,25.064433336257935,985,25.362046241760254,985,29.339681386947632,985,32.51468777656555,974,32.90656781196594,974,33.245031118392944,974,34.02258086204529,973,34.38229417800903,955,34.70867848396301,955,34.974262952804565,946,35.43243718147278,932,35.819833278656006,932,36.103365898132324,932,36.43337798118591,932,39.59169888496399,931,41.9061803817749,931,43.709707498550415,928,44.092246532440186,928,44.40232586860657,928,47.128456830978394,928,48.994718074798584,920,49.33469748497009,920,49.612969636917114,920,49.96159505844116,919,50.21045255661011,919,50.49747705459595,919,53.216002464294434,919,55.09183096885681,919,55.429898262023926,918,55.75517678260803,918,58.4766628742218,918,58.7257342338562,918,59.064894676208496,917,60.18335151672363
34,random_graphs/triangle/r1.5k24n16/graph34.lgbin,2487,53.88637065887451,947,1877,0,1759,0.39073729515075684,1624,1.5765323638916016,1541,6.8064234256744385,1478,7.649927377700806,1371,8.10658574104309,1314,17.63081955909729,1249,18.032708883285522,1233,18.396170139312744,1104,21.01798152923584,1103,23.20912504196167,1091,24.559948682785034,1069,24.935078620910645,1069,25.263530492782593,1050,25.651984691619873,1048,26.001237154006958,1048,28.344135284423828,1048,28.651292085647583,1048,28.969879388809204,1035,29.42976665496826,1034,30.03887939453125,1034,30.446086883544922,1034,32.02542853355408,1025,32.42214322090149,1025,32.737807512283325,1024,33.0921790599823,1011,33.47702360153198,1009,34.83586359024048,1009,35.15454816818237,1009,36.52021050453186,1000,36.94021439552307,1000,39.005658864974976,1000,39.322630882263184,1000,40.012192726135254,989,40.36671209335327,986,40.87668061256409,984,41.29387855529785,973,41.73653531074524,973,42.09846234321594,973,44.13658118247986,972,44.531084060668945,972,44.8546826839447,972,45.16205310821533,963,45.537089586257935,963,46.897088289260864,963,47.199175119400024,958,47.6294732093811,957,48.028554916381836,957,50.09243106842041,954,51.04303336143494,954,51.98904466629028,951,52.382718324661255,951,52.679115295410156,949,53.07108926773071,947,53.46996235847473,947,53.80795693397522,947,55.87445640563965,947,57.937278032302856,947,58.2622594833374,947,58.58452296257019,947,59.24557423591614,947,59.59368300437927,947,59.91770553588867,947,60.103456020355225
35,random_graphs/triangle/r1.5k24n16/graph35.lgbin,2487,54.365779638290405,809,1680,0,1526,3.4313669204711914,1416,3.8465540409088135,1333,15.355692863464355,1247,17.981744527816772,1192,19.699934005737305,1024,20.45565676689148,951,21.180809497833252,853,21.558801412582397,839,22.02449679374695,836,22.365583896636963,836,24.15858483314514,835,24.517369270324707,835,28.661834955215454,832,29.376184225082397,830,30.698614835739136,830,31.224725008010864,828,31.842709064483643,828,32.14291000366211,826,32.58596134185791,823,33.02614140510559,820,33.36769509315491,819,34.10097885131836,819,36.04484486579895,819,36.40224552154541,819,36.727365493774414,819,37.02725052833557,819,37.37748980522156,819,37.66615629196167,819,39.579466342926025,819,39.932551860809326,818,40.409634828567505,818,40.7087037563324,818,41.129496335983276,818,42.270195722579956,818,42.609745502471924,818,42.891727685928345,818,44.840293884277344,818,45.207955837249756,818,45.49815559387207,818,45.79791975021362,818,46.144195318222046,818,48.07882618904114,818,48.38096618652344,818,49.51095676422119,818,49.85158395767212,818,50.16311192512512,818,52.10226893424988,818,52.40337371826172,818,52.82859754562378,818,53.189693450927734,818,53.8058135509491,817,54.11344289779663,816,54.76856970787048,816,55.16149568557739,816,57.11149454116821,809,57.50887155532837,809,57.862980365753174,809,59.78722834587097,809,60.099926233291626
36,random_graphs/triangle/r1.5k24n16/graph36.lgbin,2487,56.81280326843262,779,1564,0,1457,0.4161956310272217,1311,1.6685619354248047,1219,2.381603717803955,1110,4.464665174484253,1042,11.19011902809143,972,12.914508581161499,873,13.26826786994934,864,13.672770977020264,838,14.043920040130615,838,19.44088101387024,821,20.758376359939575,812,21.0841224193573,807,23.057297945022583,802,23.896652936935425,793,24.382343292236328,792,25.020143270492554,792,25.28986430168152,792,37.54991364479065,792,38.43856430053711,792,38.803670167922974,792,39.40987038612366,783,39.777682065963745,781,40.10929322242737,781,40.4031081199646,781,43.91865539550781,780,44.243449449539185,780,44.509551763534546,780,44.785499811172485,779,45.40753793716431,779,45.69194507598877,779,45.992063999176025,779,46.61585855484009,779,58.8042676448822,779,59.07518291473389,779,59.903812408447266,779,60.095083475112915
37,random_graphs/triangle/r1.5k24n16/graph37.lgbin,2487,53.860875844955444,774,1726,0,1638,4.6460912227630615,1463,5.040253400802612,1337,5.821257591247559,1170,6.686844348907471,1036,8.160137414932251,1032,10.05516767501831,977,11.37222409248352,938,12.993820667266846,937,13.350186824798584,899,14.154977798461914,882,14.680685997009277,874,15.566946029663086,873,16.80560541152954,871,17.890955448150635,871,18.732002019882202,871,19.61752462387085,868,20.930864810943604,862,21.682483434677124,861,22.099870920181274,859,22.567419052124023,858,27.494904279708862,858,32.41601014137268,844,33.75929832458496,840,35.557878255844116,840,35.88501572608948,840,37.229655027389526,840,37.54630994796753,840,38.37249302864075,836,38.92995643615723,836,39.55283188819885,836,40.887824058532715,836,41.2343111038208,827,41.64567995071411,826,42.00205588340759,823,42.40126037597656,823,42.75396132469177,823,43.63668513298035,823,44.96735334396362,819,45.365660190582275,819,45.68465542793274,819,46.47228789329529,808,46.83472800254822,807,47.16621732711792,807,48.536844968795776,807,49.87763833999634,793,51.220391511917114,793,51.506863832473755,793,52.33475303649902,793,52.6488311290741,780,52.95104002952576,780,53.21145963668823,780,54.44766616821289,780,54.758068799972534,780,55.11643195152283,780,55.94810676574707,780,56.2588632106781,780,57.49433493614197,780,57.82240605354309,780,58.654107332229614,774,58.996586561203,774,59.28683924674988,774,59.62610197067261,774,59.93893504142761,774,60.10407614707947
38,random_graphs/triangle/r1.5k24n16/graph38.lgbin,2487,50.81281566619873,824,1548,0,1489,5.036985397338867,1365,5.484408140182495,1302,5.998595714569092,1130,7.898865222930908,1032,8.23746633529663,962,8.679661512374878,956,10.076168060302734,900,11.158588171005249,892,11.530395269393921,875,11.897572994232178,868,12.267220258712769,862,12.848006248474121,862,14.260871410369873,851,14.712910890579224,847,15.133273124694824,844,16.23637056350708,844,17.55614471435547,844,17.83138418197632,844,18.174185514450073,840,18.62986731529236,837,19.00327777862549,837,19.312321662902832,837,19.613935708999634,837,20.000431776046753,835,20.373429536819458,835,20.701838970184326,835,22.095587968826294,833,22.97746992111206,832,23.390631198883057,832,24.39506220817566,831,24.85405468940735,831,25.145195722579956,831,25.466668367385864,831,25.829096794128418,831,27.247780561447144,830,27.75254249572754,830,28.128682374954224,828,28.618362426757812,826,29.07222604751587,825,29.528178453445435,825,29.867734909057617,824,30.281959533691406,824,30.59567165374756,824,31.59359097480774,824,32.98119616508484,824,33.3233597278595,824,33.71481132507324,824,34.12018823623657,824,34.41185116767883,824,34.72649645805359,824,36.116875886917114,824,37.850836753845215,824,38.20580267906189,824,38.53319692611694,824,38.81699562072754,824,39.12517428398132,824,40.09273076057434,824,41.460880756378174,824,41.79443621635437,824,42.17365908622742,824,42.46653938293457,824,42.77539658546448,824,43.07924771308899,824,44.465984582901,824,44.77677941322327,824,45.085349559783936,824,46.455546140670776,824,46.82054376602173,824,47.10521388053894,824,47.41249966621399,824,47.74332857131958,824,48.14484143257141,824,49.52762198448181,824,49.913158893585205,824,50.305351972579956,824,50.61241269111633,824,51.97842812538147,824,53.276512145996094,824,53.65637755393982,824,54.03577709197998,824,54.3742036819458,824,54.729464292526245,824,55.039544343948364,824,55.36774516105652,824,55.67582559585571,824,56.98045635223389,824,57.338643312454224,824,57.72171592712402,824,57.99037218093872,824,58.29921197891235,824,59.27153921127319,824,59.62797427177429,824,59.959627628326416,824,60.101622581481934
39,random_graphs/triangle/r1.5k24n16/graph39.lgbin,2487,51.8674635887146,949,1858,0,1731,1.4887402057647705,1609,2.8339946269989014,1503,3.2527880668640137,1396,3.6818952560424805,1337,7.269017696380615,1232,7.939461708068848,1190,8.3087797164917,1132,8.951043605804443,1108,9.694727659225464,1096,11.052976131439209,1096,11.435842514038086,1096,14.012805938720703,1096,14.429630279541016,1080,14.825916767120361,1080,15.885171890258789,984,16.29846501350403,981,17.427550554275513,981,17.785231113433838,975,18.15089774131775,975,18.452728509902954,975,19.481505870819092,973,20.163663864135742,973,21.21440291404724,973,21.898462295532227,954,22.272693157196045,954,23.339568376541138,954,23.646471738815308,952,24.04574704170227,952,24.384153366088867,952,24.728094339370728,949,25.038281202316284,949,25.313650369644165,949,26.372369050979614,949,27.41538429260254,949,27.720937967300415,949,28.05660319328308,949,28.354572296142578,949,29.413558959960938,949,30.1013503074646,949,31.159734964370728,949,32.18524408340454,949,32.49217081069946,949,32.82813119888306,949,33.12290167808533,949,34.18109393119812,949,34.49798583984375,949,34.80130910873413,949,37.40459108352661,949,37.70933175086975,949,38.7690544128418,949,39.0877947807312,949,39.37811589241028,949,39.69389200210571,949,40.36311101913452,949,40.661951541900635,949,43.49931216239929,949,44.5465202331543,949,44.88060545921326,949,45.17406940460205,949,45.49430561065674,949,45.7668719291687,949,46.08279991149902,949,46.3891441822052,949,49.28828048706055,949,50.355353355407715,949,50.64800143241882,949,50.965290546417236,949,51.26786160469055,949,52.32034921646118,949,53.37161612510681,949,54.017399311065674,949,54.883570432662964,949,55.201699018478394,949,55.50686812400818,949,56.52056074142456,949,56.814239740371704,949,57.86776924133301,949,58.190836668014526,949,58.46272897720337,949,58.76642847061157,949,59.786019802093506,949,60.085734605789185
40,random_graphs/triangle/r1.5k24n16/graph40.lgbin,2487,57.00087904930115,837,1800,0,1623,6.042806625366211,1548,7.338179349899292,1311,9.728358745574951,1165,10.410560607910156,1124,11.12453579902649,1014,11.976765394210815,971,12.288898229598999,963,12.821313381195068,949,14.115545749664307,920,14.829172134399414,916,20.820161819458008,915,21.0905601978302,885,23.03784465789795,885,29.065677642822266,885,30.84657907485962,883,31.2870876789093,857,31.69971251487732,856,32.392794609069824,845,32.811309814453125,841,38.68419909477234,840,39.29617214202881,840,39.787986516952515,840,40.54889512062073,838,40.91310000419617,838,41.22703790664673,837,41.61918258666992,837,47.62040066719055,837,54.70856428146362,837,55.09176564216614,837,55.39578866958618,837,55.89113926887512,837,56.215688943862915,837,56.969155073165894,837,60.111748695373535
41,random_graphs/triangle/r1.5k24n16/graph41.lgbin,2487,55.953747034072876,806,1681,0,1529,0.3808293342590332,1419,4.113516330718994,1320,5.072240114212036,1128,6.179290533065796,1048,6.513732194900513,970,7.865910291671753,927,12.339334726333618,885,14.175523519515991,876,14.571768283843994,874,16.80270767211914,874,22.272751569747925,857,22.703165769577026,852,24.15832495689392,852,24.442490577697754,845,24.79742980003357,845,25.12696862220764,845,26.55046772956848,845,26.9061017036438,845,29.136014223098755,822,29.47130060195923,822,36.16281342506409,822,36.437514781951904,822,36.72598457336426,822,37.012418031692505,821,37.37444019317627,821,37.65299725532532,821,39.86075735092163,821,48.14030647277832,821,48.434699058532715,821,48.72178530693054,813,49.10277056694031,813,49.38544750213623,811,49.80561947822571,811,50.14797568321228,811,52.34963870048523,811,52.61845397949219,807,52.955161809921265,807,53.28040099143982,807,53.572540044784546,807,56.94947409629822,806,58.28072643280029,806,58.54038143157959,806,59.91737747192383,806,60.09859085083008
42,random_graphs/triangle/r1.5k24n16/graph42.lgbin,2487,60.07060766220093,1227,1648,0,1527,3.3083341121673584,1417,3.7081573009490967,1348,4.16823673248291,1227,60.46234369277954
43,random_graphs/triangle/r1.5k24n16/graph43.lgbin,2487,55.18565344810486,835,1725,0,1553,2.807262659072876,1438,12.420766830444336,1303,19.943565130233765,1185,20.276833295822144,1044,20.670292139053345,1019,24.824772119522095,924,25.178037881851196,901,25.52676510810852,887,25.886813640594482,865,26.224189043045044,865,29.341996908187866,858,29.793917894363403,856,30.175265550613403,839,30.50580358505249,839,30.902015447616577,839,31.21571159362793,839,31.502809047698975,837,31.844362020492554,835,32.19380283355713,835,32.84942889213562,835,33.14354705810547,835,36.25228834152222,835,36.5404007434845,835,36.82349467277527,835,37.13552284240723,835,38.025858879089355,835,38.315985918045044,835,38.68528652191162,835,41.793893337249756,835,44.908705949783325,835,45.24420523643494,835,45.55882668495178,835,45.9328670501709,835,46.2194242477417,835,49.346219062805176,835,49.61930227279663,835,49.92889642715454,835,50.21147632598877,835,51.08066439628601,835,51.38932228088379,835,51.71820783615112,835,52.00556564331055,835,55.133925676345825,835,55.445860862731934,835,55.731842279434204,835,56.10589671134949,835,56.38058590888977,835,59.50910019874573,835,59.794548749923706,835,60.100292921066284
44,random_graphs/triangle/r1.5k24n16/graph44.lgbin,2487,57.57283926010132,760,1630,0,1456,3.2132866382598877,1353,12.139938592910767,1214,13.600228786468506,1087,13.932188987731934,978,16.50484347343445,854,16.851279258728027,846,17.201927185058594,846,24.995645999908447,846,25.278071403503418,845,26.00543999671936,803,26.378092288970947,803,26.67784547805786,803,28.8405020236969,791,29.769083261489868,789,30.124404430389404,789,31.233643531799316,773,42.79140114784241,773,43.09463930130005,773,43.39364409446716,770,44.017215728759766,770,50.00558590888977,770,58.699939012527466,769,59.04328107833862,764,59.36809420585632,764,59.63592529296875,760,59.960736989974976,760,60.09674596786499
45,random_graphs/triangle/r1.5k24n16/graph45.lgbin,2487,55.128381967544556,921,1656,0,1583,4.664295196533203,1489,5.970385789871216,1391,6.390494108200073,1349,6.751472234725952,1325,7.077618837356567,1299,7.911820650100708,1253,9.698421478271484,1109,17.45749068260193,1100,23.39387559890747,1100,25.24714994430542,1058,25.573513746261597,1038,25.92225170135498,1011,26.30494999885559,1001,28.87583589553833,995,29.200718641281128,982,36.94745421409607,982,37.29463768005371,982,37.59616231918335,959,37.95128774642944,956,39.20471811294556,954,40.036781787872314,953,40.390872955322266,953,42.1069278717041,953,42.38926935195923,953,44.643397092819214,945,44.98029351234436,944,45.330076694488525,940,45.63765335083008,940,45.95358633995056,940,46.20315742492676,934,46.49858260154724,934,46.7324640750885,928,47.09162402153015,928,47.63728666305542,928,47.94831895828247,926,49.831021308898926,926,50.0689058303833,926,50.386308431625366,926,50.662880420684814,925,50.954551219940186,925,51.29347634315491,925,52.932867765426636,925,53.23864412307739,923,53.59135317802429,923,53.889371156692505,922,54.19708585739136,922,54.485013246536255,922,55.87999677658081,922,56.19005846977234,921,56.468488931655884,921,58.89585876464844,921,59.13565635681152,921,59.42386317253113,921,60.140910387039185
46,random_graphs/triangle/r1.5k24n16/graph46.lgbin,2487,51.37692165374756,906,1804,0,1685,0.5356228351593018,1516,0.9740760326385498,1371,5.944328308105469,1305,6.516715049743652,1239,7.356661796569824,1179,7.744044065475464,1110,8.14311671257019,1004,8.498067855834961,1001,10.54278826713562,1001,12.671430110931396,982,13.012698650360107,979,13.522329092025757,960,13.858179330825806,945,14.209813356399536,945,14.85116696357727,945,15.118686437606812,945,15.40466022491455,941,15.774330615997314,940,16.1099591255188,940,16.43801712989807,920,16.792620420455933,910,17.163403272628784,910,17.48426842689514,910,17.766157865524292,909,18.152534008026123,908,18.42136287689209,908,18.69273591041565,908,18.961294889450073,908,19.28760600090027,908,21.230504989624023,908,21.556161642074585,908,21.82973337173462,908,22.10151481628418,908,22.387964010238647,908,22.711843013763428,908,24.638649940490723,908,24.90946340560913,908,25.223076105117798,908,25.982975959777832,907,26.29844069480896,907,26.597561597824097,907,28.53117322921753,907,28.839195251464844,907,29.165714502334595,907,29.960946321487427,907,30.23353910446167,907,30.516298294067383,907,30.832544326782227,907,32.75581741333008,907,33.04691696166992,907,33.319063663482666,907,34.0895721912384,907,34.374920129776,907,34.68940210342407,907,36.613014698028564,907,37.71657681465149,907,38.04383993148804,907,38.31295204162598,907,38.6017701625824,907,38.9236364364624,907,39.19855237007141,907,39.47889828681946,907,40.240455865859985,907,40.55224680900574,907,40.82079744338989,907,41.132665395736694,907,41.90455913543701,907,43.00830674171448,907,44.933655977249146,907,45.230544328689575,907,45.517568588256836,907,45.7845344543457,907,47.70253109931946,907,47.98790121078491,907,48.259432315826416,907,50.15468907356262,907,50.44681787490845,907,50.71389627456665,907,50.99739646911621,907,51.26496076583862,907,53.193949460983276,907,53.49155139923096,907,53.76263475418091,906,54.148815631866455,906,54.47916340827942,906,54.761892318725586,906,55.0971302986145,906,57.02234983444214,906,57.843650817871094,906,58.17169690132141,906,58.44259595870972,906,60.102662086486816
47,random_graphs/triangle/r1.5k24n16/graph47.lgbin,2487,57.742411851882935,736,1679,0,1517,5.226134300231934,1351,8.573936462402344,1193,9.357818841934204,1079,9.724891662597656,1053,13.096635818481445,1007,13.416521072387695,941,33.6845760345459,852,34.43494915962219,848,37.34264349937439,808,37.6630802154541,808,40.54866600036621,808,41.307788372039795,796,48.19965386390686,748,50.88996911048889,745,51.365299463272095,745,51.6022584438324,745,56.111809492111206,745,56.4355194568634,745,57.33910298347473,744,57.68694829940796,740,58.16663718223572,740,58.4933066368103,736,58.82612466812134,736,59.59902358055115,736,59.87950778007507,736,60.0917432308197
48,random_graphs/triangle/r1.5k24n16/graph48.lgbin,2487,55.81853437423706,712,1752,0,1649,0.5175037384033203,1539,0.8694443702697754,1353,1.2895574569702148,1223,27.62876033782959,1035,29.62938141822815,941,30.38960599899292,856,34.334386110305786,840,35.43339991569519,823,37.153807163238525,817,37.52722525596619,809,37.87901496887207,765,38.375983238220215,765,40.88383674621582,757,41.29093861579895,746,41.82356858253479,735,42.27270722389221,728,42.6664342880249,726,43.11721086502075,725,43.450079679489136,720,43.74252414703369,720,44.09206247329712,720,45.658679723739624,714,46.17217183113098,713,46.68312358856201,712,47.06280827522278,712,47.35281825065613,712,47.68488883972168,712,47.98349046707153,712,50.52421689033508,712,50.81180453300476,712,51.16122555732727,712,51.493783950805664,712,52.302682876586914,712,54.67296767234802,712,57.16224455833435,712,57.49763464927673,712,57.87163591384888,712,58.68301320075989,712,58.965224504470825,712,59.37429356575012,712,59.684805393218994,712,60.11279630661011
49,random_graphs/triangle/r1.5k24n16/graph49.lgbin,2487,49.39858412742615,771,1598,0,1450,0.3714125156402588,1276,1.60453200340271,1231,1.9904932975769043,1103,3.3173444271087646,994,4.028443813323975,897,4.964514970779419,836,5.79546046257019,836,6.363008737564087,826,6.6806535720825195,815,7.069546461105347,815,7.867681980133057,809,8.922771453857422,801,9.303774118423462,791,10.721328973770142,791,11.830467224121094,789,12.774782419204712,789,13.091439723968506,789,13.966752529144287,786,14.280806541442871,782,14.646910905838013,782,15.375761032104492,782,15.634803533554077,782,15.939860582351685,781,16.284412145614624,778,16.676755905151367,776,17.398549556732178,776,17.685662269592285,776,18.19873070716858,776,18.759851217269897,776,19.01994776725769,776,19.32063579559326,776,19.66429114341736,776,20.020376920700073,776,20.751769542694092,776,21.309441328048706,776,21.84781312942505,776,22.40780782699585,776,22.669538021087646,776,23.314027309417725,776,23.596313953399658,776,24.155599355697632,774,24.480801343917847,774,24.76213526725769,774,25.12487244606018,774,25.84619975090027,774,26.4005606174469,774,27.2261004447937,774,27.540831327438354,774,28.285276412963867,774,28.55221676826477,774,29.120167016983032,774,29.63680076599121,774,29.895288467407227,774,30.194538593292236,774,30.757286310195923,774,31.479747772216797,774,31.738729238510132,774,31.99635338783264,774,32.29478693008423,774,32.85364484786987,774,33.11631107330322,774,33.84708213806152,774,34.1295485496521,774,34.427533864974976,774,34.68812942504883,774,35.42306590080261,774,36.001691818237305,774,36.29693341255188,774,37.017369508743286,774,37.73704290390015,774,37.99290347099304,774,38.560394048690796,774,38.82989048957825,774,39.14614772796631,774,40.017645835876465,774,40.68581557273865,774,41.24613428115845,774,41.96899700164795,773,42.311861991882324,772,42.67714524269104,772,43.51539707183838,772,43.77915716171265,772,44.09052848815918,772,44.655821800231934,772,45.44996380805969,772,45.76330256462097,771,46.1921226978302,771,46.484530448913574,771,47.06458115577698,771,47.32745575904846,771,48.13467526435852,771,48.85455775260925,771,49.169317960739136,771,49.73188805580139,771,50.51942539215088,771,51.21692776679993,771,51.51730513572693,771,51.78316521644592,771,52.07685208320618,771,52.872830629348755,771,53.20799708366394,771,53.47311043739319,771,54.03849697113037,771,54.35452604293823,771,55.15402674674988,771,55.836731910705566,771,56.15029501914978,771,56.953649044036865,771,57.7952835559845,771,58.05786967277527,771,58.37286019325256,771,58.636144161224365,771,59.45018172264099,771,59.78172492980957,771,60.1100800037384
0,random_graphs/triangle/r1.5k24n16/graph0.lgbin,2487,58.230818033218384,952,1739,0,1648,18.779823064804077,1521,22.809780597686768,1355,23.283381700515747,1300,23.69819927215576,1224,24.079412937164307,1136,27.177887201309204,1108,47.65309286117554,1065,48.02769947052002,998,48.41717982292175,998,48.71937704086304,998,50.44691300392151,995,53.07020092010498,995,53.400129079818726,990,54.14510178565979,953,54.704100370407104,952,55.059202671051025,952,55.36522078514099,952,56.66861605644226,952,60.10841488838196
1,random_graphs/triangle/r1.5k24n16/graph1.lgbin,2487,53.83390545845032,771,1622,0,1464,0.40985965728759766,1369,1.3106088638305664,1278,1.679506778717041,1147,3.001380681991577,1017,3.344945192337036,971,3.666208028793335,923,14.959216833114624,907,15.294095277786255,894,15.833323240280151,890,16.449970483779907,890,17.433866500854492,880,17.78847360610962,879,19.12108039855957,879,19.429097890853882,875,19.991488456726074,845,20.323596239089966,845,20.61479425430298,845,21.885297775268555,845,23.09984040260315,845,23.38766837120056,837,23.752475023269653,837,24.058227062225342,837,24.34545063972473,835,26.783246517181396,835,29.763193130493164,835,30.803032398223877,830,31.153309106826782,827,31.83818006515503,827,33.14903950691223,827,33.448397636413574,823,33.80094647407532,823,34.09435200691223,821,34.743295669555664,821,35.14723873138428,821,36.20328402519226,821,41.79229736328125,821,42.63971662521362,821,43.85266828536987,821,44.139323711395264,821,44.54304385185242,814,44.84643054008484,814,45.10405778884888,814,45.4968101978302,791,45.83000707626343,791,46.14039707183838,789,46.45552396774292,789,46.70344853401184,789,47.75772309303284,789,48.92328333854675,789,49.305689096450806,779,49.60307550430298,779,49.88177490234375,778,50.200303077697754,778,50.49777913093567,778,51.55436682701111,776,51.91822838783264,775,52.20919227600098,775,53.17826271057129,773,53.53338146209717,773,53.836158990859985,772,54.326030254364014,772,54.70315432548523,772,55.754981994628906,772,59.4230170249939,772,59.664687395095825,771,60.10208821296692
2,random_graphs/triangle/r1.5k24n16/graph2.lgbin,2487,56.65814256668091,845,1672,0,1541,0.5144214630126953,1422,3.088944435119629,1355,3.8688766956329346,1168,6.637097358703613,1137,8.31400179862976,1097,8.659568071365356,1022,11.636287450790405,929,14.360381126403809,929,17.188640356063843,920,19.625848531723022,914,19.9266037940979,911,28.247713804244995,897,28.645616054534912,889,30.94907522201538,882,32.00482487678528,878,33.42986226081848,878,33.77105927467346,878,34.04105877876282,878,41.554213762283325,878,43.38161540031433,878,44.583412408828735,864,44.95512008666992,846,45.32319617271423,846,45.628727436065674,846,46.9831018447876,846,47.33025026321411,846,47.609559297561646,845,48.487154722213745,845,49.20284175872803,845,50.296274185180664,845,50.6184823513031,845,52.04310631752014,845,52.34502196311951,845,52.63537955284119,845,52.938719034194946,845,54.64028215408325,845,60.1263473033905
3,random_graphs/triangle/r1.5k24n16/graph3.lgbin,2487,53.20168352127075,783,1682,0,1569,4.77229905128479,1436,5.238563299179077,1360,5.914700031280518,1290,7.8203980922698975,1136,8.157111167907715,1103,11.095118284225464,1053,11.606715202331543,916,12.451084613800049,916,15.370536088943481,916,15.722148895263672,895,16.07638192176819,862,16.518004417419434,862,17.221030950546265,856,17.54029393196106,854,18.04171085357666,849,19.068227767944336,848,19.590429544448853,848,19.921496629714966,847,20.2754967212677,824,21.138938665390015,814,21.507375955581665,814,21.80456280708313,810,22.150166273117065,802,22.542333602905273,802,22.859532594680786,802,23.17389440536499,802,23.669344186782837,801,24.052390336990356,801,24.347083568572998,800,27.259697198867798,800,27.804961442947388,800,30.697350025177002,800,31.04105496406555,800,31.552322149276733,800,31.84933638572693,798,32.216535329818726,795,32.58186078071594,795,35.509870767593384,795,35.88595700263977,793,36.24441146850586,793,36.75027847290039,793,37.05676507949829,793,37.38167595863342,793,40.3043999671936,793,40.61328053474426,793,40.906769037246704,793,41.40612053871155,792,41.817047357559204,792,42.20369243621826,792,43.17458367347717,792,43.68086123466492,792,43.990036725997925,792,44.5121111869812,792,44.87995266914368,792,45.19532918930054,792,48.089491844177246,792,48.600011587142944,792,48.868520736694336,792,49.24830746650696,792,49.54823899269104,792,52.47709560394287,792,52.74219584465027,792,53.0386176109314,788,53.3186674118042,784,53.850300550460815,784,54.361507415771484,784,54.6898250579834,783,55.08027410507202,783,56.13093376159668,783,59.023910999298096,783,59.286386013031006,783,59.59545373916626,783,59.908873558044434,783,60.09691262245178
4,random_graphs/triangle/r1.5k24n16/graph4.lgbin,2487,58.6534788608551,873,1770,0,1714,0.7200591564178467,1607,17.55455780029297,1348,17.93623948097229,1334,48.41589307785034,1273,48.767566204071045,1208,49.21432662010193,1077,49.58606243133545,958,49.899837017059326,958,50.169593334198,958,50.55013680458069,942,50.900192975997925,898,51.332704067230225,898,51.67508029937744,877,52.019585371017456,873,60.1045298576355
5,random_graphs/triangle/r1.5k24n16/graph5.lgbin,2487,59.158562898635864,856,1626,0,1537,0.465106725692749,1435,43.97987961769104,1258,48.330756187438965,1155,48.70795774459839,1118,49.06726098060608,1036,50.964009046554565,904,51.563050270080566,861,56.207661390304565,856,56.55880260467529,856,60.10453534126282
6,random_graphs/triangle/r1.5k24n16/graph6.lgbin,2487,60.10700702667236,1461,1676,0,1552,0.3473224639892578,1461,60.30326294898987
7,random_graphs/triangle/r1.5k24n16/graph7.lgbin,2487,51.41462206840515,795,1628,0,1520,0.404496431350708,1292,1.509676456451416,1204,3.477358818054199,1111,4.124501705169678,1089,11.762585401535034,1016,12.596707582473755,961,13.528089046478271,947,14.035673141479492,935,14.831260681152344,935,15.202033519744873,918,16.77156639099121,916,17.553752422332764,914,18.879230976104736,895,19.760618925094604,890,20.14266872406006,887,20.48469877243042,883,21.244961261749268,879,21.609832763671875,879,21.903644800186157,879,22.530584573745728,879,23.547142267227173,879,23.83661150932312,871,24.2050199508667,871,24.526256322860718,871,25.374991416931152,871,26.68911910057068,862,27.39809274673462,862,27.71181344985962,862,28.00165295600891,862,28.468624591827393,845,29.20696711540222,836,29.54600191116333,832,29.92113423347473,832,30.213226318359375,832,30.472676515579224,832,31.31593132019043,832,32.82262563705444,829,33.52140974998474,829,33.81375026702881,827,34.175158739089966,827,34.479440450668335,827,35.33780264854431,821,35.684661626815796,821,36.3637592792511,820,36.71900510787964,820,37.01470708847046,819,37.30909991264343,812,37.76147818565369,812,38.05633330345154,812,38.902153968811035,812,39.78160285949707,812,41.012057304382324,812,41.735793590545654,812,42.026455879211426,812,42.42553472518921,812,43.26516890525818,808,43.99855828285217,808,44.291401386260986,808,44.99200510978699,800,45.33559584617615,800,45.69320893287659,800,45.946228981018066,800,46.785024881362915,800,47.06695222854614,799,47.88322186470032,799,49.14274764060974,799,49.43134307861328,798,49.766719579696655,798,50.50326180458069,797,50.98759078979492,797,51.277103424072266,797,51.627551555633545,797,51.92670154571533,797,52.617985010147095,797,53.353158950805664,797,53.64364814758301,797,53.98557925224304,796,54.36656379699707,796,54.618847370147705,796,55.36280655860901,796,55.66691207885742,796,55.969143867492676,796,57.62309193611145,795,58.02401900291443,795,58.31285119056702,795,58.606234550476074,795,59.343294620513916,795,59.6394898891449,795,59.93132257461548,795,60.09953212738037
8,random_graphs/triangle/r1.5k24n16/graph8.lgbin,2487,51.69473958015442,922,1761,0,1649,5.053884267807007,1556,5.41634726524353,1479,7.366963624954224,1385,7.925791501998901,1264,8.297148704528809,1168,9.930629014968872,1114,10.819939374923706,1099,11.516997337341309,1070,11.873985052108765,1061,12.198363780975342,1053,13.210798025131226,1029,16.04404640197754,1014,16.455661058425903,1014,17.318673372268677,973,17.728670358657837,973,18.518478393554688,973,19.885711193084717,973,21.169142723083496,973,21.500845432281494,969,21.84518599510193,969,22.1285183429718,962,22.489733695983887,962,22.790143489837646,962,23.08367919921875,962,23.412440538406372,962,23.74985671043396,962,24.843849658966064,954,25.175128936767578,949,25.47424554824829,949,25.749894618988037,949,26.0396671295166,949,27.314571619033813,949,27.659932613372803,949,27.992549896240234,949,29.47426700592041,949,29.751421451568604,949,30.04533886909485,938,30.611495971679688,937,31.021891593933105,937,31.31690216064453,930,32.120850563049316,930,33.43797063827515,930,33.77405405044556,925,34.782896280288696,925,35.08079648017883,925,35.35711097717285,924,35.76679229736328,922,36.70746612548828,922,37.03715968132019,922,38.291478633880615,922,39.55700492858887,922,39.860312938690186,922,41.13915395736694,922,41.40959715843201,922,41.74812984466553,922,42.0704460144043,922,42.36068391799927,922,42.67860698699951,922,43.00633764266968,922,43.28405046463013,922,43.58388900756836,922,43.871703147888184,922,45.14678502082825,922,45.469725608825684,922,46.84942889213562,922,47.131136417388916,922,47.400737285614014,922,47.733980894088745,922,49.01069092750549,922,50.38710927963257,922,50.667189598083496,922,51.01214385032654,922,51.30719256401062,922,52.148173809051514,922,53.43068075180054,922,53.711875677108765,922,55.20841383934021,922,55.509605169296265,922,55.8733115196228,922,57.15855360031128,922,57.50617957115173,922,57.78259992599487,922,59.273207902908325,922,59.57380723953247,922,59.84083938598633,922,60.100473403930664
9,random_graphs/triangle/r1.5k24n16/graph9.lgbin,2487,57.69754981994629,876,1698,0,1507,19.051863193511963,1380,22.476049423217773,1271,24.249553680419922,1220,25.954043865203857,1156,34.0888237953186,1113,40.29269790649414,1044,42.37025809288025,1044,44.379191160202026,981,44.75013208389282,942,46.163708209991455,925,48.167057037353516,922,49.72088932991028,906,50.35578536987305,894,50.68746900558472,894,52.76070785522461,894,53.02737379074097,894,53.338316679000854,894,54.578529596328735,885,54.97769594192505,883,55.80015850067139,883,56.12454390525818,879,57.08273983001709,879,58.004091024398804,876,59.25148606300354,876,59.662609338760376,876,59.93145227432251,876,60.090309381484985
10,random_graphs/triangle/r1.5k24n16/graph10.lgbin,2487,57.07457637786865,944,1955,0,1807,3.004650831222534,1722,5.682909250259399,1594,6.710080862045288,1465,7.202489852905273,1372,7.567905902862549,1349,19.33815908432007,1243,20.56679677963257,1195,20.97350549697876,1195,30.665605783462524,1168,32.93649625778198,1109,34.13089442253113,1051,34.52022051811218,1040,35.40761971473694,1040,35.756704568862915,1030,42.381826400756836,1030,42.75608015060425,994,43.10006332397461,994,43.37264609336853,994,43.655317306518555,959,43.9847047328949,950,45.1028790473938,947,45.45429992675781,947,45.76885390281677,947,46.121288537979126,947,47.15080761909485,947,47.41426753997803,945,50.28724026679993,945,57.20437932014465,945,57.55798411369324,945,57.8711040019989,944,59.75350069999695,944,60.10813856124878
11,random_graphs/triangle/r1.5k24n16/graph11.lgbin,2487,60.13100218772888,1415,1667,0,1543,1.5624258518218994,1415,60.32732677459717
12,random_graphs/triangle/r1.5k24n16/graph12.lgbin,2487,53.242987632751465,782,1650,0,1540,4.508140563964844,1397,6.326683521270752,1223,9.346391677856445,1119,9.789962768554688,1077,11.895000219345093,947,12.247748851776123,898,12.67590069770813,889,14.110292196273804,888,15.441742897033691,888,15.779853582382202,876,16.52399468421936,861,17.56712031364441,860,18.22233247756958,859,19.036837816238403,838,19.618135690689087,837,20.293524026870728,837,20.82065176963806,837,21.190239191055298,836,23.099778175354004,836,26.679651498794556,834,27.49446129798889,834,28.75742745399475,833,29.528379440307617,833,29.88603138923645,827,30.29317808151245,827,30.812435388565063,827,31.117788314819336,827,32.68317985534668,827,34.09603810310364,824,34.46483135223389,824,34.76502013206482,824,35.849157094955444,824,36.22941970825195,821,37.08497381210327,821,38.49336242675781,801,38.85158348083496,801,39.14987587928772,801,39.51966595649719,795,40.20581865310669,788,40.89443778991699,786,41.648276805877686,786,41.9974582195282,785,42.35881996154785,785,42.63232946395874,785,43.382731199264526,785,43.695996046066284,785,44.366931438446045,783,44.76084494590759,783,45.04432940483093,783,46.41619038581848,783,47.138570070266724,783,47.457454681396484,782,47.818137645721436,782,48.21211051940918,782,49.60124444961548,782,49.99122500419617,782,50.34318995475769,782,50.72273278236389,782,52.091492652893066,782,53.15771770477295,782,53.55035853385925,782,53.9024703502655,782,54.177950382232666,782,54.84702754020691,782,56.24321937561035,782,56.60480999946594,782,57.66978406906128,782,58.391520500183105,782,58.81427812576294,782,59.096033334732056,782,60.10076308250427
13,random_graphs/triangle/r1.5k24n16/graph13.lgbin,2487,58.85305428504944,775,1501,0,1429,7.115301609039307,1258,10.991929769515991,1153,11.445500373840332,1042,12.071467876434326,925,12.81331992149353,896,13.55930757522583,851,41.88631629943848,799,46.76839590072632,799,47.730154514312744,795,48.60549521446228,795,49.316951274871826,775,49.7441246509552,775,60.12844228744507
14,random_graphs/triangle/r1.5k24n16/graph14.lgbin,2487,56.01447415351868,795,1566,0,1491,5.529834032058716,1366,8.18558382987976,1216,8.608795404434204,1153,8.984456539154053,1067,9.379556655883789,901,9.705451011657715,857,16.60632872581482,850,16.96765923500061,821,17.339534282684326,821,21.02549648284912,821,23.561447620391846,819,26.145252466201782,817,26.542268753051758,815,26.854936599731445,815,27.233612298965454,815,30.179587841033936,813,30.577681303024292,813,30.86368465423584,813,31.175568342208862,803,31.48930263519287,799,31.75809359550476,798,32.08486866950989,798,34.38866448402405,797,34.907310962677,797,35.18089175224304,797,35.56396555900574,797,35.88407063484192,797,38.41793489456177,797,40.73001265525818,797,40.990437030792236,797,41.267316818237305,797,41.528510332107544,797,41.83417224884033,797,47.393985748291016,797,49.736796140670776,797,50.10824775695801,795,52.99981451034546,795,53.29277992248535,795,53.55513024330139,795,53.86710262298584,795,58.757720708847046,795,59.02402687072754,795,59.296643018722534,795,59.67615103721619,795,60.10869216918945
15,random_graphs/triangle/r1.5k24n16/graph15.lgbin,2487,58.66699504852295,908,1960,0,1774,4.572405576705933,1663,38.27692747116089,1566,45.561737298965454,1469,45.89420771598816,1347,47.55171227455139,1228,47.927863121032715,1167,49.86770939826965,1014,50.778435707092285,1013,53.377142906188965,1003,56.00541710853577,1003,56.300193786621094,996,57.12731695175171,986,58.0089156627655,918,58.30529046058655,908,60.11486339569092
16,random_graphs/triangle/r1.5k24n16/graph16.lgbin,2487,56.230265378952026,798,1889,0,1739,1.8493742942810059,1680,2.493008852005005,1494,5.020565986633301,1313,11.065910577774048,1282,12.13733458518982,1262,12.697619199752808,1182,18.231992721557617,1114,19.91033697128296,1005,20.754840850830078,935,27.297693014144897,916,28.258676528930664,909,33.54354953765869,909,34.112420082092285,909,34.409260749816895,870,34.82181119918823,862,35.19733548164368,861,42.442431926727295,856,43.175265312194824,828,43.550859689712524,828,43.9943962097168,828,44.28890609741211,824,46.71513271331787,823,48.05660605430603,820,48.68597722053528,820,49.23342967033386,813,50.82168388366699,807,51.198445320129395,801,51.56106472015381,801,51.855220794677734,801,52.60238242149353,801,53.16066765785217,801,53.85613012313843,801,54.186097145080566,801,55.24923515319824,798,56.335384368896484,798,56.859129190444946,798,58.22382855415344,798,58.768208265304565,798,59.78975510597229,798,60.10008001327515
17,random_graphs/triangle/r1.5k24n16/graph17.lgbin,2487,58.78570032119751,954,1711,0,1608,14.732795000076294,1491,17.10458207130432,1350,19.531569480895996,1289,20.134648084640503,1247,20.46231698989868,1161,20.88565230369568,1105,27.565372467041016,989,28.35901117324829,979,46.72648739814758,977,47.08757257461548,968,47.426613569259644,963,48.022175788879395,954,48.632585763931274,954,60.10463833808899
18,random_graphs/triangle/r1.5k24n16/graph18.lgbin,2487,56.113646268844604,692,1595,0,1440,0.6545393466949463,1290,8.219513177871704,1272,9.883849143981934,1137,34.2789888381958,1030,34.72794771194458,935,35.56997871398926,858,36.251617431640625,823,36.88582468032837,777,37.88152861595154,743,38.26297116279602,743,38.66578435897827,742,38.97085165977478,742,40.072948932647705,726,40.50370216369629,718,40.87583827972412,718,41.14572358131409,718,41.50007510185242,718,41.79683780670166,711,44.01080012321472,710,44.39336919784546,709,44.920368909835815,709,45.37366342544556,709,46.47976040840149,700,46.867361307144165,700,47.18475270271301,700,47.45872950553894,696,48.204476833343506,695,48.58772826194763,695,48.89984393119812,695,49.19565200805664,695,53.00022292137146,695,54.10885453224182,695,54.42234921455383,695,54.701488733291626,695,57.350027084350586,695,57.62002635002136,694,58.03692889213562,693,58.40643858909607,692,58.82841634750366,692,59.789753437042236,692,60.102566719055176
19,random_graphs/triangle/r1.5k24n16/graph19.lgbin,2487,52.259196758270264,849,1686,0,1576,0.373565673828125,1434,2.480658531188965,1380,3.714136838912964,1336,4.271419525146484,1220,4.8403496742248535,1072,10.773241519927979,1045,13.433734893798828,994,13.804280281066895,989,14.274581909179688,971,15.3418288230896,953,16.52600860595703,953,18.157169580459595,951,18.529781341552734,938,18.911394596099854,938,20.55382537841797,932,21.175410270690918,928,22.055412769317627,928,22.36775779724121,928,22.682164192199707,926,24.4004385471344,916,24.78725266456604,916,26.414897441864014,916,26.961572647094727,916,27.267842531204224,916,28.743196725845337,916,29.71414566040039,909,30.16026258468628,909,30.547590970993042,906,30.915735244750977,906,31.224666357040405,893,31.662555932998657,893,32.00072646141052,893,33.46621775627136,893,33.77302551269531,893,35.38762950897217,888,35.86235737800598,888,36.176549673080444,888,36.58034062385559,888,36.84277868270874,888,38.31038975715637,886,38.6795768737793,885,39.18524479866028,882,39.535579442977905,882,40.058398723602295,875,40.4267258644104,875,40.687055826187134,875,42.14458775520325,873,42.493284702301025,867,42.846662759780884,866,43.331090450286865,866,43.599273443222046,857,43.95907139778137,857,44.25172281265259,857,44.51747179031372,853,44.87738513946533,853,45.61857795715332,853,45.90710473060608,851,46.26054859161377,851,46.56271767616272,849,46.850536823272705,849,48.24873328208923,849,48.51483416557312,849,49.96684384346008,849,50.25821590423584,849,50.56321382522583,849,51.13437080383301,849,51.53828310966492,849,52.98385405540466,849,53.27079749107361,849,53.571486711502075,849,55.018136978149414,849,55.312334299087524,849,55.61498403549194,849,55.87130331993103,849,56.40750813484192,849,56.97291803359985,849,58.39462757110596,849,58.68392491340637,849,59.092105865478516,849,59.350127935409546,849,60.15945386886597
20,random_graphs/triangle/r1.5k24n16/graph20.lgbin,2487,51.42464995384216,999,1946,0,1743,0.3503077030181885,1601,3.774134874343872,1444,4.263869762420654,1361,5.3969786167144775,1321,5.763414621353149,1181,6.073730707168579,1180,7.0344672203063965,1103,8.126345872879028,1083,8.487281322479248,1065,8.806435585021973,1037,9.450358152389526,1033,11.541293621063232,1027,11.907644748687744,1027,13.103829622268677,1027,13.537784576416016,1027,13.816368341445923,1026,14.170269966125488,1026,14.450294494628906,1024,14.764272212982178,1016,15.426214694976807,1016,15.704730749130249,1016,16.916075468063354,1016,17.22209358215332,1016,17.468299865722656,1016,20.203619241714478,1009,20.578747987747192,1009,20.84978699684143,1009,21.097790718078613,1003,21.423746585845947,1003,21.69934606552124,1003,23.48372769355774,1001,23.84780740737915,1001,24.14326238632202,1001,24.4109787940979,1001,25.605791091918945,1001,25.908776998519897,1001,28.339686155319214,1001,28.67311930656433,1001,28.93453812599182,1001,29.204501628875732,1001,30.41615390777588,1001,32.84516668319702,1001,33.152390003204346,1001,33.49150586128235,1001,33.75833773612976,1001,34.9634644985199,1001,37.4046413898468,1001,37.68374061584473,1001,37.93035173416138,1001,38.23978304862976,1001,38.51060509681702,1001,39.707337379455566,1001,40.137810468673706,1001,40.41298055648804,1000,41.07734966278076,1000,41.37287402153015,999,41.868759632110596,999,42.12135171890259,999,43.48037624359131,999,44.719590187072754,999,44.97028040885925,999,45.2666072845459,999,46.63661026954651,999,46.92917585372925,999,48.17090940475464,999,48.43688988685608,999,49.073379039764404,999,49.379467487335205,999,50.765958309173584,999,51.04563856124878,999,51.312443017959595,999,51.608996629714966,999,51.854366302490234,999,52.13164782524109,999,52.428236961364746,999,52.69401741027832,999,52.94563055038452,999,53.252535343170166,999,53.515992879867554,999,53.81586933135986,999,54.081947326660156,999,54.38084840774536,999,54.68224477767944,999,56.073363304138184,999,56.34167456626892,999,56.63989615440369,999,56.94505310058594,999,57.196354389190674,999,57.4906952381134,999,58.8631591796875,999,59.13018298149109,999,60.11004948616028
21,random_graphs/triangle/r1.5k24n16/graph21.lgbin,2487,50.646504640579224,851,1758,0,1635,1.759103536605835,1470,2.387450933456421,1321,3.6536014080047607,1214,4.058413743972778,1130,6.409534215927124,1053,7.107151746749878,995,7.501734018325806,987,9.10727071762085,964,9.59253740310669,957,10.003369092941284,957,11.217907905578613,942,11.61405062675476,933,11.973069667816162,910,12.696712255477905,905,13.031854629516602,905,13.342138051986694,904,14.25130844116211,900,14.601818799972534,900,15.483221769332886,887,16.17906951904297,883,16.74704933166504,883,17.108280658721924,883,18.835029363632202,877,19.33748459815979,877,20.914019346237183,877,21.629639863967896,877,21.999043464660645,877,22.290000438690186,875,22.606932878494263,875,24.15806269645691,871,24.635113954544067,867,25.09065341949463,866,25.86788821220398,866,26.163243532180786,866,26.471730709075928,858,26.8903706073761,855,27.30196189880371,855,27.592624187469482,855,27.88165593147278,855,28.189935207366943,855,29.760769605636597,854,30.195153951644897,854,30.55860447883606,854,30.848215103149414,854,31.15715456008911,854,31.445286989212036,854,33.023386001586914,854,33.38811922073364,854,33.67956209182739,854,33.984437704086304,854,34.343374490737915,854,35.913289070129395,854,36.61658835411072,854,36.906773805618286,854,37.20006084442139,854,37.555195569992065,854,39.119609117507935,854,39.48558712005615,854,39.77748703956604,854,40.16475820541382,854,40.48983359336853,854,40.8494131565094,854,42.40270686149597,854,42.70287370681763,854,42.99174904823303,854,43.35456585884094,854,43.71005821228027,854,44.07183480262756,854,45.63963985443115,854,45.92742609977722,854,46.62375545501709,854,46.925447940826416,854,47.283639430999756,854,48.84686064720154,854,49.21548342704773,854,49.50682830810547,854,49.88098335266113,854,50.254542112350464,853,50.57618308067322,853,51.983683586120605,853,52.27411413192749,853,52.68846845626831,853,53.018412351608276,853,53.323320388793945,853,53.61196708679199,853,53.985257387161255,853,55.38628816604614,853,55.66201043128967,853,56.01938557624817,851,56.40172553062439,851,56.71714115142822,851,58.11639904975891,851,58.483824253082275,851,58.8056366443634,851,59.12016749382019,851,60.111095666885376
22,random_graphs/triangle/r1.5k24n16/graph22.lgbin,2487,53.7607798576355,830,1720,0,1595,5.393944978713989,1416,5.816117286682129,1295,8.65617036819458,1165,9.014108896255493,1028,10.23779010772705,987,10.922105073928833,987,13.382775068283081,968,13.791192054748535,968,14.463555097579956,968,15.749594449996948,912,16.094382524490356,903,18.32585334777832,890,18.68104887008667,890,20.406464099884033,875,20.764878273010254,875,21.096496105194092,872,22.41863703727722,872,22.71325373649597,872,23.921539068222046,872,24.288090229034424,872,24.71729302406311,872,26.45162558555603,872,26.741563081741333,867,27.014623641967773,867,27.322792530059814,867,28.524037837982178,867,28.842502117156982,867,30.88210940361023,863,31.237582206726074,863,31.54645299911499,863,31.88595962524414,863,32.15509629249573,861,33.50829577445984,860,34.01354789733887,860,34.38186168670654,860,36.91357445716858,857,37.282835721969604,857,39.30624866485596,856,39.642189025878906,854,40.00743889808655,854,40.271923303604126,841,40.619004249572754,841,41.70025444030762,837,42.1829617023468,837,42.524810791015625,837,44.52871561050415,836,44.85474610328674,834,45.19721221923828,834,45.52531623840332,834,45.80122470855713,834,46.91582155227661,832,47.25088906288147,831,47.56914830207825,831,47.85721731185913,831,49.87378668785095,831,51.25886654853821,830,51.618037700653076,830,51.887346506118774,830,52.16715979576111,830,52.43641638755798,830,54.45524454116821,830,55.83017086982727,830,56.70469784736633,830,57.02933669090271,830,57.30465340614319,830,57.584760427474976,830,59.62340307235718,830,60.09953165054321
23,random_graphs/triangle/r1.5k24n16/graph23.lgbin,2487,54.54766273498535,826,1759,0,1642,2.8789751529693604,1509,3.5770323276519775,1444,3.906031370162964,1377,5.4046361446380615,1259,7.3686277866363525,1167,7.728463888168335,1004,10.279436588287354,945,10.702776670455933,916,11.864974021911621,902,31.715035438537598,867,32.12139678001404,867,33.17921829223633,853,33.57844042778015,851,33.98460531234741,848,34.39737677574158,846,34.78484892845154,846,35.10775971412659,846,35.46337580680847,846,35.79783296585083,845,37.07174229621887,844,38.13849425315857,832,38.4586455821991,832,38.71310019493103,832,39.7708477973938,832,40.571547746658325,832,41.60585355758667,832,41.94063401222229,826,42.33523511886597,826,42.62914490699768,826,42.97704362869263,826,43.233577489852905,826,44.2502875328064,826,45.57855844497681,826,45.90146017074585,826,46.158666372299194,826,46.432294845581055,826,46.76152801513672,826,47.106865644454956,826,48.159602642059326,826,48.47013735771179,826,48.72651934623718,826,49.074313163757324,826,49.40565538406372,826,50.442062854766846,826,51.7534613609314,826,52.065396308898926,826,52.320685386657715,826,52.66811013221741,826,53.71792650222778,826,54.038175106048584,826,55.37566566467285,826,55.63017725944519,826,55.97540211677551,826,56.30786609649658,826,57.36244606971741,826,58.355058431625366,826,58.62957000732422,826,59.725510358810425,826,60.11072301864624
24,random_graphs/triangle/r1.5k24n16/graph24.lgbin,2487,51.42351961135864,824,1773,0,1631,5.481175184249878,1527,5.900789737701416,1339,7.037584066390991,1261,9.47008728981018,1170,9.830013275146484,1114,10.192703247070312,1030,10.628061532974243,939,11.020617485046387,918,13.011284589767456,912,13.34273910522461,912,13.729278564453125,911,14.055535078048706,911,15.592811107635498,907,15.962876558303833,907,16.294989109039307,885,16.668978214263916,874,17.034821271896362,872,17.366702556610107,872,17.646803855895996,872,17.961770057678223,865,18.2604877948761,865,18.528205394744873,865,18.795183897018433,861,19.15627956390381,861,20.6898934841156,859,21.0680513381958,859,21.368855953216553,859,21.702958345413208,850,22.062246084213257,850,22.34039616584778,850,22.591375827789307,850,24.11986470222473,844,24.495418310165405,844,24.805833339691162,844,25.117028951644897,839,25.4915292263031,839,25.77823805809021,839,27.32281184196472,839,27.6119966506958,836,27.99890375137329,836,28.310944318771362,836,29.856661319732666,836,30.179515838623047,834,31.358563899993896,830,33.40750432014465,830,33.67702794075012,830,33.97931504249573,830,35.53780269622803,830,35.833544969558716,829,36.17273497581482,829,36.492056369781494,828,37.178284883499146,828,38.37513065338135,828,38.663630962371826,828,39.03012442588806,828,40.25320553779602,828,41.79866027832031,828,42.093318462371826,828,42.38205933570862,828,42.74562215805054,828,43.02862763404846,828,44.56843638420105,828,44.85912609100342,828,45.12066864967346,828,45.37717318534851,828,46.90632462501526,828,47.27338147163391,828,47.55694222450256,828,47.84778070449829,828,48.24252486228943,828,48.93091416358948,828,49.202375650405884,828,50.420987367630005,828,50.780757665634155,828,51.08236575126648,828,51.37425923347473,828,51.64794158935547,828,52.01254320144653,828,52.320921421051025,828,52.61352896690369,828,53.81175875663757,828,55.55427670478821,828,57.09147238731384,826,57.432034492492676,824,57.783616065979004,824,58.178133964538574,824,58.44308090209961,824,58.71962356567383,824,59.0139365196228,824,59.70048975944519,824,59.96892690658569,824,60.103395223617554
25,random_graphs/triangle/r1.5k24n16/graph25.lgbin,2487,56.69222450256348,918,1924,0,1770,0.42119693756103516,1620,22.153385639190674,1548,25.747119665145874,1452,26.36212706565857,1361,26.94679355621338,1243,28.502856969833374,1158,28.89681386947632,1131,35.44400382041931,1052,37.59053373336792,1052,39.09727883338928,1044,39.404573917388916,1005,40.26247978210449,990,40.61082220077515,990,44.72295117378235,968,45.17377996444702,950,45.48805093765259,950,45.75389504432678,937,46.09178304672241,937,47.13812184333801,933,47.45919156074524,931,47.85664653778076,931,48.21277976036072,922,48.62602353096008,922,48.91722774505615,921,49.20195555686951,921,53.302311420440674,920,53.69186735153198,919,54.108670711517334,919,55.16309380531311,919,55.53701615333557,919,55.88581323623657,919,56.14764952659607,918,56.471434593200684,918,56.74618172645569,918,57.01244568824768,918,60.110191345214844
26,random_graphs/triangle/r1.5k24n16/graph26.lgbin,2487,57.78106880187988,918,1896,0,1748,8.789286613464355,1611,9.604860544204712,1437,11.065645694732666,1373,24.13435411453247,1246,24.941669940948486,1171,25.34905481338501,1093,33.501099586486816,1041,34.379804611206055,1022,35.435399293899536,1002,35.856595039367676,998,36.22803354263306,941,36.581368923187256,940,43.64233946800232,940,47.86660647392273,940,48.18847298622131,940,54.95795130729675,940,55.255759716033936,929,55.66482138633728,928,56.190611839294434,923,56.75410842895508,918,57.82994532585144,918,58.42170596122742,918,58.76277494430542,918,60.106000900268555
27,random_graphs/triangle/r1.5k24n16/graph27.lgbin,2487,58.339672803878784,824,1554,0,1453,0.3963353633880615,1281,4.9486963748931885,1184,5.30449914932251,1071,29.17294716835022,972,30.037720203399658,903,31.210527181625366,876,31.53863286972046,858,31.901078939437866,852,32.810580253601074,840,45.70322513580322,839,45.97764992713928,827,46.31787610054016,827,49.46174168586731,826,49.83781361579895,824,50.21647810935974,824,50.50242567062378,824,50.82702445983887,824,52.28939366340637,824,60.10246992111206
28,random_graphs/triangle/r1.5k24n16/graph28.lgbin,2487,57.494550466537476,892,1687,0,1547,5.967000722885132,1378,6.334068536758423,1232,7.985323905944824,1094,8.38882040977478,1035,8.800928592681885,996,10.49044394493103,973,20.920724391937256,962,21.569912910461426,954,24.006672382354736,954,27.44623303413391,950,30.633763313293457,909,31.322518587112427,905,31.763225555419922,896,32.58609747886658,896,41.945186376571655,896,42.377047300338745,896,42.75281834602356,896,43.597594022750854,896,43.91642665863037,896,45.014161825180054,893,46.99733638763428,893,48.325244188308716,893,57.713295459747314,893,58.08748507499695,892,58.44728946685791,892,58.756524085998535,892,59.1527795791626,892,60.1005916595459
29,random_graphs/triangle/r1.5k24n16/graph29.lgbin,2487,52.30210590362549,832,1887,0,1782,9.46555209159851,1679,11.568104028701782,1506,12.35074234008789,1333,12.798153638839722,1152,13.180668830871582,997,14.51219129562378,952,15.69359016418457,908,16.297473669052124,908,16.854278564453125,895,17.222838878631592,895,18.550551414489746,874,19.411239862442017,848,19.853171586990356,847,20.21541666984558,846,20.76777982711792,845,21.71469235420227,843,22.051766872406006,843,23.503227949142456,843,23.84489369392395,843,24.179676055908203,843,24.50945496559143,841,24.873398542404175,841,25.189485549926758,841,26.498563766479492,840,26.884507179260254,840,27.18314266204834,840,27.50057816505432,840,28.19942808151245,840,28.510266065597534,840,28.815872192382812,840,30.129734992980957,840,30.790549755096436,840,31.10485863685608,840,32.24420118331909,840,32.540865659713745,840,33.850505352020264,840,34.1475248336792,840,34.56504225730896,840,34.92985129356384,840,35.23486661911011,840,35.53841805458069,840,36.844117403030396,840,37.16008472442627,840,38.46003031730652,840,38.87772750854492,840,39.212286949157715,840,39.58333778381348,840,40.51295614242554,840,40.809956312179565,832,41.18806028366089,832,41.51270270347595,832,41.81285786628723,832,43.241710901260376,832,43.66457009315491,832,43.97085762023926,832,44.282482385635376,832,45.58401679992676,832,45.95255398750305,832,46.2831768989563,832,47.19559669494629,832,48.510831117630005,832,48.82213830947876,832,49.20036506652832,832,49.49393606185913,832,49.8319571018219,832,50.68688225746155,832,51.996362924575806,832,52.373194217681885,832,52.79942512512207,832,53.118733406066895,832,53.457764863967896,832,54.7553973197937,832,55.0541250705719,832,55.43002772331238,832,56.132017612457275,832,56.44664216041565,832,56.76602864265442,832,58.068671464920044,832,58.36756634712219,832,59.023728370666504,832,59.36956167221069,832,59.68225336074829,832,60.1377317905426
30,random_graphs/triangle/r1.5k24n16/graph30.lgbin,2487,56.21727657318115,739,1679,0,1554,11.523685216903687,1372,11.975237607955933,1249,13.821463346481323,1165,14.265381813049316,1068,14.95568037033081,1003,18.016651391983032,921,18.688188552856445,917,25.73192310333252,914,27.129523515701294,913,27.452174425125122,913,27.908970594406128,834,28.32089924812317,820,29.06425952911377,816,29.43917679786682,816,31.652886390686035,807,32.03172039985657,795,33.316694021224976,793,33.70120716094971,793,34.79747438430786,788,35.46216130256653,788,42.90516209602356,788,44.35162425041199,788,44.6129891872406,787,44.96752119064331,772,45.35276484489441,772,45.67161202430725,772,47.85692238807678,768,48.206665992736816,768,48.51709747314453,752,49.692346811294556,744,50.265480041503906,743,50.58332324028015,742,53.233465909957886,742,53.793585538864136,742,55.18741846084595,739,55.53924870491028,739,56.789716482162476,739,57.1084988117218,739,57.426557540893555,739,57.7510712146759,739,60.10193872451782
31,random_graphs/triangle/r1.5k24n16/graph31.lgbin,2487,58.10485577583313,915,1703,0,1526,0.869774341583252,1387,11.744625329971313,1252,12.108153581619263,1201,12.695725202560425,1131,13.521095752716064,1101,25.06093192100525,1048,25.488208770751953,993,25.9419424533844,970,27.723469495773315,966,27.9715838432312,966,42.71932125091553,940,43.1043803691864,938,43.46538472175598,935,44.23040461540222,931,44.573965311050415,929,44.872291803359985,929,45.17913246154785,916,45.55748176574707,915,45.8601348400116,915,46.444114685058594,915,60.11118173599243
32,random_graphs/triangle/r1.5k24n16/graph32.lgbin,2487,56.24282622337341,841,1696,0,1568,1.1773910522460938,1433,7.6119465827941895,1343,8.34026312828064,1337,12.5682532787323,1226,19.440036058425903,1164,24.09762692451477,1140,25.58738660812378,990,25.993303537368774,905,27.294159650802612,900,27.737915515899658,900,29.15997886657715,885,29.870361328125,885,33.40660834312439,858,34.4051456451416,858,34.84415912628174,858,35.626139879226685,858,36.63932538032532,858,37.96150588989258,852,38.266746282577515,850,38.64421010017395,850,42.18523931503296,850,42.541281938552856,849,43.07110619544983,849,43.31631660461426,847,44.39503312110901,847,45.456212282180786,847,46.26420331001282,847,49.78996992111206,844,50.152424335479736,843,50.50080895423889,843,50.792783975601196,842,51.20537328720093,842,51.52168917655945,842,51.86968398094177,842,52.968883991241455,842,54.29393267631531,841,55.591806411743164,841,56.909597873687744,841,57.18574619293213,841,57.53887152671814,841,60.09953308105469
33,random_graphs/triangle/r1.5k24n16/graph33.lgbin,2487,56.356894731521606,968,1867,0,1745,12.100435972213745,1624,23.151485204696655,1532,24.799991369247437,1442,26.48685312271118,1408,28.67289900779724,1321,29.046828746795654,1196,29.366214990615845,1135,29.712926387786865,1100,30.04934024810791,1066,30.451302528381348,1029,30.789188623428345,1029,32.98689365386963,1029,33.9793221950531,1027,34.28468370437622,1017,34.97871923446655,1017,38.063143730163574,1013,39.265480518341064,1013,39.70711159706116,1013,39.96468997001648,1008,40.32348036766052,1006,41.309837102890015,1006,42.28193640708923,1006,45.380043268203735,1006,45.648123025894165,1005,46.86843514442444,998,47.118698596954346,998,48.34536147117615,988,48.706440925598145,988,48.98463797569275,977,49.79757571220398,977,50.170167446136475,977,53.29093623161316,977,53.58203673362732,970,53.919275522232056,970,55.159972190856934,970,55.436514139175415,968,55.69128441810608,968,56.04293417930603,968,59.14996409416199,968,60.10101914405823
34,random_graphs/triangle/r1.5k24n16/graph34.lgbin,2487,52.37522745132446,875,1877,0,1759,0.3927309513092041,1676,5.713205337524414,1532,6.704062223434448,1494,7.151528835296631,1376,7.960127115249634,1196,9.04705286026001,1192,13.033299446105957,1144,13.38626480102539,1123,13.791271448135376,1107,19.337257146835327,1096,19.733413219451904,1050,21.012134790420532,1030,23.328800678253174,1019,23.995625495910645,1018,24.357054471969604,1017,26.528568506240845,1003,26.81642198562622,999,27.189435243606567,993,27.92175269126892,989,28.340311765670776,989,28.595029830932617,989,28.906066179275513,988,29.25549030303955,988,29.6934494972229,988,29.9849271774292,982,30.388133764266968,982,30.72161102294922,982,31.00771474838257,982,32.56680226325989,979,32.94075393676758,979,33.41277360916138,979,33.73357152938843,979,34.078102111816406,976,34.47955799102783,976,34.81472587585449,976,35.09206795692444,976,36.6644344329834,976,37.0070915222168,976,37.34189796447754,976,38.903653621673584,976,39.91853356361389,960,40.394282817840576,922,40.768248319625854,922,41.077911138534546,922,41.42472434043884,917,41.80701661109924,917,42.12228775024414,900,42.5961434841156,900,42.86226844787598,900,44.424010276794434,892,44.822120666503906,881,45.1760950088501,881,45.499926805496216,880,45.875527143478394,880,46.181010723114014,875,46.52802658081055,875,46.85973334312439,875,47.11687707901001,875,48.663305044174194,875,48.98102688789368,875,50.529534578323364,875,51.54597592353821,875,51.85290741920471,875,52.14638829231262,875,53.7419490814209,875,54.05151629447937,875,54.34251856803894,875,54.65457534790039,875,56.223753213882446,875,56.482134103775024,875,56.80318284034729,875,57.110058069229126,875,58.681288957595825,875,58.968331813812256,875,59.277934312820435,875,59.54018044471741,875,59.846434593200684,875,60.101776361465454
35,random_graphs/triangle/r1.5k24n16/graph35.lgbin,2487,57.212504386901855,783,1680,0,1554,7.422959089279175,1358,7.984206199645996,1253,9.53303837776184,1115,16.568840503692627,1031,18.361486434936523,1007,24.663633823394775,933,25.95745301246643,881,26.765042304992676,865,27.15874671936035,861,28.229088306427002,859,29.25925850868225,847,30.575082778930664,828,30.946889638900757,828,42.33286142349243,826,42.814141035079956,826,43.118178606033325,826,43.42222809791565,824,43.780638217926025,824,44.194133281707764,824,44.54180645942688,810,44.935288190841675,810,45.25333786010742,801,47.06690716743469,798,56.02128267288208,790,56.40243935585022,789,57.035027742385864,789,57.37786269187927,789,57.67306995391846,783,59.615254163742065,783,60.13859510421753
36,random_graphs/triangle/r1.5k24n16/graph36.lgbin,2487,61.18440628051758,1310,1564,0,1478,0.4823296070098877,1423,0.8745875358581543,1310,61.466121196746826
37,random_graphs/triangle/r1.5k24n16/graph37.lgbin,2487,50.971396684646606,764,1726,0,1624,7.645225286483765,1508,9.091532707214355,1384,9.527415752410889,1274,10.619882822036743,1231,11.492677450180054,1032,12.577271699905396,938,13.407472848892212,909,14.860310554504395,889,15.204986333847046,885,15.529613018035889,881,15.86980152130127,873,16.731555938720703,872,17.8494930267334,845,19.00865912437439,784,19.45564579963684,780,19.77241611480713,778,20.14616370201111,778,20.472883701324463,775,20.86870765686035,775,21.909159660339355,775,22.233185291290283,775,22.564416646957397,775,22.84970235824585,774,23.225250005722046,772,23.606226682662964,768,23.99904990196228,768,24.319667100906372,768,25.37832808494568,768,25.731860160827637,764,26.490654945373535,764,27.39098286628723,764,27.710732221603394,764,27.984683513641357,764,28.675389289855957,764,28.993387937545776,764,29.26748013496399,764,30.513794660568237,764,30.837119817733765,764,31.171415090560913,764,31.49235510826111,764,31.81035852432251,764,33.057857513427734,764,33.381343603134155,764,33.68567228317261,764,34.016231060028076,764,34.32349705696106,764,35.50388860702515,764,35.77537131309509,764,36.11462450027466,764,36.427802324295044,764,37.66755437850952,764,38.02338480949402,764,38.92395210266113,764,39.19697403907776,764,40.43696665763855,764,40.77034258842468,764,41.09009909629822,764,41.41582536697388,764,41.674856424331665,764,41.95259499549866,764,43.21329188346863,764,43.54356813430786,764,43.801961183547974,764,45.0335807800293,764,45.36985158920288,764,46.06347584724426,764,46.381253719329834,764,46.69709062576294,764,47.94904398918152,764,48.26084280014038,764,48.94215393066406,764,49.262054681777954,764,49.56264305114746,764,49.91511344909668,764,51.1453275680542,764,51.46484708786011,764,52.1442015171051,764,52.423304080963135,764,53.66058325767517,764,53.97389793395996,764,54.29296040534973,764,54.6208016872406,764,54.911338090896606,764,55.181851863861084,764,56.443307876586914,764,56.759735345840454,764,57.0925452709198,764,57.35302472114563,764,57.62508487701416,764,57.94218468666077,764,59.18786644935608,764,59.507824420928955,764,59.79909563064575,764,60.103554487228394
38,random_graphs/triangle/r1.5k24n16/graph38.lgbin,2487,54.41788029670715,795,1548,0,1492,5.914684534072876,1416,6.285218954086304,1259,7.4813072681427,1120,10.435418128967285,1074,10.769448280334473,974,12.056854724884033,946,12.510971784591675,918,13.505106925964355,908,18.28315806388855,890,18.679185390472412,890,20.223248720169067,866,28.326194524765015,866,29.739715576171875,863,30.842684745788574,855,31.244683027267456,844,31.658611536026,844,31.993120908737183,844,37.20002555847168,842,37.652135133743286,839,37.99607515335083,838,38.3569118976593,838,38.66805958747864,838,40.073527574539185,837,41.220428705215454,837,41.54778695106506,833,41.87635684013367,832,42.676838874816895,830,43.02173066139221,828,43.45608448982239,823,44.887407064437866,817,45.245113134384155,815,45.62799072265625,815,46.14194393157959,809,46.572370290756226,809,46.88138508796692,809,48.272988080978394,808,48.694507122039795,807,49.37564539909363,807,49.64096021652222,807,50.125349044799805,804,50.47691750526428,802,50.854925870895386,802,51.17458438873291,802,51.48663353919983,802,52.91426944732666,802,53.23588275909424,802,54.615232944488525,802,54.96459221839905,802,55.258155822753906,802,56.665732860565186,799,57.093984603881836,799,57.40414810180664,798,57.78170561790466,798,58.16092538833618,798,58.4268798828125,795,58.73682975769043,795,59.044745683670044,795,60.10497260093689
39,random_graphs/triangle/r1.5k24n16/graph39.lgbin,2487,52.549336194992065,884,1858,0,1752,6.8966522216796875,1681,8.362748622894287,1554,8.820428848266602,1437,9.251922130584717,1376,10.19674301147461,1276,11.029628276824951,1165,12.030007362365723,1088,16.201850652694702,1048,16.798836708068848,1035,17.539555311203003,983,17.925443172454834,976,19.665764093399048,964,20.031004667282104,964,21.485703945159912,953,21.878864765167236,953,23.438531637191772,953,23.77912449836731,953,24.944054126739502,953,25.24957513809204,944,25.680351734161377,939,26.073724269866943,939,26.43578577041626,938,27.128304719924927,931,27.502843379974365,927,28.07935619354248,927,28.486289262771606,927,28.7919340133667,922,29.180985689163208,922,30.631642818450928,922,30.95145058631897,902,31.258328199386597,902,31.679505348205566,900,32.6105682849884,900,32.91343593597412,900,35.062830448150635,899,35.44653344154358,898,35.801276445388794,893,36.17455697059631,893,36.476523876190186,893,37.58597779273987,893,37.88183403015137,890,38.21663570404053,890,39.26229667663574,887,39.64135718345642,887,39.94232249259949,887,41.050256967544556,887,41.345038175582886,887,41.67679238319397,886,45.031248331069946,885,45.385536909103394,884,45.78568887710571,884,46.088111877441406,884,47.17679953575134,884,47.4709575176239,884,47.88882780075073,884,48.215660095214844,884,48.51632118225098,884,51.06776428222656,884,51.37690830230713,884,51.67039370536804,884,52.79986071586609,884,53.13189768791199,884,53.45348238945007,884,53.856133699417114,884,54.89236402511597,884,55.16460418701172,884,55.47912669181824,884,56.59964418411255,884,56.897656202316284,884,57.31976819038391,884,57.62173771858215,884,58.72352313995361,884,59.03292107582092,884,59.33016586303711,884,60.11203718185425
40,random_graphs/triangle/r1.5k24n16/graph40.lgbin,2487,56.25635290145874,837,1800,0,1700,1.664135217666626,1623,4.342353105545044,1498,7.129449129104614,1363,7.525031566619873,1221,8.005625486373901,1134,8.385785579681396,1102,8.741806983947754,933,14.115995645523071,913,15.543945550918579,913,21.68404793739319,903,22.086907863616943,903,22.409592628479004,899,22.72954273223877,878,23.153526306152344,875,28.148115396499634,875,28.452635526657104,875,28.794934034347534,873,38.319562673568726,873,38.59055733680725,873,38.94462203979492,853,39.39613389968872,839,41.021719455718994,839,41.357083559036255,839,46.17787265777588,839,46.44478130340576,839,46.77753448486328,839,47.09998869895935,839,47.54363822937012,839,47.8526337146759,839,48.160489559173584,837,48.476115226745605,837,48.79461216926575,837,53.59587240219116,837,53.94942283630371,837,54.304158210754395,837,54.57450199127197,837,54.854342222213745,837,55.17940139770508,837,55.53026056289673,837,55.88220143318176,837,56.13244891166687,837,60.10926413536072
41,random_graphs/triangle/r1.5k24n16/graph41.lgbin,2487,58.41086959838867,849,1681,0,1505,0.5321743488311768,1381,12.494103193283081,1260,14.034666299819946,1176,14.354611158370972,1048,16.72168517112732,1003,17.460777521133423,925,35.91766333580017,915,41.76972723007202,880,42.810484886169434,880,43.71540904045105,880,45.554155111312866,877,45.92548322677612,877,50.587204456329346,855,50.95891880989075,850,57.529000759124756,849,57.86858367919922,849,58.174349308013916,849,60.10763168334961
42,random_graphs/triangle/r1.5k24n16/graph42.lgbin,2487,58.24849987030029,881,1648,0,1538,3.1412813663482666,1371,10.096704006195068,1262,10.551604509353638,1177,11.896758556365967,1092,13.287221908569336,1009,24.79496955871582,980,25.16712188720703,950,25.53896427154541,950,26.442705392837524,950,38.83237862586975,938,39.609490156173706,925,41.81388878822327,907,45.6194543838501,903,46.826924324035645,893,47.27510976791382,881,47.66540837287903,881,58.819061040878296,881,59.809059381484985,881,60.099955797195435
43,random_graphs/triangle/r1.5k24n16/graph43.lgbin,2487,55.41558766365051,821,1725,0,1601,10.217020511627197,1482,10.536117553710938,1433,10.939242124557495,1301,11.641161680221558,1149,12.04919695854187,1052,16.080536603927612,945,16.437535762786865,926,22.28939127922058,914,28.667251110076904,911,29.04814577102661,895,30.069106578826904,882,30.435577630996704,866,30.800830602645874,863,31.977067232131958,857,32.30677390098572,854,33.20900082588196,854,33.56191611289978,854,33.85194420814514,850,34.21695113182068,845,34.597139835357666,845,34.97586631774902,845,35.90603685379028,845,36.21700358390808,842,36.56630349159241,842,36.83603048324585,842,39.56602430343628,842,42.31743907928467,842,42.81357479095459,841,43.750410079956055,837,44.39268136024475,834,44.7752959728241,827,45.15839719772339,827,45.441338539123535,824,45.764636754989624,822,46.55497097969055,822,46.860687255859375,822,49.59712243080139,822,49.89403963088989,822,50.17679309844971,822,50.65457010269165,822,50.95640540122986,822,51.21857166290283,822,53.95882701873779,821,54.29273986816406,821,54.635472774505615,821,54.914512157440186,821,55.86138319969177,821,60.12473130226135
44,random_graphs/triangle/r1.5k24n16/graph44.lgbin,2487,58.80833101272583,789,1630,0,1466,2.978590488433838,1338,11.600278615951538,1194,13.190445899963379,1132,29.47329616546631,1027,29.834269046783447,880,30.209839820861816,852,38.98451209068298,831,40.05929398536682,823,52.34612059593201,816,52.68642973899841,803,53.00561308860779,799,53.680298805236816,789,54.02082896232605,789,60.114816188812256
45,random_graphs/triangle/r1.5k24n16/graph45.lgbin,2487,59.82631826400757,1383,1656,0,1452,57.87589168548584,1389,59.173100233078,1383,60.108179569244385
46,random_graphs/triangle/r1.5k24n16/graph46.lgbin,2487,53.284570932388306,900,1804,0,1675,9.721700191497803,1556,10.244327545166016,1409,10.613518714904785,1321,11.543861389160156,1280,14.285186052322388,1136,14.634143829345703,1036,14.987407684326172,1004,16.01380705833435,990,16.33359670639038,990,16.609446048736572,966,16.946175575256348,959,17.31074094772339,956,17.786582946777344,942,18.14050054550171,940,20.332459688186646,939,20.610226154327393,937,20.986698627471924,937,21.28095531463623,937,21.582798957824707,935,22.32607865333557,935,22.597923517227173,935,22.94975209236145,935,25.65675449371338,935,25.927736282348633,933,26.293847799301147,933,26.58595108985901,933,26.91950821876526,932,27.2745361328125,926,27.92574381828308,926,28.1981782913208,926,30.6925630569458,926,30.968101024627686,926,31.29218053817749,926,31.620270252227783,926,31.93689489364624,926,32.2060284614563,926,34.686851501464844,926,34.961451053619385,926,35.24243497848511,926,35.56734108924866,926,35.88769745826721,926,36.67875385284424,926,39.16323471069336,926,39.446048736572266,926,39.71626591682434,926,39.99469041824341,926,40.3135039806366,926,42.80597138404846,926,43.079848289489746,926,43.36459136009216,926,43.655842542648315,926,43.93344020843506,926,44.24852418899536,926,46.83175444602966,926,47.106675148010254,926,47.38769817352295,922,47.79182410240173,922,50.270395278930664,922,51.061763048172,922,51.3358473777771,918,51.677908420562744,911,52.30663228034973,911,54.796351194381714,910,55.18857145309448,910,55.53737449645996,910,56.38378024101257,910,56.66613745689392,900,57.02906322479248,900,57.334644079208374,900,57.601645708084106,900,57.873624324798584,900,60.11176633834839
47,random_graphs/triangle/r1.5k24n16/graph47.lgbin,2487,56.40900778770447,742,1679,0,1553,0.8102681636810303,1408,1.8003950119018555,1262,6.53812313079834,1196,6.84360933303833,1157,11.490503072738647,1153,16.522912979125977,1079,16.9181809425354,967,17.530258417129517,859,18.43041729927063,807,19.4464008808136,779,25.954098224639893,779,26.833572387695312,759,27.20680546760559,759,30.39183282852173,755,30.993599891662598,752,31.52400302886963,752,31.833009243011475,752,32.13897705078125,752,33.22752785682678,749,33.521299600601196,748,34.20134115219116,748,37.4115731716156,748,38.09509253501892,748,38.38585448265076,746,38.714773416519165,743,39.35448861122131,743,42.92600679397583,742,43.32166123390198,742,43.652464866638184,742,43.972635984420776,742,44.69396090507507,742,47.87883281707764,742,51.429177045822144,742,51.767542123794556,742,52.02723813056946,742,52.385802030563354,742,53.11544680595398,742,56.32839107513428,742,56.60323476791382,742,56.84460401535034,742,60.09873628616333
48,random_graphs/triangle/r1.5k24n16/graph48.lgbin,2487,58.482041358947754,791,1752,0,1656,0.5325191020965576,1442,14.84705400466919,1312,41.00499939918518,1199,41.52931761741638,1056,46.095293283462524,955,48.101203203201294,891,49.21118688583374,865,49.81212139129639,865,51.941898584365845,865,53.66600441932678,862,54.29228377342224,802,54.747342348098755,802,55.047202348709106,802,57.915441036224365,791,58.269017696380615,791,60.11041855812073
49,random_graphs/triangle/r1.5k24n16/graph49.lgbin,2487,49.9124116897583,764,1598,0,1485,0.6571097373962402,1337,1.0082170963287354,1260,1.9049534797668457,1142,2.3291454315185547,968,3.5836572647094727,923,3.9669198989868164,840,5.002228736877441,833,6.71387243270874,832,8.422461986541748,809,8.767169713973999,797,9.230013132095337,796,9.634650230407715,795,10.458704710006714,794,11.43427324295044,794,11.929256200790405,794,12.411012887954712,794,13.415169715881348,787,13.793350219726562,787,14.196521043777466,787,14.510335206985474,787,14.847472190856934,787,15.12824273109436,787,15.609273195266724,787,16.013653993606567,787,16.837884664535522,787,17.179229021072388,787,17.45654606819153,787,18.380701541900635,777,19.51059103012085,769,20.32498073577881,769,21.15484309196472,769,21.496236085891724,767,21.812785387039185,767,22.10023069381714,767,22.84495782852173,766,23.68595242500305,765,24.28011965751648,765,24.660516262054443,765,25.24025869369507,765,25.609878301620483,765,26.26987886428833,765,26.534427165985107,764,27.048582315444946,764,27.853189945220947,764,28.248329401016235,764,28.5412814617157,764,29.136659622192383,764,29.955140113830566,764,30.509145975112915,764,30.88855481147766,764,31.71251630783081,764,31.99041175842285,764,32.585052251815796,764,32.83775734901428,764,33.14748740196228,764,33.97067737579346,764,34.55443072319031,764,34.840091943740845,764,35.577340841293335,764,35.96878457069397,764,36.516443967819214,764,36.82901430130005,764,37.660664796829224,764,38.39083933830261,764,38.65225791931152,764,39.037822246551514,764,39.85681509971619,764,40.173611879348755,764,41.02259397506714,764,41.30932092666626,764,42.04300045967102,764,42.32528614997864,764,42.9024395942688,764,43.499693870544434,764,43.8445565700531,764,44.68156933784485,764,44.94486045837402,764,45.324368953704834,764,45.90786170959473,764,46.21837759017944,764,46.47085928916931,764,47.27602028846741,764,47.563117027282715,764,48.15158176422119,764,48.4653582572937,764,49.27706432342529,764,49.562233686447144,764,50.15724468231201,764,50.40500354766846,764,51.21632623672485,764,51.60106039047241,764,51.86530637741089,764,52.16265892982483,764,52.74351167678833,764,52.99407148361206,764,53.27855038642883,764,54.09711742401123,764,54.377172231674194,764,54.97310757637024,764,55.35790038108826,764,56.17834734916687,764,56.47785925865173,764,57.28580665588379,764,57.604564905166626,764,58.198620080947876,764,59.02645230293274,764,59.41637563705444,764,59.95514917373657,764,60.095465660095215
0,random_graphs/triangle/r1.5k24n16/graph0.lgbin,2487,57.14982986450195,905,1739,0,1597,0.3722190856933594,1509,7.839715242385864,1404,8.234612703323364,1337,9.097099781036377,1260,10.07913327217102,1259,12.253183126449585,1142,13.10130500793457,1049,13.76041865348816,988,14.13762617111206,964,17.789409637451172,962,22.20622944831848,950,26.65659189224243,947,27.03484869003296,947,27.33275079727173,929,27.685110569000244,929,30.00874376296997,929,30.296732902526855,923,31.048532247543335,923,31.39285969734192,923,32.08162021636963,923,36.10940599441528,919,36.4599769115448,919,36.74946737289429,919,39.24683976173401,911,39.609623670578,911,39.9118447303772,911,41.69918131828308,906,42.06079173088074,905,42.43319535255432,905,60.11089754104614
1,random_graphs/triangle/r1.5k24n16/graph1.lgbin,2487,54.41124439239502,813,1622,0,1508,8.943042755126953,1400,10.912497282028198,1313,11.622751712799072,1250,12.225628137588501,1226,13.306645631790161,1156,13.941953897476196,1065,14.504809617996216,1019,15.480363368988037,942,15.851765155792236,880,16.204691886901855,879,16.58519697189331,876,17.72028160095215,870,20.017589330673218,857,20.357762575149536,857,21.341721534729004,843,22.270235061645508,840,22.877812385559082,839,23.858976364135742,839,24.274079084396362,834,24.647130250930786,828,24.990029096603394,828,25.300166845321655,828,26.454288482666016,828,26.769967555999756,825,27.052746534347534,825,28.171025037765503,825,28.457459211349487,824,28.782387495040894,824,29.079610586166382,824,29.38539719581604,824,29.62725830078125,824,30.738757848739624,824,31.75502324104309,824,32.05948185920715,824,32.387625217437744,824,32.62998032569885,824,33.75533151626587,824,34.04450964927673,819,34.34321308135986,819,34.59942936897278,819,34.87659406661987,819,35.18238949775696,819,36.322795152664185,813,37.130369663238525,813,42.78891849517822,813,43.09846615791321,813,43.38540029525757,813,43.631463289260864,813,43.94317865371704,813,44.8256573677063,813,45.13408970832825,813,50.27958607673645,813,50.585543155670166,813,51.71212887763977,813,52.019737243652344,813,52.25867486000061,813,52.5615611076355,813,58.22316002845764,813,58.537028551101685,813,60.10110259056091
2,random_graphs/triangle/r1.5k24n16/graph2.lgbin,2487,58.89168739318848,882,1672,0,1553,2.5615200996398926,1422,3.0493249893188477,1278,4.551880836486816,1204,30.573887825012207,1082,33.843902587890625,1062,52.01645541191101,995,52.813520431518555,912,53.17160487174988,912,55.84038043022156,904,56.256903886795044,903,58.476781606674194,882,59.395750284194946,882,60.10615062713623
3,random_graphs/triangle/r1.5k24n16/graph3.lgbin,2487,53.401148080825806,756,1682,0,1532,1.0951275825500488,1401,2.5335850715637207,1237,2.873156785964966,1112,4.814630508422852,1017,5.421687126159668,966,5.934699535369873,954,10.043577909469604,922,10.397045612335205,902,12.34666395187378,851,12.70978593826294,817,13.04591178894043,816,13.557923793792725,810,14.133471965789795,807,14.405528545379639,803,17.349414110183716,803,17.66759204864502,803,20.61735224723816,803,21.134753465652466,803,21.40438437461853,795,21.978641510009766,795,22.302623987197876,767,22.734541177749634,767,23.029112815856934,767,23.539353847503662,767,26.504283905029297,765,26.903225421905518,762,27.276307821273804,762,27.585492849349976,762,27.83681011199951,761,28.179279088974,761,28.46553325653076,761,28.834073781967163,759,29.365067958831787,758,29.76167106628418,758,30.090611457824707,758,30.360679626464844,758,30.72219181060791,758,31.232025623321533,757,31.61166501045227,757,31.936294317245483,757,34.89093232154846,757,35.21748161315918,757,35.50395894050598,757,35.84768843650818,757,36.3550865650177,757,39.30731964111328,757,39.565643072128296,757,39.84174203872681,757,40.12725615501404,757,40.64213490486145,757,43.58314251899719,757,43.90609526634216,757,44.191494941711426,757,44.48236918449402,757,44.76099371910095,757,47.67546367645264,757,48.18365836143494,757,48.54178476333618,757,48.82245230674744,756,49.17487597465515,756,49.456982135772705,756,49.77218842506409,756,52.72355055809021,756,53.242109298706055,756,53.56744980812073,756,54.07766079902649,756,55.13527822494507,756,58.0799503326416,756,58.596762895584106,756,59.14004063606262,756,59.38242816925049,756,60.1045708656311
4,random_graphs/triangle/r1.5k24n16/graph4.lgbin,2487,57.705530643463135,862,1770,0,1646,9.218263149261475,1550,34.79784846305847,1291,35.183961629867554,1238,35.56676387786865,1173,36.008748054504395,1091,36.36014723777771,953,36.6815242767334,953,47.589128494262695,935,48.03784513473511,927,48.84998035430908,927,49.11946415901184,925,49.489203691482544,891,49.85296130180359,881,50.18974304199219,880,50.995882749557495,876,51.36165404319763,874,51.71427035331726,868,52.134849071502686,865,52.46745419502258,865,52.81775712966919,863,53.32661247253418,862,53.63425874710083,862,53.92064952850342,862,54.21300196647644,862,60.104334354400635
5,random_graphs/triangle/r1.5k24n16/graph5.lgbin,2487,59.36021447181702,864,1626,0,1525,0.7249586582183838,1423,44.341880798339844,1352,44.746991872787476,1163,50.22882390022278,1072,51.514933586120605,965,52.137418270111084,915,53.3853600025177,864,60.12015748023987
6,random_graphs/triangle/r1.5k24n16/graph6.lgbin,2487,54.865928173065186,885,1676,0,1554,3.032846212387085,1460,5.394734144210815,1365,6.327348470687866,1241,6.662315607070923,1174,8.543024778366089,1099,8.986034870147705,1053,9.351128101348877,1028,11.892503499984741,995,12.531999111175537,992,14.430124282836914,974,15.716374158859253,974,16.020283222198486,939,16.389881134033203,932,25.59307289123535,925,26.430039882659912,925,26.729002714157104,915,27.712340354919434,915,27.967668533325195,915,28.90766477584839,913,31.256998777389526,906,31.58269190788269,906,33.32690453529358,906,34.273619651794434,906,36.00910472869873,900,36.35406494140625,900,36.64548707008362,897,37.578083753585815,897,38.83845663070679,893,39.17981290817261,893,40.1214485168457,893,40.4032506942749,893,42.01183080673218,893,43.04997730255127,891,44.230435371398926,891,45.35436940193176,889,45.71622610092163,889,46.002580404281616,889,46.944579124450684,889,47.23498249053955,887,47.51710820198059,887,49.05956768989563,887,50.602215051651,887,50.8927047252655,885,51.98261594772339,885,52.923651456832886,885,53.18964457511902,885,53.44311213493347,885,54.51675057411194,885,54.8093638420105,885,56.35255527496338,885,58.34260416030884,885,59.29916977882385,885,59.74455642700195,885,60.03788208961487
7,random_graphs/triangle/r1.5k24n16/graph7.lgbin,2487,51.05287504196167,796,1628,0,1466,1.2276620864868164,1348,1.6161446571350098,1284,6.78861665725708,1194,7.1589484214782715,1165,8.162237644195557,1048,8.534200429916382,1029,9.23493504524231,950,10.277320146560669,937,11.415484189987183,906,11.777608156204224,881,12.14561939239502,870,12.951190948486328,864,13.312974214553833,854,13.687624454498291,854,14.326259851455688,849,15.777613639831543,848,16.1327543258667,848,16.762996196746826,846,17.10218834877014,846,17.437273740768433,826,17.801944494247437,825,18.470127820968628,825,18.776965618133545,825,19.630497455596924,825,20.306307077407837,822,20.66576838493347,822,20.9632625579834,822,21.788090705871582,822,22.441266775131226,818,22.7788188457489,818,23.07393789291382,818,23.395965576171875,818,24.297924041748047,814,24.66158103942871,811,25.12148380279541,811,25.79065203666687,811,26.180823802947998,811,26.47275400161743,808,27.035106658935547,808,27.322556972503662,808,27.60209083557129,808,28.264730215072632,806,31.340344429016113,804,31.69355034828186,799,32.514957666397095,799,32.80176758766174,799,33.18219184875488,799,34.064146518707275,799,34.732398986816406,799,35.01438927650452,799,35.2944552898407,798,36.64442229270935,798,37.67252588272095,798,38.00033092498779,798,38.77934646606445,798,39.45028018951416,798,39.72831583023071,798,40.01082944869995,798,41.00492715835571,798,41.3314106464386,798,41.611863136291504,798,42.40740919113159,798,44.37881302833557,798,45.060893535614014,798,45.338016986846924,798,45.63728666305542,798,45.91667819023132,798,46.240281105041504,798,47.02563738822937,798,48.0502142906189,798,48.32475996017456,798,48.99424767494202,798,49.316938161849976,798,49.613091230392456,798,50.40005135536194,798,51.064943075180054,798,52.068180561065674,798,52.36599135398865,798,52.691179513931274,798,53.491036891937256,798,53.7722704410553,798,54.43873310089111,796,54.83503317832947,796,55.62634325027466,796,56.416024923324585,796,56.703919887542725,796,57.37663793563843,796,57.669878005981445,796,57.97912669181824,796,58.76159429550171,796,59.05267071723938,796,59.711390256881714,796,59.983797788619995,796,60.10077428817749
8,random_graphs/triangle/r1.5k24n16/graph8.lgbin,2487,55.98792910575867,960,1761,0,1687,2.18295955657959,1550,2.5817883014678955,1472,3.7602484226226807,1409,5.066681623458862,1302,8.842902183532715,1226,9.209106922149658,1213,11.325299501419067,1151,16.373706579208374,1058,16.704443216323853,1057,17.663703203201294,1057,17.94741463661194,1049,24.750415563583374,1028,25.11867046356201,1022,27.380905389785767,1022,28.679678916931152,1013,29.05623483657837,1013,34.59960722923279,1009,34.95897936820984,1009,35.27563977241516,1009,35.56303548812866,990,36.372631549835205,990,37.1368305683136,966,37.47436475753784,966,37.8426878452301,966,39.127638816833496,966,39.403462648391724,966,44.697845220565796,965,45.022419691085815,961,45.37197422981262,961,45.63431644439697,961,46.897183418273926,961,47.26777935028076,961,47.54103684425354,961,56.54518508911133,961,56.82638716697693,960,57.147136211395264,960,57.46785545349121,960,57.75671029090881,960,58.1166775226593,960,59.389336824417114,960,59.666698694229126,960,60.11979150772095
9,random_graphs/triangle/r1.5k24n16/graph9.lgbin,2487,57.700133323669434,871,1698,0,1580,26.605589628219604,1484,27.48732829093933,1429,29.173216342926025,1240,33.219457149505615,1142,35.11440062522888,1089,39.3399121761322,1021,41.351006507873535,1004,43.366435289382935,938,45.4557626247406,936,46.753499031066895,923,47.703625202178955,923,49.7203893661499,907,50.116787910461426,907,51.98447346687317,891,52.32830882072449,891,53.230441093444824,891,53.58898329734802,880,54.164551973342896,880,54.48546552658081,874,54.95304846763611,874,56.95168709754944,874,57.81719899177551,874,58.221988677978516,874,58.53607535362244,871,58.94699144363403,871,59.29614520072937,871,60.091840505599976
10,random_graphs/triangle/r1.5k24n16/graph10.lgbin,2487,57.26819157600403,846,1955,0,1819,6.94130539894104,1679,10.431716680526733,1501,11.745787382125854,1382,12.739994049072266,1235,13.746195316314697,1134,14.226651191711426,1129,33.036195516586304,1036,33.3909649848938,1005,33.98896074295044,972,34.347790241241455,958,36.382508993148804,949,36.83111333847046,936,37.127761125564575,934,40.712889194488525,929,41.1064555644989,920,41.460976123809814,909,41.79070496559143,909,46.01972723007202,909,46.30405044555664,905,49.96059513092041,888,50.363484144210815,883,50.725406646728516,883,51.044349670410156,875,51.368706941604614,874,51.913047790527344,846,52.38728213310242,846,52.7072319984436,846,55.99529814720154,846,59.481507778167725,846,60.1271595954895
11,random_graphs/triangle/r1.5k24n16/graph11.lgbin,2487,57.86861753463745,832,1667,0,1593,0.865398645401001,1471,2.911464214324951,1372,3.6088039875030518,1203,4.289495468139648,1060,12.617572784423828,993,14.089999914169312,960,34.99989032745361,883,35.400461196899414,862,35.79252314567566,856,36.61950612068176,851,38.600823402404785,843,38.95207476615906,843,41.86591601371765,843,42.181504011154175,840,47.78657078742981,840,52.04808855056763,840,57.34398913383484,840,57.67287540435791,840,58.38376450538635,833,59.130581855773926,832,59.497514963150024,832,59.82371163368225,832,60.09798455238342
12,random_graphs/triangle/r1.5k24n16/graph12.lgbin,2487,53.29489827156067,768,1650,0,1517,0.7278103828430176,1347,2.395113945007324,1225,2.76729154586792,1145,3.4425463676452637,1060,7.266007900238037,955,8.84347677230835,903,10.558516025543213,867,12.619921922683716,849,13.025650262832642,849,14.616921186447144,842,15.909295082092285,841,16.654268503189087,804,17.023521900177002,804,18.438431978225708,788,18.834450244903564,788,19.467609405517578,788,20.63222885131836,787,20.989770889282227,787,21.277520895004272,785,21.612486362457275,785,21.905858039855957,780,22.409735918045044,776,23.268128156661987,776,23.548843383789062,776,24.965210676193237,776,26.125004768371582,776,26.87252116203308,772,27.624617338180542,772,28.40103793144226,772,28.70063853263855,772,30.12339997291565,772,30.930099964141846,772,32.10564994812012,772,32.3982629776001,772,33.06357979774475,772,34.47287940979004,769,34.81961631774902,769,35.09829068183899,769,35.93133044242859,769,37.118752241134644,769,37.821120262145996,768,38.18069076538086,768,38.47111105918884,768,38.74199342727661,768,40.13669967651367,768,41.201414823532104,768,41.898006439208984,768,42.19903111457825,768,43.613471269607544,768,44.390684604644775,768,45.48199725151062,768,46.30173420906067,768,46.99047255516052,768,47.2790367603302,768,47.57163453102112,768,48.9695827960968,768,49.24152612686157,768,50.30411100387573,768,50.60527014732361,768,50.91256761550903,768,52.33805227279663,768,52.64467692375183,768,53.71968364715576,768,54.001116037368774,768,54.29724407196045,768,55.71500754356384,768,56.404048442840576,768,57.49169301986694,768,58.20405650138855,768,59.62245798110962,768,60.101399660110474
13,random_graphs/triangle/r1.5k24n16/graph13.lgbin,2487,56.784916162490845,769,1501,0,1400,1.7666444778442383,1284,2.52081298828125,1194,2.880662202835083,1022,7.922755002975464,941,12.361208438873291,852,16.214579582214355,825,17.231370210647583,825,21.40930151939392,825,23.701292991638184,818,24.093698501586914,817,24.3724205493927,802,26.044832706451416,780,26.807050228118896,780,29.232643842697144,780,30.651301860809326,780,30.9648540019989,780,32.4939444065094,780,33.24522519111633,778,33.683205366134644,778,34.04811334609985,769,38.56944036483765,769,41.43251657485962,769,43.83688831329346,769,46.110984802246094,769,46.41295266151428,769,47.89664006233215,769,48.66076993942261,769,52.32936358451843,769,55.20265221595764,769,55.57332706451416,769,57.85047936439514,769,58.14032030105591,769,58.453646421432495,769,60.10545873641968
14,random_graphs/triangle/r1.5k24n16/graph14.lgbin,2487,55.01137351989746,779,1566,0,1461,0.4007456302642822,1342,1.6868565082550049,1267,5.640357255935669,1117,6.056391000747681,1117,9.496315717697144,1049,12.027099847793579,1011,12.358083009719849,932,12.703335285186768,846,13.098380327224731,817,13.468241691589355,817,15.407849073410034,817,15.77263355255127,815,16.16082262992859,815,16.435387134552002,811,16.797637701034546,811,17.117721557617188,811,17.402175664901733,806,17.721177339553833,806,19.678911685943604,806,20.047792196273804,806,29.393167972564697,806,29.659047603607178,804,30.018274307250977,800,30.423946619033813,800,30.749035120010376,800,31.06079602241516,800,31.324527502059937,794,32.723560094833374,789,34.10886025428772,789,36.54633617401123,789,38.58767580986023,785,38.91932773590088,784,39.42223119735718,784,39.78584003448486,784,40.0940158367157,784,40.9611279964447,784,41.24256634712219,781,42.15985703468323,779,42.46878910064697,779,42.838733196258545,779,43.07764410972595,779,45.15296673774719,779,45.41672658920288,779,48.089460134506226,779,48.37868785858154,779,48.68276381492615,779,48.993470191955566,779,51.05948305130005,779,53.36098098754883,779,53.62480282783508,779,53.99411463737488,779,54.306232213974,779,56.39752173423767,779,56.661802768707275,779,56.92385768890381,779,60.10329604148865
15,random_graphs/triangle/r1.5k24n16/graph15.lgbin,2487,57.64629864692688,850,1960,0,1850,34.01045560836792,1669,35.307912826538086,1484,43.69300174713135,1423,44.122093200683594,1334,47.50426888465881,1189,47.88454341888428,1040,48.333457708358765,975,48.823912143707275,972,49.17122220993042,967,52.513580083847046,967,54.466514348983765,939,54.827128887176514,935,55.21349740028381,900,55.76430630683899,894,56.56144666671753,874,56.91315269470215,870,57.32080411911011,870,57.604453325271606,867,57.94468855857849,867,58.48356246948242,867,58.785401821136475,867,59.099822759628296,859,59.42772722244263,859,59.70268440246582,850,60.045966386795044
16,random_graphs/triangle/r1.5k24n16/graph16.lgbin,2487,56.90852165222168,850,1889,0,1708,5.859902858734131,1522,8.438598394393921,1461,12.026118040084839,1317,14.06128215789795,1238,18.12132740020752,1198,18.70574402809143,1128,25.26175880432129,1004,29.236832857131958,934,29.657383680343628,934,30.016642808914185,934,30.576196670532227,934,35.33982038497925,932,37.94746804237366,927,38.356168270111084,908,39.076558351516724,895,39.4154531955719,895,39.71409893035889,895,40.012879848480225,895,40.6143057346344,895,41.1282479763031,889,47.685651540756226,889,54.242565870285034,889,54.55925130844116,889,54.85399651527405,872,55.28206706047058,872,55.59243655204773,860,56.236748933792114,855,56.55252718925476,855,57.45943856239319,855,58.003007888793945,854,58.43466401100159,854,58.76400971412659,851,59.1249566078186,850,60.10471510887146
17,random_graphs/triangle/r1.5k24n16/graph17.lgbin,2487,59.37544345855713,1023,1711,0,1602,0.44916391372680664,1516,0.9150843620300293,1439,57.058329343795776,1309,57.39466309547424,1185,58.581960916519165,1164,58.94598698616028,1023,59.92746877670288,1023,60.092437505722046
18,random_graphs/triangle/r1.5k24n16/graph18.lgbin,2487,56.79619741439819,676,1595,0,1493,0.719078540802002,1321,1.1601054668426514,1220,1.725435495376587,1147,2.1076154708862305,1023,5.7924158573150635,947,7.812862157821655,829,12.759564638137817,791,13.12021780014038,783,14.176510095596313,746,14.558213710784912,739,14.921543836593628,730,25.287312030792236,726,30.427788496017456,721,30.77908945083618,721,31.868247270584106,718,32.246211767196655,714,32.598700523376465,714,35.64331889152527,714,40.08170461654663,712,40.43482303619385,712,40.70112657546997,712,40.99186825752258,712,41.266197681427,707,41.58988356590271,701,41.97041988372803,687,42.30196714401245,687,42.57816934585571,687,42.89096283912659,687,43.16007590293884,685,51.01401162147522,685,58.3082332611084,685,58.59419012069702,685,58.86755156517029,685,59.13697791099548,676,59.43853759765625,676,60.101765155792236
19,random_graphs/triangle/r1.5k24n16/graph19.lgbin,2487,54.70429539680481,800,1686,0,1545,4.974978923797607,1435,5.302486896514893,1395,12.737463474273682,1292,13.090597152709961,1229,13.757168292999268,1186,18.093276023864746,1151,21.52339482307434,1036,21.86562442779541,952,22.68630051612854,952,25.600947856903076,941,26.099002361297607,934,27.484225511550903,934,27.838189840316772,932,28.17999815940857,906,28.452303886413574,880,28.795355796813965,880,29.075769662857056,870,30.022222995758057,856,30.392900228500366,856,31.787463426589966,856,32.09713125228882,853,32.39959669113159,853,32.63626050949097,852,32.919992208480835,852,33.14401435852051,844,33.482402324676514,844,33.75998783111572,839,34.81234622001648,839,36.15385556221008,835,36.505009174346924,833,36.79136681556702,833,37.15081715583801,833,37.430291414260864,833,37.67272186279297,832,40.173014879226685,829,40.503366231918335,829,40.778451681137085,829,41.134247064590454,829,42.467368841171265,829,45.811732053756714,829,46.09523630142212,829,46.455323219299316,824,46.787495851516724,824,47.06137228012085,824,47.29882454872131,824,48.210641860961914,824,51.51886796951294,816,51.8579523563385,816,52.131723165512085,807,52.44913148880005,807,52.71950340270996,807,52.958977699279785,803,53.2951443195343,803,53.56744432449341,803,54.47865319252014,800,55.20624375343323,800,57.129340410232544,800,60.1030957698822
20,random_graphs/triangle/r1.5k24n16/graph20.lgbin,2487,55.70572376251221,1000,1946,0,1779,0.5540721416473389,1669,0.9554846286773682,1530,13.12108564376831,1507,13.463212728500366,1420,14.529620170593262,1337,15.73269271850586,1157,16.060617446899414,1152,20.83674454689026,1121,21.209208965301514,1121,22.604631423950195,1107,22.93155813217163,1095,23.218337297439575,1092,23.525537967681885,1072,24.075708627700806,1072,24.40967559814453,1062,24.69977378845215,1062,24.955958366394043,1062,25.234968185424805,1044,26.289012908935547,1039,30.203163862228394,1012,30.53539514541626,1012,30.81519603729248,1011,38.13208293914795,1011,38.38558292388916,1006,38.67126488685608,1006,38.917041301727295,1005,39.19435954093933,1000,39.47689366340637,1000,40.722779512405396,1000,40.99218416213989,1000,46.50541949272156,1000,46.764336347579956,1000,47.00283765792847,1000,47.2813766002655,1000,47.539440631866455,1000,48.68465828895569,1000,49.92139792442322,1000,50.170166969299316,1000,50.42510509490967,1000,50.664215087890625,1000,50.92596411705017,1000,52.16352128982544,1000,57.66755294799805,1000,57.91814827919006,1000,58.172728061676025,1000,58.43902850151062,1000,59.67900371551514,1000,59.90379047393799,1000,60.09582209587097
21,random_graphs/triangle/r1.5k24n16/graph21.lgbin,2487,53.20947623252869,812,1758,0,1559,0.44545841217041016,1454,14.007302045822144,1392,14.798205852508545,1245,17.051119565963745,1177,18.72688102722168,1064,20.07753872871399,1013,20.5916531085968,973,21.196648597717285,951,21.83907699584961,949,23.553789854049683,906,24.53577709197998,890,24.850878953933716,886,25.189608335494995,876,25.74472975730896,860,26.079479217529297,859,26.395325183868408,851,26.734935760498047,850,27.085220336914062,846,27.429904222488403,845,27.698076963424683,845,27.983357667922974,843,28.63485097885132,832,29.257181406021118,828,29.65916156768799,828,29.988195419311523,828,32.12292218208313,827,32.48964166641235,826,32.815150022506714,826,33.07811212539673,826,33.358675956726074,826,33.62457799911499,826,35.37966728210449,826,35.70366430282593,826,36.01237869262695,826,36.27454590797424,826,36.807517290115356,825,37.53744435310364,825,37.83180236816406,825,40.23613381385803,825,41.99344873428345,825,42.30453705787659,825,42.56748819351196,825,42.84827518463135,825,43.31841707229614,825,43.59466791152954,825,43.94149160385132,825,44.23778462409973,825,44.501235485076904,825,44.96910381317139,825,45.23684859275818,825,46.651973247528076,825,46.995890855789185,825,48.69737982749939,825,48.958919525146484,823,49.48914194107056,823,49.80188536643982,823,51.542744874954224,823,53.25291299819946,823,53.51643705368042,823,53.78760600090027,823,54.13646650314331,816,54.61283850669861,816,55.1863214969635,816,55.449345111846924,816,55.71563148498535,814,56.081732749938965,814,56.360795974731445,814,58.11282706260681,814,58.68179106712341,814,58.946019887924194,814,59.21962332725525,812,59.870859146118164,812,60.103174686431885
22,random_graphs/triangle/r1.5k24n16/graph22.lgbin,2487,55.9183828830719,860,1720,0,1566,2.0880966186523438,1445,4.7189319133758545,1299,5.045617341995239,1221,6.818260431289673,1173,7.19046425819397,1077,7.533437252044678,1020,13.727596521377563,985,16.57833480834961,955,17.10872721672058,955,18.537317752838135,951,21.88419532775879,934,22.191588401794434,934,22.539110898971558,934,25.414897918701172,934,26.492194652557373,905,27.49421238899231,905,30.30746054649353,905,31.28167986869812,905,31.532992362976074,903,31.83911442756653,884,32.13598847389221,884,32.393471479415894,882,32.72913599014282,882,33.430107831954956,868,34.31478309631348,868,35.19621229171753,868,38.394076108932495,868,40.195618867874146,868,42.0070219039917,868,42.37332797050476,868,44.49291205406189,868,44.74671220779419,868,47.91428804397583,868,48.164222717285156,864,48.49318027496338,864,48.784196615219116,864,50.58596229553223,864,50.8578941822052,863,51.18961524963379,863,51.49534320831299,863,51.750956296920776,863,54.988431215286255,863,56.810521841049194,863,59.34224772453308,863,59.60070037841797,860,59.96734666824341,860,60.094794034957886
23,random_graphs/triangle/r1.5k24n16/graph23.lgbin,2487,53.95538377761841,830,1759,0,1626,0.6462273597717285,1504,4.9622602462768555,1439,5.278744220733643,1385,5.655010223388672,1228,6.306032657623291,1085,6.707349538803101,989,8.122795343399048,925,8.544585466384888,923,9.945959568023682,908,12.449567079544067,908,12.823645114898682,895,13.164205074310303,895,14.483330965042114,892,14.853686809539795,880,15.142552137374878,875,15.515080451965332,875,15.74880599975586,875,16.0471031665802,866,16.36802339553833,866,17.583443641662598,854,18.33306860923767,854,21.698884963989258,851,22.73102831840515,851,23.78672194480896,851,24.17681860923767,851,25.493033409118652,850,25.782758951187134,850,26.557196855545044,849,26.87788224220276,849,27.12893843650818,849,27.62996244430542,849,27.994686365127563,849,28.949037790298462,845,29.33062744140625,845,29.57650589942932,845,29.871224641799927,831,30.714598178863525,831,31.52939772605896,831,32.85048818588257,831,33.154128551483154,831,33.88032650947571,831,34.239436864852905,831,35.06279802322388,831,36.684192419052124,831,37.72179627418518,831,39.065314054489136,831,40.02100706100464,831,40.3198082447052,831,40.58513355255127,831,41.42029094696045,831,42.752744913101196,831,45.09020400047302,830,45.37762260437012,830,45.64198112487793,830,46.46338939666748,830,46.83537983894348,830,48.172481298446655,830,48.41080975532532,830,48.66346573829651,830,49.45825433731079,830,49.82134747505188,830,50.10820412635803,830,57.3098509311676,830,57.706231355667114,830,58.536498069763184,830,58.83449077606201,830,59.095595836639404,830,60.065380811691284
24,random_graphs/triangle/r1.5k24n16/graph24.lgbin,2487,52.69391679763794,838,1773,0,1669,0.4204578399658203,1511,1.8184304237365723,1381,5.3292694091796875,1204,6.349176645278931,1146,6.729098320007324,1118,8.336843013763428,1029,9.025960206985474,995,9.897785186767578,920,10.214913606643677,918,10.8362398147583,918,11.15494179725647,898,11.508010387420654,898,11.876712799072266,892,13.354295015335083,892,14.698489665985107,885,15.084192991256714,877,16.009183406829834,875,16.462746381759644,874,16.869967460632324,874,17.191063165664673,873,17.588122367858887,873,17.887490034103394,872,18.923104763031006,872,19.928500652313232,872,21.26118040084839,858,21.61120629310608,858,21.89518904685974,858,22.164730548858643,858,23.389284372329712,848,23.744441270828247,840,24.101330995559692,840,25.416283130645752,840,25.700966119766235,840,26.096210956573486,840,27.105453491210938,840,27.367044687271118,840,28.694415807724,840,28.982712507247925,838,29.260668516159058,838,29.522525787353516,838,31.152655124664307,838,31.5396409034729,838,32.69724917411804,838,32.98104906082153,838,34.28963088989258,838,35.91012120246887,838,37.046470403671265,838,38.3479220867157,838,38.635194540023804,838,40.25743579864502,838,40.53828525543213,838,41.68310189247131,838,41.966135025024414,838,43.285364389419556,838,43.65819311141968,838,44.046021699905396,838,44.32782506942749,838,44.993759870529175,838,46.147183418273926,838,46.47115921974182,838,47.7533974647522,838,48.03502893447876,838,49.64694166183472,838,49.971670150756836,838,50.23046374320984,838,50.54146361351013,838,51.85467481613159,838,52.13687062263489,838,52.50813150405884,838,52.94003963470459,838,53.21781873703003,838,54.510947942733765,838,54.79500102996826,838,55.07763338088989,838,55.35380506515503,838,56.66312646865845,838,56.91832089424133,838,57.2009916305542,838,57.47823739051819,838,57.80434226989746,838,59.09809136390686,838,60.11086344718933
25,random_graphs/triangle/r1.5k24n16/graph25.lgbin,2487,55.38832879066467,881,1924,0,1843,0.3571150302886963,1694,4.7252891063690186,1589,6.822754621505737,1451,16.511147022247314,1432,19.278599977493286,1367,20.149059057235718,1245,20.52169632911682,1176,21.096582651138306,1069,21.428507804870605,1048,21.807432889938354,1031,22.101460218429565,988,22.4224956035614,988,25.15156865119934,971,25.4691059589386,959,27.370842933654785,957,27.743818521499634,955,28.055224895477295,954,28.33688259124756,946,29.069597959518433,935,29.432533264160156,935,29.703954935073853,935,29.94175910949707,929,30.204487323760986,923,30.664207220077515,919,34.640987157821655,916,34.96474623680115,916,35.2452609539032,900,35.59964084625244,897,35.91788077354431,897,36.190231800079346,897,39.26534056663513,897,42.33006525039673,889,42.66642427444458,889,42.93340587615967,889,43.19207501411438,886,43.451476097106934,886,47.90286922454834,886,50.9219868183136,886,51.1873517036438,886,51.4493567943573,886,51.68718218803406,886,53.92878746986389,881,54.213693618774414,881,54.45112371444702,881,54.736546754837036,881,55.01489186286926,881,55.28434681892395,881,55.523014307022095,881,57.75631046295166,881,58.01967978477478,881,58.281891107559204,881,60.107755184173584
26,random_graphs/triangle/r1.5k24n16/graph26.lgbin,2487,57.667102336883545,912,1896,0,1759,0.785696268081665,1537,1.1962237358093262,1466,1.5604808330535889,1353,25.035099744796753,1187,27.56583333015442,1136,28.392481803894043,1062,37.5131094455719,1020,37.773622274398804,1012,38.200031042099,1009,44.85603713989258,1002,45.89228272438049,1000,46.21164321899414,981,46.56944179534912,956,46.9439697265625,951,47.28958868980408,951,49.482243061065674,951,49.72246766090393,951,50.02342629432678,938,50.373138189315796,932,50.69828486442566,932,51.69716739654541,931,52.067824602127075,929,52.36853361129761,929,52.64946484565735,929,58.774192810058594,912,60.05005168914795
27,random_graphs/triangle/r1.5k24n16/graph27.lgbin,2487,58.243699073791504,814,1554,0,1401,5.509696006774902,1234,21.106420278549194,1131,22.236050605773926,1101,36.55466437339783,1012,37.27448511123657,937,37.614450216293335,901,38.66349530220032,901,38.933040618896484,901,49.64575815200806,883,50.359384059906006,875,51.601791858673096,869,53.95506763458252,869,55.048922300338745,857,55.80504322052002,836,56.160701751708984,836,56.44043564796448,834,57.87510561943054,834,59.05138921737671,817,59.373289346694946,814,59.69387602806091,814,60.108532190322876
28,random_graphs/triangle/r1.5k24n16/graph28.lgbin,2487,57.7955904006958,839,1687,0,1607,0.7422428131103516,1438,1.0856516361236572,1332,4.212807655334473,1273,4.60342812538147,1135,6.699493408203125,1053,17.610740423202515,1030,27.343747854232788,970,27.739130973815918,938,28.329506635665894,938,37.712488651275635,938,39.53726577758789,918,40.46697783470154,913,40.863688945770264,899,41.70850992202759,897,51.920817613601685,897,52.585206508636475,897,53.40597486495972,897,53.724140644073486,891,54.31667447090149,891,54.919676303863525,865,55.34950518608093,855,55.68185639381409,855,55.979187965393066,839,56.34428000450134,839,57.8779079914093,839,60.10045075416565
29,random_graphs/triangle/r1.5k24n16/graph29.lgbin,2487,51.060712575912476,809,1887,0,1779,1.9640884399414062,1662,3.458868980407715,1483,8.021480798721313,1328,9.35181450843811,1242,10.03170919418335,1178,13.70149564743042,1113,14.123651266098022,1077,14.481880903244019,986,15.321910858154297,934,15.653334140777588,924,17.512218952178955,924,18.679821491241455,895,19.058640003204346,874,19.37140464782715,860,19.700262308120728,852,20.00465440750122,842,20.408169984817505,838,20.737138509750366,838,21.085915088653564,838,22.269593954086304,837,22.518906831741333,837,22.82198739051819,824,23.12795329093933,824,23.45806384086609,823,24.09613299369812,822,24.943727016448975,822,25.254700660705566,815,25.707300662994385,813,26.1488516330719,813,26.450673818588257,813,26.697030782699585,813,27.783072233200073,813,28.096609115600586,813,28.92790460586548,813,29.38495135307312,812,29.718043565750122,812,29.98172926902771,812,30.22769331932068,812,30.527600049972534,812,31.70860505104065,812,32.032490491867065,812,32.29592156410217,812,32.542953968048096,812,32.84575319290161,812,33.17022514343262,812,34.366310358047485,812,34.81164908409119,812,35.099743127822876,812,35.36429953575134,812,35.61111927032471,812,35.912543296813965,812,36.234599590301514,812,37.42045736312866,812,37.68639135360718,812,37.95235085487366,812,38.209237813949585,812,38.45719623565674,812,38.771235704422,812,39.05819773674011,812,39.37949728965759,812,39.867955923080444,812,40.16935634613037,812,41.026246786117554,812,41.29807949066162,812,42.50528955459595,812,42.79314684867859,812,43.08196830749512,812,43.95375299453735,812,44.20383882522583,812,44.50585627555847,812,45.70139503479004,812,45.96663808822632,812,46.231297969818115,812,46.47741937637329,812,46.74676752090454,812,47.94008541107178,812,48.25497770309448,812,48.5764946937561,812,48.86240315437317,812,49.10760831832886,812,49.40546202659607,812,50.57668852806091,812,50.896098613739014,812,51.14554953575134,811,51.49780225753784,810,51.79956316947937,809,52.09220027923584,809,52.339348793029785,809,53.5376992225647,809,53.80109667778015,809,54.05720233917236,809,54.910924196243286,809,55.157328605651855,809,56.350090980529785,809,56.65782833099365,809,56.9125440120697,809,57.74729323387146,809,58.94009971618652,809,59.26361393928528,809,59.56472063064575,809,60.09983706474304
30,random_graphs/triangle/r1.5k24n16/graph30.lgbin,2487,54.37566876411438,722,1679,0,1547,1.7138230800628662,1418,5.116941452026367,1281,8.971229076385498,1234,11.060062408447266,1046,11.512144804000854,1030,15.1906156539917,1003,16.4558584690094,942,16.784610509872437,844,17.40550470352173,802,17.75853967666626,787,18.01311159133911,787,21.43323540687561,786,21.779191255569458,782,22.144013166427612,780,22.754541873931885,780,23.05506443977356,779,25.03653120994568,779,25.790990352630615,779,26.05886721611023,749,26.394226789474487,738,26.758821725845337,738,27.055497884750366,737,27.768615007400513,737,29.537765502929688,737,29.823637008666992,735,30.18830442428589,735,30.500788927078247,735,32.52316761016846,727,32.89659523963928,727,33.185561180114746,727,34.95648455619812,727,35.23362874984741,727,38.300310373306274,725,38.91206455230713,722,39.2700469493866,722,39.580355644226074,722,39.829095125198364,722,40.62787413597107,722,40.90000557899475,722,42.70231485366821,722,42.97029495239258,722,43.58531045913696,722,43.885315895080566,722,44.67710590362549,722,44.94198679924011,722,46.731977224349976,722,47.035524129867554,722,50.0206515789032,722,50.787169218063354,722,51.07318568229675,722,52.87458038330078,722,53.61629891395569,722,54.19170665740967,722,54.49193024635315,722,54.78241729736328,722,55.07264423370361,722,55.35590362548828,722,57.14278435707092,722,57.43761897087097,722,57.72815299034119,722,59.53755021095276,722,59.80944585800171,722,60.09398889541626
31,random_graphs/triangle/r1.5k24n16/graph31.lgbin,2487,58.084223985672,884,1703,0,1560,11.683725118637085,1467,12.967719078063965,1351,13.274582624435425,1239,13.622834205627441,1204,13.980268716812134,1063,14.918839931488037,1007,16.35952615737915,989,17.426023721694946,973,17.836896896362305,972,18.673234701156616,940,19.18987798690796,939,24.66805624961853,935,25.54850745201111,935,43.04067063331604,935,43.463603019714355,935,44.23620843887329,935,44.69039750099182,932,45.083298444747925,911,45.729560136795044,886,46.07334017753601,886,46.347275495529175,884,46.685551404953,884,46.97415614128113,884,60.24710536003113
32,random_graphs/triangle/r1.5k24n16/graph32.lgbin,2487,59.1186158657074,884,1696,0,1586,24.76488208770752,1475,30.897521018981934,1360,34.290783643722534,1267,34.70418739318848,1197,48.24096655845642,1183,49.057448863983154,1055,51.344725608825684,931,51.71611452102661,910,52.239951372146606,887,55.36577796936035,884,60.09810209274292
33,random_graphs/triangle/r1.5k24n16/graph33.lgbin,2487,54.62166905403137,907,1867,0,1741,5.55733847618103,1655,7.866988658905029,1561,8.783398628234863,1445,9.49485468864441,1435,12.603552103042603,1371,12.924104690551758,1245,13.220178127288818,1166,14.50140380859375,1135,15.314963817596436,1135,15.560059785842896,1103,16.415759086608887,1102,17.781662940979004,1080,18.117992401123047,1067,18.438162565231323,1067,21.363539457321167,1050,21.666863679885864,1030,21.94494104385376,1016,22.66349172592163,1016,24.068657636642456,1016,24.76145076751709,1013,25.057475090026855,1013,25.31802773475647,995,25.650709867477417,995,25.90678381919861,995,28.80619239807129,995,29.589985847473145,995,29.835176467895508,995,31.27973961830139,995,31.565834283828735,967,31.89690399169922,967,32.153138399124146,938,32.43600010871887,938,32.66907739639282,938,35.57404923439026,938,36.37454104423523,932,36.703365325927734,932,36.93519186973572,932,39.83158874511719,932,40.07750368118286,932,40.30756497383118,932,41.022058725357056,931,41.331839084625244,917,41.62410926818848,917,41.87059140205383,917,44.7617883682251,917,45.530834913253784,917,46.32197189331055,909,46.603105306625366,909,46.83551383018494,909,47.11182522773743,909,50.08546853065491,909,50.86853051185608,909,52.5734977722168,909,52.81299686431885,909,53.06636357307434,907,53.374606132507324,907,56.41542029380798,907,57.929909229278564,907,58.18380522727966,907,58.42998170852661,907,58.66699266433716,907,60.097968339920044
34,random_graphs/triangle/r1.5k24n16/graph34.lgbin,2487,54.74693322181702,946,1877,0,1794,2.9338226318359375,1681,3.3578290939331055,1540,4.170124530792236,1433,5.079538583755493,1349,5.450886964797974,1206,5.810229778289795,1157,6.594232797622681,1155,7.468501091003418,1122,7.903344392776489,1122,11.121196985244751,1113,11.662784099578857,1102,12.01816201210022,1069,12.346415281295776,1051,12.710680484771729,1051,13.010713577270508,1050,13.299646377563477,1049,13.764375925064087,1048,14.192452907562256,1048,14.530017614364624,1045,14.884381294250488,1042,15.458796262741089,1042,18.925400257110596,1042,19.270061492919922,1040,19.664093494415283,1014,20.04823660850525,1006,20.400025844573975,1003,20.829344272613525,1003,21.126455307006836,1003,21.492597818374634,982,22.215763330459595,982,22.575745582580566,980,27.57822299003601,980,29.673210620880127,980,44.92067623138428,978,45.26976132392883,977,45.63893365859985,977,45.9341197013855,977,46.21907830238342,976,46.88506364822388,976,49.16581702232361,974,49.442304611206055,974,49.716569662094116,973,50.065879106521606,971,50.438007831573486,967,50.94407296180725,967,51.234230756759644,967,51.50488877296448,967,53.79250907897949,967,56.07303476333618,962,56.46549654006958,961,56.78585696220398,959,57.582594871520996,955,57.87420845031738,948,58.62225937843323,948,59.386271476745605,946,59.821311712265015,946,60.09687280654907
35,random_graphs/triangle/r1.5k24n16/graph35.lgbin,2487,56.05643320083618,836,1680,0,1593,9.580039739608765,1450,12.569306373596191,1282,13.270684480667114,1177,13.667741537094116,1099,14.008607864379883,1013,20.952162265777588,963,21.365472078323364,865,21.706347227096558,865,23.543103218078613,853,26.896461486816406,853,30.592576026916504,853,30.915653944015503,853,31.19637393951416,852,31.59601092338562,838,32.01639413833618,838,32.37086606025696,838,32.62982749938965,838,33.03366136550903,838,34.86450123786926,836,35.20572471618652,836,35.54027724266052,836,35.91465878486633,836,36.19392466545105,836,36.450592279434204,836,36.79033088684082,836,37.24759268760681,836,37.619587659835815,836,41.387935161590576,836,41.66667914390564,836,43.48975849151611,836,48.548661947250366,836,48.84088969230652,836,49.1120548248291,836,49.388466596603394,836,49.667951583862305,836,50.04096055030823,836,50.373324155807495,836,52.6443235874176,836,54.46237111091614,836,54.745415925979614,836,55.1183967590332,836,55.39826703071594,836,59.07991051673889,836,60.122321367263794
36,random_graphs/triangle/r1.5k24n16/graph36.lgbin,2487,56.909883975982666,809,1564,0,1446,10.482601165771484,1345,14.094333171844482,1317,14.98526930809021,1231,15.404619932174683,1224,17.40579891204834,1133,17.737921237945557,1012,19.564159631729126,964,19.873051166534424,896,22.47045087814331,896,24.552361488342285,876,24.843810558319092,869,25.331653833389282,868,26.382367372512817,847,26.717259168624878,836,27.061952829360962,835,28.23608899116516,833,28.569849967956543,831,30.09718894958496,825,30.420480489730835,822,30.76297903060913,822,31.0182683467865,822,31.346052408218384,819,31.647294521331787,817,31.991240978240967,816,32.59683561325073,815,33.546905755996704,813,33.85755157470703,813,46.990649700164795,813,48.204018354415894,812,48.50088095664978,812,48.77784490585327,810,49.11818718910217,810,49.370065689086914,810,49.66243886947632,810,53.09160923957825,809,53.36506223678589,809,60.105844020843506
37,random_graphs/triangle/r1.5k24n16/graph37.lgbin,2487,53.07301592826843,809,1726,0,1614,2.8990888595581055,1463,11.217064142227173,1416,11.60669207572937,1248,17.130845069885254,1136,17.578967571258545,1070,18.749000787734985,1006,19.448694944381714,945,19.822118997573853,945,20.581772804260254,943,21.84010338783264,920,22.676801443099976,913,23.182388067245483,885,23.56371760368347,885,24.681278944015503,856,25.093605279922485,853,25.45603322982788,844,25.83466100692749,843,26.227504014968872,841,26.533210039138794,818,26.89116907119751,818,27.19533944129944,816,27.60245418548584,816,27.92978525161743,816,28.213449954986572,812,28.577874183654785,809,29.216227769851685,809,29.842737674713135,809,31.267329216003418,809,31.57389521598816,809,31.889799118041992,809,32.14720296859741,809,32.74531173706055,809,34.17418360710144,809,34.47602915763855,809,34.76975965499878,809,35.55352163314819,809,36.594420194625854,809,36.90467143058777,809,38.33278942108154,809,38.63269901275635,809,38.88658690452576,809,39.489288330078125,809,39.80581521987915,809,41.202632665634155,809,41.506500482559204,809,41.80237126350403,809,42.68063998222351,809,43.016175508499146,809,43.29128313064575,809,44.701889753341675,809,45.0186505317688,809,45.314441204071045,809,45.93367099761963,809,46.24687170982361,809,46.527857065200806,809,47.951855421066284,809,48.25032091140747,809,48.57330393791199,809,48.887463331222534,809,50.30175971984863,809,50.60256242752075,809,50.93275809288025,809,51.27161192893982,809,52.18808937072754,809,53.58205199241638,809,53.8712055683136,809,54.673983335494995,809,54.98808288574219,809,55.9857132434845,809,57.4245445728302,809,57.71336269378662,809,58.01822280883789,809,58.32687187194824,809,59.748260736465454,809,60.10484218597412
38,random_graphs/triangle/r1.5k24n16/graph38.lgbin,2487,50.28546953201294,769,1548,0,1444,0.5108380317687988,1387,6.320467710494995,1374,7.740665912628174,1253,8.63027048110962,1127,9.040459632873535,1064,9.528823614120483,1036,9.916877746582031,1025,11.288268804550171,954,11.685078144073486,950,12.098251581192017,933,13.493393182754517,930,13.851383924484253,930,14.91366720199585,911,15.268898963928223,884,18.608912229537964,867,18.874067306518555,867,19.628691911697388,867,19.924988269805908,867,20.229873657226562,857,20.78521418571472,857,21.114078283309937,851,21.49024510383606,851,22.548895120620728,851,22.876789093017578,851,23.182369232177734,851,23.497986316680908,842,23.845916271209717,840,24.219961166381836,837,24.528651237487793,837,24.79615354537964,827,25.180262804031372,820,25.745498657226562,820,26.103007555007935,820,26.447948217391968,820,27.506649255752563,818,27.854960203170776,818,28.153132915496826,818,28.471545457839966,818,28.779629468917847,818,29.11766219139099,818,29.463282346725464,818,29.724692821502686,818,30.778950214385986,818,31.095908403396606,809,31.455304622650146,800,31.806194067001343,800,32.10246682167053,800,32.40103220939636,793,32.75024437904358,787,33.14519929885864,787,33.416215896606445,787,34.47550988197327,787,34.77683901786804,787,35.61277770996094,787,35.902458906173706,786,36.29415440559387,786,37.35165238380432,783,37.73066544532776,783,38.552409648895264,783,38.84174370765686,783,39.920002937316895,782,40.312719106674194,781,40.67369079589844,775,40.96740508079529,773,41.292145013809204,773,41.564098834991455,773,41.833860874176025,773,42.684147119522095,773,42.99732232093811,773,44.05972504615784,772,44.43707013130188,772,44.82176446914673,772,45.14324688911438,772,46.22018504142761,772,46.60739517211914,772,46.944334983825684,771,47.25022888183594,771,47.50564694404602,771,47.787429094314575,771,48.84149670600891,771,49.15082859992981,771,49.48594522476196,769,49.804327726364136,769,50.0625684261322,769,50.35479426383972,769,50.644309997558594,769,50.922584772109985,769,51.980106592178345,769,52.290091037750244,769,52.59409832954407,769,52.866562604904175,769,53.97438311576843,769,55.03279256820679,769,55.34620451927185,769,55.62119007110596,769,55.95905566215515,769,56.230156660079956,769,57.292787075042725,769,57.6077926158905,769,57.88409233093262,769,58.18246150016785,769,58.49330115318298,769,58.76210355758667,769,59.588294982910156,769,60.10257577896118
39,random_graphs/triangle/r1.5k24n16/graph39.lgbin,2487,50.32804083824158,903,1858,0,1757,0.4449934959411621,1638,2.491396903991699,1514,3.086122512817383,1418,4.32985520362854,1319,4.705045938491821,1233,5.68920373916626,1153,6.5017571449279785,1136,7.6529388427734375,1047,8.332111597061157,1023,8.68834137916565,1007,9.287120819091797,988,9.601937055587769,963,9.949465036392212,961,10.319717645645142,958,12.591253280639648,958,13.525697946548462,934,13.846389293670654,934,14.131000995635986,931,14.967776536941528,931,15.236170530319214,931,15.506382942199707,927,15.901097774505615,927,16.80214786529541,926,17.1458957195282,926,17.42672610282898,920,17.77983570098877,920,18.04482412338257,920,18.981783628463745,920,19.315105676651,920,19.598047733306885,917,19.885952711105347,910,21.15471363067627,910,22.293644428253174,909,22.628861904144287,909,22.905942916870117,909,23.847850799560547,909,24.117807149887085,909,24.441145420074463,909,24.726582765579224,909,25.654722213745117,909,25.97908091545105,909,26.24516749382019,909,26.530649423599243,909,26.82736301422119,909,27.597787857055664,909,27.8731210231781,909,28.200232982635498,909,28.46402382850647,909,28.74975848197937,909,29.67526412010193,909,29.9593563079834,909,31.093859910964966,909,32.66627025604248,909,32.943506717681885,909,33.20485520362854,909,33.52836871147156,909,33.82438898086548,909,34.10813760757446,909,35.02644753456116,909,36.1639506816864,909,36.43829870223999,909,36.7648069858551,909,37.0300407409668,909,37.311827659606934,909,37.596357345581055,909,38.51469373703003,909,38.79237174987793,909,39.05463790893555,909,40.18869185447693,909,40.48917293548584,909,41.41677451133728,909,42.36716961860657,909,42.65069580078125,909,43.79763150215149,909,44.05855751037598,909,44.34510016441345,909,44.64569664001465,909,45.56608772277832,909,45.84999346733093,909,46.81497859954834,909,47.07202100753784,909,47.35298418998718,909,47.65362071990967,909,48.56010174751282,909,48.840948820114136,909,49.11370325088501,909,49.387118339538574,909,51.2391619682312,909,52.23863649368286,909,53.16369271278381,909,53.4329833984375,909,53.718114614486694,909,53.99482703208923,909,54.96073317527771,907,56.62387180328369,907,56.91024303436279,907,57.833099126815796,903,58.377296924591064,903,58.661834955215454,903,58.91808366775513,903,59.19291830062866,903,60.105608224868774
40,random_graphs/triangle/r1.5k24n16/graph40.lgbin,2487,58.25771164894104,824,1800,0,1617,1.0778141021728516,1450,1.4193050861358643,1375,2.620828866958618,1245,39.56307530403137,1113,42.17707705497742,1022,42.508708000183105,925,43.28535270690918,899,43.67301321029663,883,47.38021111488342,856,47.6768159866333,856,50.99864888191223,842,51.35238528251648,839,52.641817569732666,834,52.97186589241028,829,53.29898929595947,829,53.573614835739136,827,54.57269835472107,827,54.91814970970154,827,55.183897972106934,824,55.46499800682068,824,60.09852957725525
41,random_graphs/triangle/r1.5k24n16/graph41.lgbin,2487,60.049246311187744,1266,1681,0,1492,0.453235387802124,1381,1.1408123970031738,1266,60.32043480873108
42,random_graphs/triangle/r1.5k24n16/graph42.lgbin,2487,59.85639929771423,1340,1648,0,1541,0.4214668273925781,1419,59.38614535331726,1340,60.13597559928894
43,random_graphs/triangle/r1.5k24n16/graph43.lgbin,2487,58.216479539871216,880,1725,0,1595,8.49544644355774,1595,16.717058181762695,1476,17.001858234405518,1377,38.840681314468384,1238,39.19639015197754,1188,39.56262922286987,1069,40.68092966079712,960,41.016395568847656,955,43.33030343055725,924,44.31467533111572,924,44.599340200424194,921,50.64723014831543,914,51.02197027206421,901,51.380261182785034,893,52.25143051147461,892,53.43713331222534,887,53.756590604782104,884,54.11649703979492,880,54.422314167022705,880,60.103140115737915
44,random_graphs/triangle/r1.5k24n16/graph44.lgbin,2487,55.53448677062988,713,1630,0,1505,9.052427530288696,1317,10.071526288986206,1153,10.420726299285889,1045,12.983877897262573,969,13.535890579223633,955,13.839876890182495,935,17.455328226089478,855,17.769357442855835,848,18.333452463150024,848,18.594820261001587,821,18.906511068344116,816,23.154178142547607,787,23.85871696472168,787,28.652373552322388,787,31.416690826416016,784,31.828784227371216,781,33.6005539894104,781,33.86681532859802,781,34.5735604763031,772,34.901602268218994,755,35.25634956359863,743,35.57721281051636,743,35.837480545043945,743,37.47015595436096,738,38.283581018447876,732,39.201117277145386,731,39.58930850028992,731,39.93589973449707,730,40.305991411209106,729,40.64458203315735,723,40.957611083984375,723,41.217174768447876,722,41.55817937850952,722,41.846590995788574,722,46.027650594711304,722,50.18399095535278,717,50.43938612937927,714,51.673044204711914,713,51.95199680328369,713,52.21520280838013,713,52.50257754325867,713,53.29031157493591,713,53.54257082939148,713,53.91820549964905,713,54.23226833343506,713,54.51986002922058,713,54.798986196517944,713,58.96696925163269,713,59.22376370429993,713,59.526134729385376,713,60.09839844703674
45,random_graphs/triangle/r1.5k24n16/graph45.lgbin,2487,58.82831382751465,940,1656,0,1566,0.7410628795623779,1509,1.1970632076263428,1350,1.5687839984893799,1283,2.5059046745300293,1207,5.030233383178711,1137,7.090903043746948,1099,7.430598258972168,1050,7.969621181488037,1050,9.641267538070679,1050,11.76078486442566,1023,12.11054015159607,1018,12.385719537734985,1015,12.656601190567017,978,13.447771072387695,964,13.782683849334717,940,60.24283051490784
46,random_graphs/triangle/r1.5k24n16/graph46.lgbin,2487,50.366148471832275,871,1804,0,1661,4.884036064147949,1525,5.215752124786377,1514,6.994073390960693,1389,8.029725790023804,1259,8.416129112243652,1126,8.964027404785156,1046,10.251968145370483,1030,10.62578797340393,1013,11.244152307510376,1003,11.564579725265503,1003,13.017849683761597,995,13.391106605529785,993,13.704831838607788,953,14.028741836547852,939,14.608781814575195,918,14.932860612869263,918,15.203925609588623,918,15.818536520004272,917,16.111100435256958,917,16.367088317871094,917,16.600610733032227,913,16.950185775756836,913,17.24335789680481,913,18.629907846450806,912,19.08984923362732,912,19.41354465484619,912,19.66886854171753,908,20.021771907806396,908,20.318888664245605,908,20.597204446792603,908,21.98691725730896,908,22.2366464138031,908,22.534659147262573,908,22.792362689971924,907,23.147373914718628,907,23.453190803527832,907,25.078410387039185,907,26.45388102531433,907,26.80826449394226,906,27.09807586669922,906,27.357252836227417,906,27.58499836921692,900,28.237492561340332,900,28.537169218063354,900,29.931329488754272,900,30.17104196548462,900,30.42849636077881,900,30.71806836128235,900,31.028143405914307,899,31.338194370269775,899,32.715601444244385,899,33.01075839996338,899,34.403554916381836,898,34.76110768318176,898,35.0492787361145,898,35.34316539764404,898,36.745227575302124,898,37.003937005996704,898,37.55684471130371,897,37.89753031730652,897,38.20201063156128,891,38.78974986076355,891,39.094950914382935,891,39.3703510761261,891,39.62520933151245,891,39.883424282073975,891,40.149882555007935,891,40.495153188705444,886,40.8222074508667,886,41.08079171180725,886,41.36764073371887,886,41.668413400650024,884,42.19465231895447,884,42.69747710227966,884,44.10177969932556,884,44.655545234680176,884,45.449501752853394,884,45.70977711677551,884,46.00907039642334,871,46.323986768722534,871,47.719398736953735,871,47.98164176940918,871,48.22524833679199,871,48.48239231109619,871,48.73263502120972,871,50.57663869857788,871,50.85299801826477,871,52.2317533493042,871,52.46868634223938,871,52.72781848907471,871,52.98697829246521,871,53.26115703582764,871,53.55167317390442,871,54.112096548080444,871,54.37096333503723,871,54.62270927429199,871,54.87455368041992,871,56.284074544906616,871,56.598023414611816,871,56.87948226928711,871,57.136127948760986,871,57.395012855529785,871,58.794992446899414,871,59.1068217754364,871,59.387582778930664,871,59.62170600891113,871,59.87824749946594,871,60.09164905548096
47,random_graphs/triangle/r1.5k24n16/graph47.lgbin,2487,56.15123200416565,741,1679,0,1534,0.9599800109863281,1374,2.441819667816162,1236,5.184812068939209,1183,8.439380884170532,1119,9.013834238052368,957,12.49643087387085,917,12.842758893966675,916,13.623462438583374,854,14.380842924118042,851,14.775399923324585,836,15.072311639785767,836,15.735209941864014,835,17.934428930282593,815,22.780109882354736,815,25.46978521347046,790,34.72120451927185,789,35.12632894515991,789,35.55164122581482,779,36.3304808139801,768,36.67886686325073,768,38.33368802070618,768,41.298614740371704,768,42.01590824127197,766,42.86489248275757,766,43.1589720249176,764,43.45329713821411,764,44.30885028839111,764,44.566426277160645,764,44.87679195404053,764,45.11864376068115,763,45.70320200920105,758,46.04477119445801,758,46.77375507354736,758,49.68439292907715,755,50.00425672531128,744,50.33541011810303,744,50.635175466537476,744,50.87061834335327,744,51.57919526100159,744,54.5564284324646,743,54.90144968032837,743,55.1734881401062,741,55.45687437057495,741,59.4171576499939,741,59.65110445022583,741,60.10698318481445
48,random_graphs/triangle/r1.5k24n16/graph48.lgbin,2487,59.41631865501404,988,1752,0,1656,0.4989335536956787,1553,0.7934482097625732,1327,9.516972064971924,1186,41.66886353492737,1087,44.95563817024231,1006,59.80949807167053,988,60.0994930267334
49,random_graphs/triangle/r1.5k24n16/graph49.lgbin,2487,50.04339861869812,765,1598,0,1498,0.8374083042144775,1385,1.445624828338623,1228,2.0968801975250244,1104,2.5600223541259766,1052,3.88877272605896,912,4.736436605453491,863,5.045851230621338,863,5.30679178237915,851,5.963091135025024,836,6.526385068893433,836,6.924787282943726,821,7.733775854110718,820,8.292142152786255,820,9.671690464019775,793,10.023036003112793,793,10.302639961242676,793,10.907055139541626,793,11.455719470977783,777,11.790698289871216,775,12.028197526931763,773,12.35628056526184,773,12.618468761444092,769,12.944877862930298,769,14.084974765777588,767,14.572625637054443,767,15.19184947013855,767,15.495784282684326,767,16.073801517486572,767,17.219223260879517,767,17.481754779815674,767,17.718809604644775,767,18.31252694129944,767,18.617977142333984,767,19.766417264938354,767,20.041910886764526,767,20.629462003707886,767,20.868162870407104,765,21.166446447372437,765,21.415427207946777,765,21.730979919433594,765,22.874362230300903,765,23.145368814468384,765,23.768521547317505,765,24.36046600341797,765,24.60849618911743,765,25.749476194381714,765,26.018523454666138,765,26.601011753082275,765,26.915491819381714,765,27.18121337890625,765,27.679722547531128,765,28.80664563179016,765,29.07749080657959,765,29.337939262390137,765,29.60355544090271,765,30.494309186935425,765,30.765146255493164,765,31.904151916503906,765,32.220128297805786,765,32.9664511680603,765,33.54406690597534,765,34.67575478553772,765,34.944719314575195,765,35.181907415390015,765,35.44319796562195,765,36.02577066421509,765,36.29388499259949,765,37.43229079246521,765,37.68191313743591,765,37.98192834854126,765,38.73035192489624,765,39.32486057281494,765,40.45088791847229,765,40.71867036819458,765,40.98342180252075,765,41.75452637672424,765,42.053890228271484,765,42.639721632003784,765,43.7778422832489,765,44.05013060569763,765,44.298396825790405,765,44.55608534812927,765,45.180978298187256,765,45.7587525844574,765,46.00834941864014,765,47.147743225097656,765,47.413840770721436,765,47.67172837257385,765,48.40558862686157,765,49.00886416435242,765,50.0896213054657,765,50.666481256484985,765,50.890475273132324,765,51.943419218063354,765,52.188639879226685,765,52.41307234764099,765,53.47753930091858,765,53.730650663375854,765,54.0268771648407,765,55.079734325408936,765,55.32939076423645,765,55.881492137908936,765,56.13330388069153,765,56.413328886032104,765,57.12353777885437,765,57.35666823387146,765,57.90255808830261,765,58.15250539779663,765,58.44732308387756,765,59.034674882888794,765,59.27153038978577,765,59.810823917388916,765,60.062676668167114
